0 0.274219 0.0420532 0.0246094 0.0202637 0.84082
0 0.282227 0.144409 0.01875 0.0432129 0.797363
0 0.659375 0.158447 0.0125 0.0256348 0.700684
0 0.622656 0.297119 0.0117188 0.0239258 0.640625
0 0.244531 0.0403442 0.0171875 0.0177002 0.563965
0 0.691016 0.258057 0.0140625 0.0292969 0.470703
0 0.660156 0.369385 0.00859375 0.0175781 0.44751
0 0.246289 0.0406494 0.0199219 0.0231934 0.434082
0 0.655078 0.196777 0.009375 0.0227051 0.414795
0 0.338086 0.0149231 0.0207031 0.0187378 0.40918
0 0.635156 0.270264 0.0117188 0.0283203 0.407227
0 0.599219 0.59668 0.0171875 0.0400391 0.354004
0 0.598437 0.592285 0.0140625 0.0332031 0.223999
0 0.635938 0.265381 0.0101562 0.0244141 0.213379
0 0.691797 0.270264 0.015625 0.0390625 0.202393
0 0.676562 0.348145 0.00625 0.0146484 0.167725
0 0.655859 0.195801 0.0125 0.0268555 0.158203
0 0.332812 0.0161743 0.025 0.0247192 0.15564
0 0.597266 0.586426 0.009375 0.0214844 0.141235
0 0.692187 0.280762 0.009375 0.0195312 0.137573
0 0.692969 0.27832 0.0125 0.0258789 0.127686
0 0.623438 0.724121 0.0078125 0.0117188 0.125977
0 0.28457 0.134888 0.0136719 0.0266113 0.11438
0 0.325586 0.018158 0.0105469 0.0144043 0.0878906
0 0.328125 0.0170288 0.0164062 0.0164185 0.0853882
0 0.636328 0.263916 0.00859375 0.0185547 0.0775146
0 0.658984 0.376465 0.0140625 0.0322266 0.0775146
0 0.689844 0.266602 0.015625 0.0322266 0.0758667
0 0.269922 0.0393066 0.0214844 0.0161133 0.0750122
0 0.278906 0.154541 0.0117188 0.0258789 0.0718384
0 0.660937 0.37207 0.0132813 0.0253906 0.0692749
0 0.279297 0.146362 0.0289063 0.0419922 0.0554199
0 0.341602 0.01297 0.0140625 0.0172729 0.0420837
0 0.248633 0.0368042 0.0121094 0.010376 0.0402527
0 0.660937 0.15564 0.0101562 0.0217285 0.0381775
0 0.621484 0.302246 0.0117188 0.0195312 0.0359497
0 0.676562 0.34668 0.0125 0.0224609 0.0358276
0 0.661719 0.369141 0.00859375 0.015625 0.03125
0 0.501562 0.876465 0.0078125 0.0136719 0.0288696
0 0.655078 0.202637 0.009375 0.0200195 0.028656
0 0.242383 0.0449829 0.0148437 0.017334 0.0262604
0 0.622656 0.297852 0.0210938 0.0268555 0.0257568
0 0.695312 0.261475 0.0203125 0.0361328 0.0255127
0 0.624609 0.29248 0.0132813 0.0263672 0.0252228
0 0.476562 0.990234 0.00703125 0.00976562 0.0240479
0 0.659766 0.196045 0.01875 0.0288086 0.0236511
0 0.696094 0.273682 0.0203125 0.0375977 0.023468
0 0.661328 0.365479 0.00859375 0.0112305 0.0225372
0 0.527734 0.54248 0.00625 0.00976562 0.0219421
0 0.244727 0.0371094 0.0222656 0.0241699 0.0219116
0 0.271875 0.0370941 0.025 0.023468 0.0216522
0 0.476562 0.912109 0.00703125 0.00976562 0.0211182
0 0.675 0.351074 0.015625 0.0239258 0.0208893
0 0.691016 0.261719 0.0210938 0.0390625 0.0204926
0 0.635547 0.27124 0.021875 0.0351562 0.0202942
0 0.601562 0.604492 0.0140625 0.0292969 0.0199127
0 0.269336 0.0471802 0.0175781 0.0178223 0.0198669
0 0.657812 0.189209 0.0140625 0.0268555 0.0197144
0 0.24043 0.039856 0.0382813 0.0369873 0.019455
0 0.658984 0.374756 0.0109375 0.0239258 0.0191193
0 0.279102 0.0419312 0.0175781 0.0200195 0.0190582
0 0.245312 0.0447998 0.0175781 0.0195312 0.0189819
0 0.694141 0.251465 0.00859375 0.0136719 0.0188293
0 0.660547 0.159424 0.021875 0.03125 0.0187988
0 0.691797 0.252197 0.0132813 0.0180664 0.0184021
0 0.475391 0.916992 0.0132813 0.0244141 0.0182343
0 0.277344 0.150513 0.015625 0.0358887 0.0173798
0 0.476562 0.914551 0.009375 0.0146484 0.0172424
0 0.325977 0.0174255 0.015625 0.022522 0.016922
0 0.248633 0.0410767 0.0164062 0.0153809 0.0167847
0 0.688672 0.267822 0.0265625 0.0454102 0.0165863
0 0.0338135 1 0.067627 0 0.0164642
0 0.636719 0.27417 0.015625 0.0258789 0.0162811
0 0.626172 0.726562 0.0164062 0.0244141 0.0153046
0 0.658984 0.377197 0.021875 0.0356445 0.0148392
0 0.474609 0.919434 0.0171875 0.0263672 0.0145035
0 0.653516 0.392578 0.00625 0.0136719 0.0130692
0 0.643359 0.743652 0.0078125 0.0136719 0.01297
0 0.247852 0.039856 0.028125 0.0178223 0.0128708
0 0.003479 0.0576172 0.00695801 0.115234 0.0125275
0 0.0501953 0.999023 0.100391 0.00195312 0.0124283
0 0.254687 0.0444183 0.0230469 0.0271301 0.0123825
0 0.676953 0.342773 0.00859375 0.0195312 0.0118713
0 0.286133 0.131836 0.00820312 0.017334 0.0118256
0 0.632812 0.275391 0.0117188 0.0268555 0.0110703
0 0.653125 0.196167 0.025 0.0253906 0.0109482
0 0.598437 0.604492 0.015625 0.0351562 0.0109024
0 0.476953 0.922852 0.0140625 0.0273438 0.0105286
0 0.285742 0.143921 0.0214844 0.0368652 0.0104523
0 0.692969 0.279297 0.0195312 0.0292969 0.00952148
0 0.0616211 0.995117 0.123242 0.00976562 0.00948334
0 0.342383 0.0171509 0.0164062 0.0187988 0.00941467
0 0.623047 0.726562 0.0101562 0.015625 0.00941467
0 0.284961 0.0407257 0.0226563 0.0248718 0.00926971
0 0.95 1 0.1 0 0.00919342
0 0.477344 0.930664 0.0078125 0.0117188 0.00912476
0 0.961328 1 0.0773437 0 0.00912476
0 0.653906 0.161255 0.0226563 0.03125 0.00898743
0 0.347656 0.0192413 0.0226563 0.0258484 0.0088501
0 0.625 0.276855 0.0210938 0.0336914 0.00878143
0 0.0405762 0.994629 0.0811523 0.0107422 0.00878143
0 0.957031 1 0.0859375 0 0.0085144
0 0.00571289 0.0762939 0.0114258 0.152588 0.0085144
0 0.675 0.353271 0.0132813 0.0141602 0.00847626
0 0.339258 0.00976562 0.0171875 0.0161743 0.00831604
0 0.0371094 1 0.0742188 0 0.00828552
0 0.932813 0.998047 0.134375 0.00390625 0.00821686
0 0.619531 0.305176 0.0140625 0.0219727 0.00812531
0 0.0455078 1 0.0910156 0 0.00809479
0 0.610156 0.598633 0.0242187 0.0380859 0.00800323
0 0.599609 0.585449 0.0101562 0.0234375 0.00793457
0 0.605859 0.597168 0.0109375 0.0292969 0.00793457
0 0.434375 0.946777 0.0078125 0.0146484 0.00793457
0 0.471484 0.925293 0.021875 0.0302734 0.00793457
0 0.602734 0.999023 0.135156 0.00195312 0.00784302
0 0.639844 0.998535 0.135156 0.00292969 0.00784302
0 0.69375 0.27124 0.0140625 0.0317383 0.0077858
0 0.502734 0.876465 0.015625 0.0214844 0.00775528
0 0.589453 0.599121 0.028125 0.0419922 0.00769424
0 0.516016 1 0.130469 0 0.00763702
0 0.677344 0.998535 0.136719 0.00292969 0.00757599
0 0.765234 0.999023 0.133594 0.00195312 0.00757599
0 0.000134277 0.0396729 0.000268555 0.0793457 0.00757599
0 0.996094 0.0529785 0.0078125 0.105957 0.00751877
0 0.714844 0.998047 0.1375 0.00390625 0.00746155
0 0.585156 1 0.0921875 0 0.00746155
0 0.101245 0.996094 0.17251 0.0078125 0.00743103
0 0.903125 0.998535 0.15 0.00292969 0.00743103
0 0.828125 1 0.13125 0 0.00734711
0 0.803125 0.999512 0.132812 0.000976562 0.00728989
0 0.961719 0.0115051 0.0765625 0.0230103 0.00725937
0 0.592578 1 0.110937 0 0.00723267
0 0.967578 1 0.0648438 0 0.00717545
0 0.565625 0.999512 0.132812 0.000976562 0.00709534
0 0.656641 0.163818 0.0148437 0.0263672 0.00703812
0 0.698438 0.283447 0.01875 0.027832 0.00703812
0 0.489844 0.986328 0.00703125 0.0117188 0.00695801
0 0.689844 0.282227 0.0164062 0.03125 0.0069046
0 0.34668 0.0126953 0.0222656 0.0253906 0.0068779
0 0.058252 0.998535 0.116504 0.00292969 0.0068779
0 0.638281 0.997559 0.0984375 0.00488281 0.00674438
0 0.614844 0.301758 0.021875 0.0297852 0.00669098
0 0.655859 0.376465 0.0140625 0.0239258 0.00666809
0 0.657031 0.370605 0.0148437 0.0209961 0.00664139
0 0.653906 0.386475 0.009375 0.0205078 0.00664139
0 0.937109 1 0.125781 0 0.00658798
0 0.389746 0.999023 0.137695 0.00195312 0.00658798
0 0.651172 0.383301 0.0242187 0.0380859 0.00658798
0 0.997266 0.960205 0.00546875 0.0795898 0.00658798
0 0.751367 0.998047 0.0972656 0.00390625 0.00658798
0 0.283398 0.129639 0.0195312 0.0290527 0.00656509
0 0.0664062 1 0.132812 0 0.00653839
0 0.617188 1 0.114063 0 0.00653839
0 0.609375 1 0.09375 0 0.00653839
0 0.742969 1 0.109375 0 0.00651169
0 0.339648 0.998535 0.141797 0.00292969 0.00651169
0 0.228467 0.999023 0.144629 0.00195312 0.0064888
0 0.415234 1 0.133594 0 0.0064888
0 0.601172 0.997559 0.0976562 0.00488281 0.0064888
0 0.567578 1 0.108594 0 0.00643921
0 0.776563 0.998047 0.0953125 0.00390625 0.00643921
0 0.642187 1 0.1125 0 0.00638962
0 0.779883 1 0.110547 0 0.00638962
0 0.258203 0.366699 0.0289063 0.050293 0.00638962
0 0.712891 0.99707 0.0984375 0.00585938 0.00638962
0 0.598437 0.605469 0.0265625 0.0371094 0.00634003
0 0.946875 1 0.10625 0 0.00631332
0 0.253906 0.0445557 0.0359375 0.0249023 0.00629044
0 0.804688 1 0.110937 0 0.00629044
0 0.675 0.343262 0.0195312 0.0327148 0.00629044
0 0.675781 0.99707 0.0992187 0.00585938 0.00629044
0 0.667188 1 0.113281 0 0.00626373
0 0.641406 0.864258 0.0179687 0.0273438 0.00626373
0 0.74707 1 0.0917969 0 0.00626373
0 0.595703 0.595703 0.0179687 0.0332031 0.00619125
0 0.325781 0.0177307 0.0238281 0.0215454 0.00619125
0 0.830469 1 0.109375 0 0.00619125
0 0.440625 1 0.126563 0 0.00619125
0 0.531641 0.557617 0.01875 0.0244141 0.00619125
0 0.951172 0.998535 0.0976562 0.00292969 0.00616837
0 0.785352 1 0.0933594 0 0.00614548
0 0.835156 1 0.0953125 0 0.00609589
0 0.576953 0.998047 0.0960938 0.00390625 0.006073
0 0.801562 0.998047 0.0953125 0.00390625 0.006073
0 0.656641 0.387939 0.0140625 0.0263672 0.00605011
0 0.0012207 0.935547 0.00244141 0.128906 0.00605011
0 0.00461426 0.946533 0.00922852 0.106934 0.00605011
0 0.289844 0.998047 0.148438 0.00390625 0.00600433
0 0.692187 1 0.115625 0 0.00598145
0 0.542578 1 0.105469 0 0.00595856
0 0.809375 1 0.09375 0 0.00595856
0 0.526953 0.998535 0.096875 0.00292969 0.00595856
0 0.634375 1 0.09375 0 0.00593567
0 0.861719 0.0397186 0.0140625 0.0660706 0.00588989
0 0.329492 1 0.118359 0 0.005867
0 0.596484 0.0123291 0.108594 0.0246582 0.00582123
0 0.0026001 0.959717 0.0052002 0.0805664 0.00582123
0 0.204102 1 0.142188 0 0.00579834
0 0.547266 1 0.0890625 0 0.00568771
0 0.671875 1 0.0921875 0 0.00568771
0 0.205469 0.840332 0.0304688 0.256836 0.00564194
0 0.827344 0.998535 0.0953125 0.00292969 0.00564194
0 0.426953 0.999512 0.0945313 0.000976562 0.00559998
0 0.944531 0.0377808 0.0875 0.069458 0.0055542
0 0.551953 0.998047 0.0953125 0.00390625 0.0055542
0 0.674609 0.352295 0.0234375 0.0244141 0.00553513
0 0.237109 0.0413208 0.0601562 0.0223389 0.00551224
0 0.677344 0.346436 0.0195312 0.0205078 0.00551224
0 0.282617 0.138428 0.0160156 0.0302734 0.00548935
0 0.442578 1 0.100781 0 0.00547028
0 0.687109 0.251953 0.0210938 0.0317383 0.00542831
0 0.388379 0.998047 0.0990234 0.00390625 0.00542831
0 0.716797 1 0.116406 0 0.00538635
0 0.865625 1 0.15 0 0.0053215
0 0.917188 0.3479 0.03125 0.03125 0.00530243
0 0.696484 1 0.0929687 0 0.00530243
0 0.662109 0.164551 0.0140625 0.020752 0.00527954
0 0.292188 1 0.122266 0 0.00527954
0 0.607813 0.651855 0.00625 0.0107422 0.00526047
0 0.653125 0.15979 0.034375 0.0288086 0.00526047
0 0.664062 0.176392 0.0171875 0.0270996 0.00521851
0 0.276563 0.153564 0.0214844 0.0378418 0.00518036
0 0.534375 0.56543 0.0125 0.015625 0.0051384
0 0.650781 0.19751 0.0125 0.0212402 0.00508118
0 0.333594 1 0.0960938 0 0.00508118
0 0.277344 0.139038 0.0402344 0.0432129 0.0050621
0 0.417578 1 0.111719 0 0.00503922
0 0.996094 0.948486 0.0078125 0.103027 0.00503922
0 0.379687 1 0.11875 0 0.00502014
0 0.363086 0.997559 0.100391 0.00488281 0.00502014
0 0.279492 0.0379486 0.0132813 0.014679 0.00500107
0 0.571094 0.0132141 0.111719 0.0264282 0.00498199
0 0.446875 1 0.0867188 0 0.00498199
0 0.337988 0.996582 0.0998047 0.00683594 0.00494385
0 0.255078 1 0.125 0 0.00484848
0 0.35459 1 0.121289 0 0.00482941
0 0.0573242 0.00149536 9.76563e-05 0.00299072 0.00482941
0 0.517187 1 0.109375 0 0.00481033
0 0.0242432 1 0.0484863 0 0.00481033
0 0.621094 0.0119019 0.10625 0.0238037 0.00479126
0 0.329492 0.541992 0.0316406 0.0537109 0.00475693
0 0.925781 0.995117 0.104687 0.00976562 0.00475693
0 0.986719 0.355347 0.0265625 0.607666 0.00475693
0 0.684375 0.315918 0.009375 0.0175781 0.00473785
0 0.535156 0.567383 0.01875 0.0244141 0.00473785
0 0.622266 0.717285 0.0171875 0.0273438 0.00471878
0 0.632031 0.740234 0.025 0.0292969 0.00469971
0 0.239453 0.119263 0.00703125 0.0126953 0.00468063
0 0.625781 0.304932 0.0140625 0.0185547 0.00468063
0 0.330664 0.55127 0.0308594 0.0478516 0.00468063
0 0.0542969 0.988281 0.108594 0.0234375 0.00466537
0 0.229687 0.130981 0.0289063 0.036377 0.0046463
0 0.289062 0.155396 0.0195312 0.0334473 0.0046463
0 0.851562 0.997559 0.09375 0.00488281 0.00462723
0 0.466406 1 0.127344 0 0.00457382
0 0.262695 0.366455 0.0222656 0.0400391 0.00457382
0 0.688281 0.275879 0.0148437 0.03125 0.00455475
0 0.527734 0.539062 0.015625 0.0253906 0.00455475
0 0.721484 1 0.0921875 0 0.00455475
0 0.152417 1 0.161182 0 0.00452042
0 0.633203 0.280273 0.0101562 0.019043 0.00450516
0 0.588672 0.598633 0.0445312 0.0371094 0.00450516
0 0.00722656 0.924072 0.0144531 0.151855 0.00450516
0 0.230273 1 0.122266 0 0.00448608
0 0.23457 1 0.0988281 0 0.00446701
0 0.296484 1 0.0996094 0 0.00446701
0 0.252148 0.0345612 0.0269531 0.0258484 0.00445175
0 0.917969 0.68457 0.0203125 0.0292969 0.00443268
0 0.650391 0.154907 0.0265625 0.0336914 0.00443268
0 0.0229004 1 0.0458008 0 0.00441742
0 0.996094 0.0739746 0.0078125 0.147949 0.00438309
0 0.64375 0.740723 0.0164062 0.0273438 0.00438309
0 0.353906 0.837158 0.707812 0.325684 0.00436401
0 0.275977 0.154053 0.0347656 0.0405273 0.00434875
0 0.491016 1 0.0976562 0 0.00429916
0 0.901563 0.996582 0.10625 0.00683594 0.00429916
0 0.916406 1 0.145313 0 0.00426483
0 0.333594 0.00912476 0.0304688 0.0182495 0.00426483
0 0.650781 0.202148 0.01875 0.032959 0.00426483
0 0.495703 0.879395 0.0234375 0.0244141 0.00426483
0 0.690625 0.289307 0.0109375 0.0175781 0.00424957
0 0.04375 0.00515747 0.0875 0.0103149 0.0042305
0 0.651563 0.372559 0.0265625 0.0336914 0.0042305
0 0.614062 0.294434 0.0226563 0.0307617 0.00419998
0 0.854688 1 0.123438 0 0.00418091
0 0.625781 0.287598 0.0109375 0.0170898 0.00416565
0 0.653516 0.193359 0.0125 0.0236816 0.00416565
0 0.634375 0.264404 0.015625 0.0258789 0.00413513
0 0.495703 0.873047 0.0234375 0.0283203 0.00408554
0 0.596484 0.581543 0.0179687 0.0283203 0.00407028
0 0.0857422 0.989258 0.117969 0.0214844 0.00407028
0 0.645703 0.0109253 0.102344 0.0218506 0.00405502
0 0.663672 0.205078 0.021875 0.0317383 0.00403976
0 0.539453 0.568848 0.0234375 0.0302734 0.00403976
0 0.659766 0.151245 0.0117188 0.0183105 0.00400543
0 0.546484 0.013855 0.113281 0.02771 0.00397491
0 0.521094 0.0140076 0.107813 0.0280151 0.0039444
0 0.921875 1 0.110937 0 0.0039444
0 0.259375 1 0.101953 0 0.00392914
0 0.330078 0.0877075 0.660156 0.175415 0.00392914
