0 0.376172 0.87793 0.0757812 0.0654297 0.880371
0 0.342773 0.457275 0.0195312 0.0327148 0.780762
0 0.778125 0.0230103 0.065625 0.0460205 0.755859
0 0.422656 0.347168 0.0148437 0.0195312 0.737305
0 0.963672 0.0424194 0.0726563 0.0848389 0.575684
0 0.529688 0.0264282 0.0335938 0.0528564 0.511719
0 0.557031 0.0315552 0.0460938 0.0582275 0.346924
0 0.457422 0.123535 0.0382813 0.0209961 0.321777
0 0.526563 0.459839 0.028125 0.0246582 0.299805
0 0.155371 0.989258 0.00996094 0.0136719 0.201782
0 0.211328 0.0192261 0.0289063 0.0378418 0.197388
0 0.667188 0.470581 0.0164062 0.0402832 0.186523
0 0.212695 0.826172 0.009375 0.0107422 0.171021
0 0.907031 0.0119629 0.0375 0.0239258 0.168335
0 0.809375 0.896973 0.0078125 0.0107422 0.157104
0 0.419922 0.968506 0.0109375 0.012207 0.150024
0 0.339844 0.459961 0.0179687 0.0341797 0.148071
0 0.494141 0.0300293 0.0507812 0.0600586 0.147583
0 0.385547 0.0446777 0.10625 0.0893555 0.141724
0 0.665625 0.464355 0.015625 0.0273438 0.138428
0 0.742578 0.908691 0.0078125 0.0078125 0.13208
0 0.0693848 0.0122986 0.0102539 0.0194702 0.131226
0 0.995313 0.19873 0.0078125 0.0297852 0.122498
0 0.129297 0.0116119 0.0126953 0.0232239 0.122498
0 0.871094 0.188354 0.101562 0.0983887 0.121704
0 0.796875 0.87207 0.0078125 0.00878906 0.106689
0 0.528125 0.329102 0.00703125 0.0200195 0.10376
0 0.20957 0.013916 0.0242187 0.0263062 0.10376
0 0.128027 0.00689697 0.00878906 0.0137939 0.103394
0 0.211523 0.827637 0.0125 0.0117188 0.100525
0 0.8125 0.213867 0.0234375 0.0366211 0.0974121
0 0.126367 0.0119019 0.0171875 0.0238037 0.0957031
0 0.995313 0.194458 0.00625 0.020752 0.0927124
0 0.553906 0.882324 0.00859375 0.0107422 0.0888062
0 0.298633 0.501953 0.0160156 0.0351562 0.088501
0 0.994922 0.200195 0.0101562 0.034668 0.0863037
0 0.305859 0.773926 0.0164062 0.015625 0.0856934
0 0.595312 0.365723 0.0273438 0.0634766 0.083313
0 0.789062 0.0164185 0.04375 0.0328369 0.0803833
0 0.613672 0.225281 0.0679687 0.115845 0.0803833
0 0.815625 0.369629 0.00625 0.0175781 0.0734253
0 0.529688 0.330322 0.0117188 0.027832 0.0726318
0 0.89375 0.179443 0.0640625 0.0810547 0.0715942
0 0.307617 0.773926 0.0175781 0.0117188 0.0705566
0 0.994531 0.204834 0.0078125 0.0266113 0.0685425
0 0.84375 0.024292 0.0640625 0.048584 0.0673218
0 0.295898 0.505859 0.0171875 0.0332031 0.0668335
0 0.214844 0.0150146 0.0195312 0.0279541 0.0653687
0 0.517578 0.237854 0.0359375 0.067749 0.0623169
0 0.0695312 0.0145264 0.00830078 0.0172729 0.0605164
0 0.192969 0.00796509 0.0101562 0.0131836 0.0596619
0 0.600781 0.365479 0.0179687 0.0546875 0.0592041
0 0.228125 0.41626 0.0117188 0.0112305 0.0572815
0 0.458984 0.123291 0.0359375 0.013916 0.0539856
0 0.540625 0.337158 0.00859375 0.0200195 0.0539856
0 0.658594 0.47229 0.0164062 0.026123 0.0538025
0 0.669531 0.472168 0.0109375 0.0322266 0.0538025
0 0.947656 0.394775 0.009375 0.03125 0.0524292
0 0.925 0.126709 0.0109375 0.0109863 0.0510864
0 0.452344 0.70166 0.00859375 0.0107422 0.0510864
0 0.0537598 0.0123901 0.0135742 0.0202637 0.0492249
0 0.423828 0.344482 0.0148437 0.0166016 0.0490417
0 0.635938 0.488159 0.021875 0.0402832 0.0488586
0 0.53125 0.864258 0.0101562 0.00976562 0.0484924
0 0.732813 0.0101318 0.0320312 0.0202637 0.0484924
0 0.9 0.177734 0.046875 0.064209 0.0481262
0 0.945312 0.400146 0.0078125 0.0263672 0.0472412
0 0.192969 0.0104675 0.0140625 0.0209351 0.0456848
0 0.371387 0.523438 0.0103516 0.00976562 0.0448608
0 0.194922 0.00845337 0.00820312 0.0144043 0.0440063
0 0.634375 0.47644 0.0257812 0.0617676 0.0437012
0 0.495703 0.0124512 0.0335938 0.0249023 0.0433655
0 0.762109 0.0237732 0.0851562 0.0475464 0.0433655
0 0.66875 0.478516 0.0109375 0.0273438 0.0414734
0 0.131055 0.0122375 0.0078125 0.0217285 0.0406799
0 0.66875 0.466187 0.0148437 0.0275879 0.0406799
0 0.601172 0.471802 0.0195312 0.0681152 0.0405273
0 0.591016 0.424805 0.028125 0.0732422 0.0399475
0 0.526563 0.0296936 0.0507812 0.0593872 0.0391846
0 0.0354492 0.00741577 0.0167969 0.0148315 0.0383301
0 0.363281 0.873047 0.0507812 0.0585938 0.0379639
0 0.527344 0.324951 0.00625 0.0214844 0.0377502
0 0.295703 0.51123 0.0105469 0.015625 0.0377502
0 0.927344 0.401123 0.0078125 0.0200195 0.0366211
0 0.540234 0.333496 0.0148437 0.0297852 0.0362854
0 0.914062 0.0538788 0.0578125 0.0550842 0.0351562
0 0.540625 0.331787 0.00859375 0.0234375 0.0346069
0 0.671875 0.473145 0.0226563 0.0419922 0.0343018
0 0.0834961 0.0109406 0.0236328 0.0218811 0.0331421
0 0.524219 0.455322 0.0289063 0.0170898 0.032959
0 0.0568359 0.0116577 0.0146484 0.0195312 0.0328369
0 0.343164 0.463013 0.025 0.0368652 0.0325317
0 0.256641 0.0530396 0.0140625 0.0360107 0.0323486
0 0.451953 0.702148 0.0140625 0.00976562 0.0318604
0 0.901563 0.405762 0.0078125 0.00927734 0.03125
0 0.995703 0.203674 0.00859375 0.0394287 0.0312042
0 0.926562 0.127075 0.015625 0.0126953 0.0309143
0 0.667969 0.470703 0.0242187 0.0439453 0.0305023
0 0.210938 0.827637 0.0164062 0.0175781 0.0301056
0 0.210352 0.465698 0.0109375 0.0197754 0.0299835
0 0.299805 0.496582 0.0109375 0.0244141 0.0299835
0 0.209766 0.464478 0.0160156 0.0310059 0.0299225
0 0.53125 0.457275 0.0210938 0.0185547 0.0297546
0 0.422656 0.34668 0.021875 0.0224609 0.0294189
0 0.0924805 0.0102234 0.0279297 0.0204468 0.0291443
0 0.767578 0.408691 0.0195312 0.0488281 0.0287628
0 0.773242 0.399658 0.0128906 0.0400391 0.0282135
0 0.00651855 0.836914 0.0097168 0.0117188 0.0278015
0 0.592578 0.418701 0.0226563 0.0498047 0.0278015
0 0.173047 0.0650024 0.0078125 0.0109863 0.0273743
0 0.850781 0.722168 0.0078125 0.00976562 0.0271759
0 0.897656 0.0118561 0.034375 0.0237122 0.0271759
0 0.770898 0.0185852 0.0597656 0.0371704 0.0269165
0 0.676172 0.382324 0.015625 0.0483398 0.0268097
0 0.873438 0.933105 0.0078125 0.0078125 0.0267639
0 0.104883 0.0128021 0.0480469 0.0256042 0.0267029
0 0.953125 0.298584 0.084375 0.125488 0.0266571
0 0.208594 0.469849 0.00898437 0.0153809 0.0265503
0 0.717188 0.457886 0.0148437 0.0393066 0.0263062
0 0.913281 0.23053 0.0546875 0.102905 0.0261078
0 0.769727 0.402344 0.0167969 0.0507812 0.0256653
0 0.131641 0.0160522 0.00625 0.0150146 0.0254669
0 0.182373 0.0116425 0.0200195 0.0232849 0.0253754
0 0.638281 0.493652 0.0171875 0.0292969 0.0252686
0 0.810938 0.897949 0.015625 0.0195312 0.0249939
0 0.445703 0.0389404 0.0867188 0.0778809 0.0248871
0 0.742188 0.0123596 0.03125 0.0247192 0.0243835
0 0.230078 0.413818 0.0203125 0.0200195 0.0243378
0 0.055127 0.012207 0.0208008 0.0244141 0.0241394
0 0.58125 0.430908 0.0304688 0.0893555 0.0240021
0 0.719531 0.463867 0.009375 0.0253906 0.0236969
0 0.246484 0.0531006 0.0289063 0.0390625 0.0236511
0 0.546094 0.0310669 0.0523437 0.0601807 0.0235596
0 0.401172 0.869629 0.0289063 0.0380859 0.0234222
0 0.976953 0.0460358 0.0460938 0.0866394 0.0233765
0 0.484766 0.0336914 0.0703125 0.0673828 0.0233307
0 0.7 0.2854 0.0507812 0.117188 0.0232849
0 0.137402 0.0128021 0.0214844 0.0256042 0.0232391
0 0.995313 0.198608 0.009375 0.0390625 0.0231934
0 0.823438 0.837402 0.0125 0.0117188 0.0231476
0 0.744141 0.0213623 0.0367187 0.0427246 0.0228424
0 0.0702148 0.0123291 0.0185547 0.0246582 0.0222473
0 0.0525391 0.0163879 0.0164062 0.0205078 0.02211
0 0.528125 0.46521 0.0257812 0.0305176 0.0219116
0 0.208203 0.469238 0.0148437 0.0253906 0.0215302
0 0.172949 0.781738 0.0126953 0.0117188 0.0213623
0 0.582812 0.363037 0.0523437 0.0712891 0.0210419
0 0.664453 0.291992 0.05 0.11084 0.0208435
0 0.885156 0.332764 0.0171875 0.0327148 0.0207214
0 0.669141 0.460327 0.015625 0.0227051 0.0207214
0 0.662109 0.467773 0.0140625 0.0234375 0.0207214
0 0.658594 0.47937 0.0117188 0.0256348 0.0207214
0 0.0417969 0.0102692 0.0246094 0.0205383 0.0206909
0 0.283203 0.415283 0.0140625 0.0180664 0.0206451
0 0.814062 0.21875 0.028125 0.0493164 0.0204468
0 0.398828 0.879883 0.0335938 0.0507812 0.0204163
0 0.533984 0.459351 0.0179687 0.0275879 0.0203705
0 0.676562 0.393311 0.0164062 0.0595703 0.0201721
0 0.240234 0.40332 0.0113281 0.0126953 0.0195618
0 0.725781 0.432373 0.00703125 0.0234375 0.0195618
0 0.419531 0.967773 0.0140625 0.0214844 0.0194244
0 0.482031 0.898438 0.0117188 0.0107422 0.0193481
0 0.8875 0.338623 0.021875 0.0507812 0.0193481
0 0.735937 0.0209351 0.0359375 0.0418701 0.0192719
0 0.386719 0.873535 0.0695312 0.0556641 0.0192413
0 0.658594 0.491211 0.009375 0.0166016 0.0191956
0 0.654688 0.474121 0.0125 0.0214844 0.0190582
0 0.728906 0.317627 0.034375 0.0551758 0.0190125
0 0.583594 0.418457 0.0296875 0.0571289 0.0186462
0 0.307227 0.775391 0.0203125 0.0195312 0.0186462
0 0.528125 0.325439 0.0109375 0.0327148 0.0186157
0 0.942969 0.408203 0.0078125 0.0185547 0.0184784
0 0.553906 0.882812 0.0148437 0.0195312 0.0184784
0 0.813281 0.394775 0.00625 0.0131836 0.0181885
0 0.760938 0.0148468 0.0375 0.0296936 0.0181274
0 0.0889648 0.00985718 0.0107422 0.0135498 0.0179901
0 0.715625 0.454834 0.0125 0.0268555 0.0179901
0 0.849219 0.191284 0.0546875 0.0822754 0.0179901
0 0.947656 0.39624 0.0140625 0.0366211 0.0179901
0 0.345313 0.447998 0.0136719 0.0195312 0.0179138
0 0.0838867 0.0648804 0.00644531 0.00976562 0.0177155
0 0.720703 0.455688 0.0101562 0.0270996 0.0177155
0 0.945312 0.402588 0.0109375 0.0273438 0.0171051
0 0.800781 0.0109863 0.0203125 0.0219727 0.0170441
0 0.257227 0.0504761 0.0078125 0.0294189 0.0168457
0 0.724219 0.44165 0.00859375 0.0249023 0.0168457
0 0.755078 0.42334 0.0179687 0.0371094 0.0168457
0 0.834375 0.0219421 0.0484375 0.0438843 0.0167847
0 0.723047 0.00611877 0.0171875 0.0122375 0.0166626
0 0.194141 0.0142212 0.0195312 0.0284424 0.0165253
0 0.792969 0.120117 0.0125 0.0119629 0.0164642
0 0.28125 0.416504 0.01875 0.0273438 0.0162811
0 0.602344 0.494141 0.0117188 0.0283203 0.0161591
0 0.903125 0.362549 0.0390625 0.0859375 0.0161591
0 0.535937 0.0289612 0.053125 0.0579224 0.0160217
0 0.594141 0.417969 0.0171875 0.0375977 0.0159607
0 0.927344 0.397949 0.0140625 0.0341797 0.0157776
0 0.102637 0.656738 0.00703125 0.00878906 0.0156708
0 0.5625 0.0270386 0.0351562 0.045166 0.0154877
0 0.995313 0.210266 0.00625 0.0174561 0.0153656
0 0.376172 0.869141 0.0640625 0.0488281 0.0153656
0 0.299805 0.502441 0.0125 0.0244141 0.0151901
0 0.0950195 0.156006 0.0830078 0.117676 0.0151901
0 0.89375 0.354492 0.0359375 0.0966797 0.0151901
0 0.721875 0.449219 0.009375 0.0263672 0.0150146
0 0.630469 0.800781 0.0164062 0.0117188 0.0150146
0 0.319922 0.0512238 0.0625 0.0948181 0.0149536
0 0.742188 0.909668 0.0148437 0.0185547 0.0149002
0 0.985547 0.0408325 0.0289063 0.081665 0.0148392
0 0.213086 0.0250854 0.0222656 0.038208 0.0146713
0 0.125195 0.0102081 0.0261719 0.0204163 0.0146179
0 0.00388184 0.0266113 0.00756836 0.026001 0.0145569
0 0.921094 0.269043 0.0109375 0.0263672 0.0145569
0 0.210352 0.0284119 0.0332031 0.0546265 0.0145035
0 0.238672 0.406738 0.021875 0.0239258 0.0145035
0 0.725 0.439697 0.00703125 0.019043 0.0144501
0 0.526563 0.330078 0.0148437 0.0292969 0.0142822
0 0.95 0.393311 0.0171875 0.0463867 0.0141754
0 0.255469 0.663574 0.0167969 0.0302734 0.0141754
0 0.452734 0.126831 0.0382813 0.0239258 0.0141144
0 0.86875 0.0119019 0.0296875 0.0238037 0.014061
0 0.293555 0.513184 0.0078125 0.0117188 0.0139542
0 0.923437 0.397461 0.0171875 0.0327148 0.0139542
0 0.675391 0.378662 0.0117188 0.0297852 0.0139008
0 0.711719 0.457397 0.0195312 0.0383301 0.0138474
0 0.978906 0.0349121 0.0421875 0.0698242 0.0137405
0 0.815625 0.393555 0.0125 0.0239258 0.0137405
0 0.602734 0.477417 0.0164062 0.052002 0.013588
0 0.308008 0.0457458 0.090625 0.0914917 0.013588
0 0.811719 0.897461 0.0109375 0.0117188 0.0135345
0 0.513672 0.77832 0.00546875 0.0107422 0.0134811
0 0.0681152 0.0162354 0.012207 0.0209351 0.0133286
0 0.569922 0.0240479 0.0234375 0.0395508 0.0133286
0 0.416016 0.348877 0.0226563 0.0263672 0.0133286
0 0.907031 0.0150757 0.028125 0.0251465 0.0132751
0 0.666797 0.483887 0.0164062 0.0322266 0.0132751
0 0.0570068 0.131592 0.0891113 0.132812 0.0132217
0 0.657812 0.476074 0.021875 0.0419922 0.0132217
0 0.0359009 0.00946045 0.0256592 0.0189209 0.0131226
0 0.917969 0.284424 0.0203125 0.0605469 0.0131226
0 0.716797 0.448242 0.015625 0.0449219 0.0131226
0 0.212305 0.469727 0.0175781 0.0292969 0.0131226
0 0.896094 0.400879 0.0203125 0.0249023 0.0130692
0 0.131348 0.00732422 0.00878906 0.0146484 0.01297
0 0.807031 0.393311 0.01875 0.0239258 0.01297
0 0.932031 0.405518 0.015625 0.0253906 0.01297
0 0.461328 0.86377 0.00703125 0.0078125 0.0129242
0 0.817187 0.381104 0.0140625 0.0268555 0.012825
0 0.531641 0.865234 0.0164062 0.0205078 0.012825
0 0.874219 0.933105 0.0171875 0.0185547 0.012825
0 0.751172 0.431152 0.0078125 0.019043 0.0127716
0 0.257031 0.65918 0.0125 0.0253906 0.0127716
0 0.926562 0.127075 0.0171875 0.0219727 0.0126266
0 0.9125 0.0105286 0.025 0.0210571 0.0125275
0 0.55625 0.286621 0.05625 0.117188 0.0125275
0 0.728125 0.425537 0.015625 0.0419922 0.0125275
0 0.392578 0.889648 0.0382813 0.0478516 0.0125275
0 0.482422 0.898438 0.0179687 0.0205078 0.0123367
0 0.719141 0.468872 0.00625 0.0163574 0.012146
0 0.920313 0.273193 0.01875 0.046875 0.012146
0 0.644531 0.36377 0.0242187 0.059082 0.0120544
0 0.2125 0.82666 0.0277344 0.0263672 0.0120544
0 0.489062 0.224854 0.0109375 0.0205078 0.0120087
0 0.0354004 0.00799561 0.0138672 0.0159912 0.0118713
0 0.796875 0.873535 0.0109375 0.0136719 0.0118713
0 0.5375 0.464233 0.00625 0.0119629 0.0118256
0 0.884375 0.327881 0.015625 0.0239258 0.0117798
0 0.928906 0.406982 0.0078125 0.0166016 0.0116425
0 0.565625 0.0182495 0.03125 0.03479 0.0115967
0 0.877344 0.00538635 0.0109375 0.0107727 0.0115051
0 0.992188 0.201965 0.015625 0.0360107 0.0115051
0 0.933594 0.0186462 0.009375 0.0154419 0.0113754
0 0.798437 0.0186768 0.0234375 0.0373535 0.0113297
0 0.104687 0.653809 0.015625 0.0214844 0.0113297
0 0.803906 0.00727844 0.0140625 0.0145569 0.0112915
0 0.791602 0.0300903 0.0386719 0.0344238 0.0111618
0 0.348633 0.876953 0.0207031 0.0527344 0.0111618
0 0.0868164 0.0110474 0.0126953 0.0145874 0.0110703
0 0.6 0.414551 0.0179687 0.0483398 0.0110703
0 0.603906 0.486328 0.0140625 0.0429688 0.0110703
0 0.816406 0.365967 0.00625 0.0175781 0.0110321
0 0.771289 0.4021 0.0105469 0.0322266 0.0110321
0 0.142285 0.016861 0.0234375 0.0287781 0.0110321
0 0.679688 0.369385 0.0257812 0.0566406 0.0110321
0 0.773828 0.40918 0.0148437 0.043457 0.0110321
0 0.861719 0.227783 0.009375 0.0141602 0.0109482
0 0.948438 0.387939 0.0125 0.0336914 0.0108566
0 0.346289 0.718262 0.00976562 0.00976562 0.0108566
0 0.723437 0.459106 0.015625 0.0378418 0.0105667
0 0.372168 0.522949 0.0166016 0.0205078 0.0104523
0 0.450391 0.122314 0.025 0.010498 0.0103683
0 0.915625 0.173218 0.01875 0.0390625 0.0103683
0 0.989062 0.199341 0.01875 0.0354004 0.0103683
0 0.555078 0.880859 0.0078125 0.00878906 0.0102921
0 0.257617 0.0552979 0.0101562 0.0280762 0.0102463
0 0.902344 0.406738 0.0171875 0.019043 0.0102463
0 0.550781 0.882812 0.0195312 0.0224609 0.0102463
0 0.12998 0.011734 0.0189453 0.023468 0.0102081
0 0.80625 0.00585938 0.009375 0.0117188 0.01017
0 0.634766 0.497559 0.0203125 0.0263672 0.01017
