0 0.240039 0.3479 0.0550781 0.0996094 0.902344
0 0.661719 0.510254 0.0976562 0.105469 0.836914
0 0.449609 0.175537 0.0335938 0.0703125 0.834961
0 0.132324 0.907227 0.0242187 0.0351562 0.434082
0 0.421875 0.187866 0.0226563 0.0529785 0.299072
0 0.88125 0.989258 0.0171875 0.0175781 0.223999
0 0.270703 0.570312 0.0289063 0.0253906 0.112
0 0.629687 0.266846 0.009375 0.0117188 0.0907593
0 0.0615234 0.70166 0.0162109 0.0322266 0.0869141
0 0.997266 0.81543 0.00546875 0.0107422 0.0778198
0 0.701953 0.525391 0.0179687 0.0429688 0.0700684
0 0.453125 0.183228 0.03125 0.0629883 0.0596619
0 0.136035 0.909668 0.0214844 0.0302734 0.0524292
0 0.138672 0.588867 0.0109375 0.015625 0.0509033
0 0.807031 0.492676 0.021875 0.0205078 0.049408
0 0.062793 0.995117 0.0154297 0.00976562 0.0387573
0 0.88125 0.98877 0.0203125 0.0224609 0.0387573
0 0.459766 0.498535 0.015625 0.0146484 0.0362244
0 0.457812 0.177124 0.03125 0.0668945 0.0358276
0 0.385547 0.445801 0.0242187 0.0209961 0.0354004
0 0.161816 0.421631 0.009375 0.0078125 0.0352783
0 0.124219 0.277832 0.00996094 0.00732422 0.0351562
0 0.153223 0.478027 0.00722656 0.0107422 0.0344849
0 0.977344 0.972656 0.0453125 0.046875 0.0319214
0 0.243359 0.336182 0.0460938 0.0698242 0.0299835
0 0.0194458 0.961182 0.0337646 0.0737305 0.0280151
0 0.387891 0.634766 0.00703125 0.00878906 0.0273743
0 0.425781 0.184937 0.0257812 0.0637207 0.0248871
0 0.735156 0.504883 0.00859375 0.00683594 0.0246124
0 0.594531 0.408447 0.0148437 0.0117188 0.0235138
0 0.180469 0.430908 0.0078125 0.00927734 0.0233307
0 0.0439941 0.0692139 0.0100586 0.00817871 0.0231476
0 0.7625 0.90332 0.0109375 0.0175781 0.0228882
0 0.293164 0.728027 0.0078125 0.0107422 0.0227966
0 0.805469 0.494141 0.0140625 0.0117188 0.0227203
0 0.801562 0.492676 0.025 0.0214844 0.022583
0 0.273633 0.567383 0.0257812 0.0166016 0.021286
0 0.384473 0.447021 0.0201172 0.0146484 0.0202484
0 0.969531 0.969971 0.0609375 0.0600586 0.0197906
0 0.664844 0.504395 0.0671875 0.0878906 0.0195007
0 0.639844 0.990723 0.015625 0.0185547 0.0195007
0 0.0994141 0.368652 0.0101562 0.00927734 0.0194244
0 0.129102 0.908203 0.0314453 0.046875 0.0188293
0 0.253711 0.358887 0.0339844 0.0786133 0.0187225
0 0.407813 0.5625 0.0117188 0.0126953 0.0184021
0 0.237891 0.974854 0.0105469 0.019043 0.0181885
0 0.298242 0.00640869 0.0078125 0.00671387 0.0179138
0 0.139746 0.592773 0.0173828 0.0283203 0.0177155
0 0.386719 0.634277 0.0101562 0.0126953 0.0175171
0 0.995313 0.791504 0.0078125 0.0117188 0.0174408
0 0.25918 0.384766 0.00898437 0.0166016 0.0170441
0 0.639844 0.993164 0.0140625 0.0136719 0.0165253
0 0.592969 0.407471 0.0109375 0.00927734 0.0160217
0 0.447266 0.184265 0.0507812 0.072876 0.0156708
0 0.182227 0.453613 0.00742187 0.012207 0.0151291
0 0.235938 0.330566 0.0460938 0.0717773 0.0150757
0 0.751562 0.875488 0.00703125 0.0126953 0.0150146
0 0.491406 0.822754 0.00859375 0.0205078 0.0149536
0 0.38125 0.445068 0.015625 0.012207 0.0145569
0 0.502734 0.478516 0.0148437 0.0166016 0.0143356
0 0.406641 0.563477 0.0164062 0.015625 0.0143356
0 0.249219 0.349121 0.046875 0.0791016 0.0142822
0 0.235938 0.976562 0.0132813 0.0195312 0.0137939
0 0.415234 0.193115 0.0265625 0.0541992 0.0137405
0 0.781055 0.790527 0.0222656 0.0283203 0.0136871
0 0.326172 0.991211 0.0179687 0.015625 0.0136337
0 0.882812 0.815918 0.021875 0.0361328 0.0136337
0 0.807813 0.494629 0.0203125 0.0136719 0.013588
0 0.445312 0.057373 0.021875 0.0258789 0.013588
0 0.99375 0.974854 0.0109375 0.0209961 0.0135345
0 0.416406 0.428955 0.009375 0.00976562 0.0133743
0 0.405469 0.563477 0.0140625 0.0117188 0.0133286
0 0.867969 0.0205688 0.0296875 0.029541 0.0132217
0 0.387891 0.635742 0.0148437 0.0234375 0.0131226
0 0.236523 0.976807 0.0167969 0.0288086 0.0129242
0 0.101367 0.367188 0.0105469 0.0117188 0.0123367
0 0.384766 0.631836 0.01875 0.0253906 0.0123367
0 0.0943359 0.835938 0.0238281 0.0302734 0.012146
0 0.00483398 0.0615234 0.00966797 0.123047 0.0121002
0 0.0633301 0.0684204 0.00644531 0.00744629 0.0120087
0 0.630859 0.267334 0.0125 0.0146484 0.0119171
0 0.259375 0.352539 0.0242187 0.0708008 0.0116882
0 0.760547 0.897949 0.0101562 0.015625 0.0115509
0 0.63125 0.266602 0.0140625 0.0219727 0.0114212
0 0.226172 0.344727 0.0320312 0.0917969 0.0113297
0 0.9 0.359131 0.009375 0.00830078 0.0112915
0 0.404297 0.982422 0.01875 0.0195312 0.0111618
0 0.178076 0.854492 0.0129883 0.0205078 0.0108185
0 0.7 0.522949 0.03125 0.0507812 0.0106506
0 0.992578 0.975586 0.0148437 0.03125 0.0105667
0 0.762109 0.900879 0.0148437 0.0253906 0.0104904
0 0.180469 0.430176 0.0101562 0.0112305 0.0104523
0 0.0649902 0.0705566 0.0111328 0.0106201 0.0102463
0 0.746484 0.00857544 0.00625 0.00787354 0.01017
0 0.0605469 0.703125 0.0238281 0.0390625 0.0100555
0 0.709766 0.524414 0.0234375 0.0439453 0.00997162
0 0.875781 0.0112915 0.0046875 0.00915527 0.00985718
0 0.152539 0.856445 0.00800781 0.0136719 0.00985718
0 0.0593262 0.072876 0.0222656 0.0224609 0.00981903
0 0.689062 0.508789 0.0476562 0.0820312 0.00981903
0 0.789844 0.90918 0.0078125 0.0136719 0.00974274
0 0.696875 0.532715 0.0195312 0.03125 0.00926971
0 0.379687 0.530273 0.00625 0.0078125 0.00901794
0 0.902344 0.646973 0.0421875 0.0537109 0.00894928
0 0.650391 0.5 0.0882813 0.0849609 0.00891876
0 0.163281 0.422119 0.0134766 0.0102539 0.00888062
0 0.61875 0.943604 0.0757812 0.112793 0.0088501
0 0.744141 0.507324 0.025 0.0205078 0.0088501
0 0.978125 0.801758 0.025 0.0390625 0.0088501
0 0.0620117 0.992676 0.025 0.0146484 0.0088501
0 0.130176 0.913086 0.0267578 0.0332031 0.00874329
0 0.636328 0.32251 0.009375 0.0161133 0.0086441
0 0.416406 0.432617 0.0164062 0.0224609 0.0086441
0 0.270898 0.575195 0.034375 0.0283203 0.00861359
0 0.940625 0.724609 0.009375 0.00878906 0.00857544
0 0.107617 0.0799561 0.0173828 0.0145264 0.0085144
0 0.885156 0.98877 0.021875 0.0224609 0.00837708
0 0.922656 0.295654 0.0109375 0.00976562 0.008255
0 0.446484 0.157227 0.025 0.0324707 0.00818634
0 0.779492 0.491211 0.0207031 0.0214844 0.00818634
0 0.464063 0.99707 0.00859375 0.00585938 0.00806427
0 0.29707 0.393555 0.00898437 0.012207 0.00796509
0 0.701172 0.515137 0.0203125 0.0488281 0.00793457
0 0.0928711 0.70752 0.0357422 0.0517578 0.00790405
0 0.0932617 0.366455 0.0193359 0.0200195 0.0078125
0 0.658984 0.488647 0.0796875 0.067627 0.0078125
0 0.733594 0.00982666 0.0320312 0.0196533 0.0077858
0 0.426172 0.195435 0.021875 0.045166 0.00775528
0 0.541797 0.94165 0.0742188 0.11084 0.00775528
0 0.452344 0.15918 0.0304688 0.0456543 0.00775528
0 0.6375 0.507935 0.0539063 0.101318 0.00775528
0 0.896875 0.637207 0.0390625 0.0410156 0.00769424
0 0.458203 0.498047 0.021875 0.0234375 0.00766754
0 0.407422 0.987305 0.015625 0.0234375 0.00763702
0 0.575781 0.94043 0.00546875 0.0107422 0.00760651
0 0.703125 0.538086 0.0125 0.0205078 0.00751877
0 0.0135254 0.32251 0.00966797 0.0136719 0.00746155
0 0.022522 0.958496 0.0315186 0.0517578 0.00746155
0 0.508594 0.549805 0.0164062 0.0175781 0.00743103
0 0.729297 0.80127 0.00703125 0.00878906 0.00740433
0 0.00749512 0.727051 0.0149902 0.154297 0.00740433
0 0.707812 0.849121 0.025 0.0234375 0.00737381
0 0.403125 0.64209 0.0117188 0.0126953 0.00734711
0 0.594922 0.409912 0.0203125 0.0224609 0.00734711
0 0.778125 0.489746 0.0140625 0.0117188 0.00731659
0 0.91875 0.292969 0.0234375 0.0239258 0.00731659
0 0.742969 0.00912476 0.0304688 0.0182495 0.00728989
0 0.729297 0.503906 0.0078125 0.00683594 0.00720596
0 0.508203 0.465332 0.0203125 0.0283203 0.00717545
0 0.376465 0.753906 0.0337891 0.0419922 0.00712204
0 0.0863281 0.362793 0.0111328 0.0107422 0.00709534
0 0.0886719 0.362061 0.00839844 0.00927734 0.00706482
0 0.373535 0.748535 0.0310547 0.0292969 0.00706482
0 0.403516 0.639648 0.0109375 0.0107422 0.00703812
0 0.0646484 0.0722656 0.0171875 0.0224609 0.00701141
0 0.910937 0.347656 0.0125 0.00927734 0.00698471
0 0.504297 0.475586 0.0203125 0.0283203 0.00695801
0 0.101367 0.944824 0.00878906 0.00976562 0.0069046
0 0.76875 0.974609 0.053125 0.0449219 0.0069046
0 0.0227905 0.52832 0.0147705 0.0126953 0.00682449
0 0.992969 0.791016 0.0109375 0.0146484 0.00674438
0 0.978906 0.0142822 0.0421875 0.0285645 0.00674438
0 0.768945 0.787598 0.0355469 0.0390625 0.00674438
0 0.136914 0.594727 0.0216797 0.0332031 0.00671768
0 0.257422 0.381348 0.015625 0.027832 0.00669098
0 0.902344 0.360352 0.0171875 0.0209961 0.00658798
0 0.00357666 0.0547485 0.00715332 0.109497 0.00651169
0 0.875 0.0199738 0.0203125 0.026947 0.00651169
0 0.371875 0.748535 0.0242187 0.0205078 0.00643921
0 0.866406 0.744141 0.0125 0.0146484 0.00643921
0 0.256641 0.389404 0.0183594 0.0219727 0.00631332
0 0.903906 0.356689 0.01875 0.0229492 0.00629044
0 0.728906 0.307617 0.015625 0.0112305 0.00626373
0 0.751562 0.874512 0.0046875 0.0107422 0.00626373
0 0.107422 0.343262 0.00917969 0.0102539 0.00621796
0 0.180273 0.852051 0.0195312 0.0351562 0.00621796
0 0.707031 0.851074 0.0289063 0.0322266 0.00614548
0 0.140137 0.594727 0.0142578 0.0195312 0.00612259
0 0.63125 0.552734 0.0164062 0.0283203 0.00605011
0 0.207422 0.487793 0.0273438 0.0371094 0.00600433
0 0.777539 0.975342 0.0371094 0.0356445 0.00600433
0 0 0.0404053 0 0.0808105 0.00598145
0 0.626953 0.556152 0.0101562 0.0205078 0.00595856
0 0.876562 0.883301 0.0171875 0.0390625 0.005867
0 0.874219 0.879395 0.009375 0.0224609 0.00584412
0 0.878125 0.989258 0.03125 0.0195312 0.00582123
0 0.622656 0.215637 0.00546875 0.00720215 0.00577545
0 0.740625 0.505859 0.0140625 0.00976562 0.00577545
0 0.968359 0.0122681 0.0632813 0.0245361 0.00577545
0 0.38252 0.553223 0.0310547 0.0371094 0.00577545
0 0.14541 0.852539 0.0210938 0.0371094 0.00572968
0 0.635156 0.320312 0.00703125 0.0112305 0.00568771
0 0.595312 0.408936 0.0164062 0.0166016 0.00568771
0 0.132031 0.557617 0.0140625 0.0205078 0.00568771
0 0.165381 0.425537 0.0204102 0.0224609 0.00568771
0 0.807031 0.498047 0.025 0.0292969 0.00568771
0 0.407422 0.56543 0.0210938 0.0234375 0.00568771
0 0.275781 0.57666 0.0226563 0.0283203 0.00566483
0 0.992578 0.807129 0.0148437 0.0283203 0.00564194
0 0.897656 0.618652 0.0140625 0.0126953 0.00561905
0 0.446484 0.0598755 0.0109375 0.0135498 0.00559998
0 0.899219 0.359863 0.0109375 0.0112305 0.0055542
0 0.12959 0.557617 0.0136719 0.0175781 0.00553513
0 0.971875 0.967285 0.0484375 0.0498047 0.00553513
0 0.108105 0.341553 0.0078125 0.00927734 0.00547028
0 0.624609 0.505737 0.0257812 0.0793457 0.00547028
0 0.0974609 0.831055 0.0128906 0.0166016 0.00544739
0 0.510156 0.473145 0.009375 0.0146484 0.00542831
0 0.692969 0.0959167 0.0078125 0.00689697 0.00538635
0 0.957812 0.957764 0.084375 0.0825195 0.00534439
0 0.873438 0.882324 0.0171875 0.0322266 0.00534439
0 0.605469 0.740723 0.0359375 0.0517578 0.00530243
0 0.385938 0.632812 0.0140625 0.0166016 0.00527954
0 0.860937 0.276855 0.0140625 0.0131836 0.00526047
0 0.246094 0.390137 0.00898437 0.015625 0.00524139
0 0.429297 0.437012 0.0117188 0.0117188 0.00521851
0 0.419141 0.178467 0.0164062 0.0371094 0.00519943
0 0.435547 0.263184 0.0101562 0.0112305 0.00518036
0 0.367578 0.848633 0.0539063 0.0898438 0.0051384
0 0.992188 0.692871 0.015625 0.0361328 0.0051384
0 0.188477 0.536621 0.00625 0.0078125 0.00503922
0 0.420703 0.198547 0.0195312 0.0447998 0.00503922
0 0.994922 0.814941 0.0101562 0.0263672 0.00502014
0 0.746484 0.506348 0.0117188 0.00976562 0.00500107
0 0.267969 0.56543 0.0273438 0.0175781 0.00498199
0 0.249023 0.326416 0.0328125 0.0493164 0.00498199
0 0.00614014 0.728516 0.0122803 0.123047 0.0049057
0 0.266016 0.568359 0.0351562 0.0273438 0.00488663
0 0.183203 0.411377 0.0230469 0.0327148 0.00486755
0 0.103613 0.346924 0.0189453 0.0224609 0.00484848
0 0.791406 0.916016 0.0078125 0.00976562 0.00482941
0 0.897656 0.355957 0.01875 0.0234375 0.00482941
0 0.00587158 0.901123 0.0117432 0.150879 0.00481033
0 0.00681152 0.0751343 0.013623 0.150269 0.00479126
0 0.885938 0.988281 0.0140625 0.015625 0.00477219
0 0.885938 0.818848 0.0234375 0.0429688 0.00473785
0 0.180859 0.449219 0.0160156 0.0249023 0.00471878
0 0.185547 0.409668 0.0144531 0.0209961 0.00469971
0 0.122363 0.2771 0.0214844 0.0219727 0.00468063
0 0.462891 0.498535 0.0242187 0.0253906 0.00468063
0 0.246875 0.385254 0.0109375 0.0214844 0.00466537
0 0.0029541 0.856445 0.0059082 0.00976562 0.0046463
0 0.985156 0.0166321 0.0296875 0.0332642 0.0046463
0 0.00651855 0.431152 0.0130371 0.145508 0.0046463
0 0.024646 0.950684 0.0223877 0.0322266 0.00462723
0 0.957031 0.00942993 0.0859375 0.0188599 0.00462723
0 0.782617 0.00726318 0.131641 0.0145264 0.00460815
0 0.729297 0.308105 0.021875 0.0229492 0.00460815
0 0.705859 0.521484 0.01875 0.0351562 0.00457382
0 0.12793 0.901855 0.0457031 0.0488281 0.00457382
0 0.00727539 0.944824 0.0145508 0.110352 0.00457382
0 0.814844 0.478516 0.0109375 0.0126953 0.00453949
0 0.166895 0.42041 0.0189453 0.0234375 0.00453949
0 0.261914 0.363525 0.0214844 0.0610352 0.00446701
0 0.062207 0.0697021 0.00888672 0.00891113 0.00445175
0 0.491797 0.819824 0.0101562 0.0195312 0.00445175
0 0.453516 0.201904 0.01875 0.0246582 0.00445175
0 0.217578 0.423584 0.034375 0.043457 0.00441742
0 0.498047 0.475586 0.0210938 0.0273438 0.00439835
0 0.182227 0.428955 0.00898437 0.0107422 0.00436401
0 0.509375 0.547363 0.0132813 0.0126953 0.00436401
0 0.0434082 0.0709229 0.0198242 0.0213623 0.00436401
0 0.187305 0.538086 0.00664063 0.00878906 0.00434875
0 0.994531 0.692871 0.009375 0.015625 0.00434875
0 0.728906 0.505859 0.0195312 0.0205078 0.00434875
0 0.38125 0.537598 0.0226563 0.0332031 0.00432968
0 0.29375 0.729004 0.0152344 0.0224609 0.00432968
0 0.444922 0.16333 0.028125 0.050293 0.00426483
0 0.832031 0.863281 0.0421875 0.0732422 0.00424957
0 0.414844 0.185059 0.0390625 0.0556641 0.0042305
0 0.507031 0.553223 0.0234375 0.0332031 0.0042305
0 0.655469 0.514648 0.0695312 0.0908203 0.00421524
0 0.713281 0.850586 0.0234375 0.03125 0.00421524
0 0.0935547 0.35498 0.0238281 0.0258789 0.00419998
0 0.712891 0.509277 0.01875 0.0292969 0.00419998
0 0.752734 0.880371 0.0164062 0.0263672 0.00419998
0 0.896094 0.621094 0.0234375 0.0244141 0.00418091
0 0.274805 0.573242 0.0203125 0.0185547 0.00416565
0 0.572266 0.241943 0.0109375 0.012207 0.00415039
0 0.913281 0.3479 0.0109375 0.00830078 0.00415039
0 0.153125 0.336182 0.0107422 0.0146484 0.00413513
0 0.491406 0.735352 0.0234375 0.0410156 0.00413513
0 0.146777 0.0611572 0.00527344 0.00769043 0.0041008
0 0.971094 0.80127 0.0265625 0.0449219 0.0041008
0 0.0174561 0.615723 0.0349121 0.0927734 0.00408554
0 0.627734 0.548828 0.0109375 0.0292969 0.00405502
0 0.0979492 0.747559 0.0183594 0.0273438 0.00402451
0 0.146289 0.0623169 0.00703125 0.00878906 0.00399017
0 0.00446777 0.90332 0.00893555 0.119141 0.00397491
0 0.207422 0.479492 0.034375 0.0537109 0.00397491
0 0.826563 0.452393 0.00625 0.00830078 0.00395966
0 0.623438 0.554199 0.0148437 0.0302734 0.00395966
0 0.245703 0.390137 0.0164062 0.0214844 0.0039444
0 0.411719 0.431885 0.0210938 0.0263672 0.0039444
0 0.449219 0.0566406 0.0210938 0.0294189 0.00391388
0 0.875781 0.886719 0.0109375 0.0244141 0.00390053
0 0.774805 0.489258 0.0113281 0.00976562 0.00388527
0 0.547266 0.572754 0.0125 0.015625 0.00388527
0 0.635156 0.988281 0.0257812 0.0234375 0.00388527
0 0.778906 0.491699 0.0171875 0.0136719 0.00387001
