0 0.946875 0.445557 0.025 0.0288086 0.853027
0 0.805469 0.349121 0.0203125 0.027832 0.841797
0 0.25625 0.21405 0.0191406 0.0245361 0.827637
0 0.323242 0.175659 0.0164062 0.0158691 0.813965
0 0.748047 0.277344 0.021875 0.0249023 0.779785
0 0.721875 0.257568 0.0132813 0.0205078 0.73877
0 0.217773 0.253906 0.015625 0.0200195 0.710449
0 0.628125 0.303467 0.0132813 0.0297852 0.689453
0 0.230664 0.338379 0.0132813 0.0268555 0.679199
0 0.986719 0.479126 0.0234375 0.0319824 0.647949
0 0.757422 0.523926 0.0171875 0.0263672 0.622559
0 0.775195 0.299805 0.0167969 0.0224609 0.613281
0 0.343555 0.130493 0.0105469 0.0136719 0.598145
0 0.8125 0.322998 0.0203125 0.0283203 0.57373
0 0.619141 0.365479 0.015625 0.0327148 0.57373
0 0.615625 0.398438 0.0125 0.0292969 0.57373
0 0.753125 0.320312 0.0140625 0.0234375 0.542969
0 0.376465 0.127075 0.00957031 0.0214844 0.527344
0 0.719922 0.254395 0.0132813 0.0219727 0.407227
0 0.678516 0.418945 0.0148437 0.0307617 0.403564
0 0.628125 0.340088 0.009375 0.0195312 0.38501
0 0.323438 0.176147 0.0191406 0.0222168 0.353027
0 0.807813 0.318848 0.0171875 0.0229492 0.346924
0 0.676953 0.423584 0.015625 0.0439453 0.345947
0 0.744531 0.273193 0.0179687 0.0185547 0.276611
0 0.0236938 0.480957 0.00710449 0.00878906 0.230957
0 0.989062 0.482788 0.0203125 0.029541 0.225464
0 0.678516 0.414307 0.0109375 0.0253906 0.222656
0 0.751172 0.315918 0.0109375 0.0249023 0.190674
0 0.376563 0.126587 0.0125 0.0256348 0.173828
0 0.629687 0.297607 0.009375 0.0219727 0.17334
0 0.807813 0.338379 0.0203125 0.0288086 0.15979
0 0.75 0.281006 0.0179687 0.0263672 0.153076
0 0.980469 0.468018 0.0125 0.0180664 0.153076
0 0.942187 0.443848 0.01875 0.0283203 0.149536
0 0.233008 0.336426 0.0164062 0.0297852 0.141724
0 0.676562 0.437988 0.0148437 0.0209961 0.130249
0 0.677734 0.433105 0.015625 0.0385742 0.129395
0 0.218555 0.251465 0.0117188 0.019043 0.12854
0 0.627344 0.342041 0.0148437 0.0268555 0.118774
0 0.343945 0.130127 0.0148437 0.0212402 0.11438
0 0.982813 0.472778 0.01875 0.0319824 0.112793
0 0.758984 0.528809 0.0164062 0.0234375 0.112
0 0.758203 0.30542 0.0148437 0.0273438 0.107422
0 0.946094 0.440674 0.0234375 0.0239258 0.0987549
0 0.942969 0.439453 0.0171875 0.0185547 0.0953369
0 0.622266 0.363037 0.0164062 0.0336914 0.0823975
0 0.619922 0.359375 0.0140625 0.0258789 0.0809326
0 0.252539 0.214539 0.0183594 0.0264893 0.078064
0 0.754297 0.308838 0.015625 0.0297852 0.0761108
0 0.233008 0.330566 0.00820312 0.0141602 0.0758667
0 0.724609 0.25708 0.0132813 0.0166016 0.0742188
0 0.753125 0.51709 0.0101562 0.0175781 0.0736694
0 0.717188 0.251465 0.009375 0.0141602 0.0718384
0 0.814844 0.32666 0.01875 0.0268555 0.0718384
0 0.810938 0.321777 0.028125 0.0322266 0.0670776
0 0.321094 0.778809 0.00898437 0.0205078 0.0665894
0 0.220703 0.253174 0.0199219 0.0249023 0.0639648
0 0.755469 0.300293 0.0164062 0.0283203 0.0600891
0 0.755469 0.321777 0.0109375 0.0219727 0.0594177
0 0.614062 0.389648 0.00859375 0.0166016 0.0583496
0 0.802344 0.345459 0.015625 0.0180664 0.0560303
0 0.633203 0.303467 0.0210938 0.03125 0.0560303
0 0.627734 0.310059 0.0125 0.0214844 0.0552063
0 0.791406 0.931641 0.00625 0.0107422 0.0549927
0 0.757812 0.525391 0.0242187 0.03125 0.0548096
0 0.616016 0.404541 0.0109375 0.0234375 0.0541992
0 0.717188 0.255371 0.0179687 0.0253906 0.0524292
0 0.738672 0.272949 0.0195312 0.0234375 0.0509033
0 0.376074 0.131348 0.00878906 0.017334 0.0497742
0 0.785156 0.908203 0.009375 0.0224609 0.0497742
0 0.777148 0.297852 0.0222656 0.0258789 0.049408
0 0.95 0.448242 0.01875 0.027832 0.0479431
0 0.760547 0.525391 0.0164062 0.0273438 0.0450134
0 0.807813 0.357422 0.015625 0.0229492 0.0438538
0 0.630859 0.340576 0.0109375 0.0209961 0.0432129
0 0.347656 0.13147 0.0210938 0.0231934 0.0432129
0 0.254883 0.211548 0.0265625 0.0241699 0.0423889
0 0.951563 0.45166 0.015625 0.0239258 0.0422363
0 0.214844 0.25415 0.0167969 0.0224609 0.0417786
0 0.800781 0.343018 0.0125 0.0141602 0.0409851
0 0.680859 0.413086 0.0117188 0.0268555 0.0408325
0 0.618359 0.38208 0.0132813 0.0288086 0.0406799
0 0.628516 0.30249 0.021875 0.0292969 0.0384521
0 0.774609 0.303223 0.0195312 0.0239258 0.0383301
0 0.769922 0.297119 0.0117188 0.0180664 0.0381775
0 0.768555 0.30127 0.0160156 0.0253906 0.037323
0 0.721094 0.255371 0.0203125 0.0263672 0.0368347
0 0.808594 0.353271 0.025 0.0307617 0.0365601
0 0.216797 0.251465 0.0230469 0.0219727 0.036499
0 0.754687 0.521484 0.0265625 0.0292969 0.0362244
0 0.786719 0.908203 0.015625 0.0234375 0.0361633
0 0.680078 0.423096 0.0164062 0.0356445 0.0350037
0 0.749609 0.312256 0.0109375 0.0166016 0.0339661
0 0.615234 0.397949 0.021875 0.0351562 0.0336609
0 0.780469 0.300293 0.0140625 0.0195312 0.0335999
0 0.788281 0.909668 0.0171875 0.0302734 0.0332642
0 0.74375 0.280762 0.0210938 0.0258789 0.0307922
0 0.942187 0.443115 0.028125 0.0263672 0.0303802
0 0.979688 0.477539 0.021875 0.0322266 0.0301514
0 0.753906 0.326904 0.0140625 0.0195312 0.0270691
0 0.752734 0.318604 0.0210938 0.0307617 0.0267029
0 0.341211 0.131836 0.0183594 0.0229492 0.0267029
0 0.229102 0.335449 0.0242187 0.0273438 0.026413
0 0.260352 0.217529 0.0230469 0.0322266 0.026413
0 0.721484 0.259766 0.0164062 0.0283203 0.0253754
0 0.260547 0.208374 0.0121094 0.0148926 0.0252686
0 0.805469 0.314941 0.0140625 0.015625 0.0249939
0 0.61875 0.397217 0.0109375 0.0253906 0.0249939
0 0.757031 0.315918 0.0125 0.0297852 0.0247955
0 0.804688 0.357178 0.0203125 0.0263672 0.024704
0 0.682813 0.418457 0.0195312 0.0356445 0.0236053
0 0.0238159 0.480469 0.0127197 0.0195312 0.0224609
0 0.683594 0.426514 0.0242187 0.0439453 0.0212402
0 0.676172 0.428711 0.025 0.046875 0.0203705
0 0.803125 0.340576 0.0203125 0.0292969 0.02034
0 0.748828 0.280762 0.028125 0.0297852 0.0185394
0 0.810938 0.348389 0.015625 0.0214844 0.0181274
0 0.321875 0.77832 0.0132813 0.0224609 0.0178528
0 0.319531 0.179443 0.0144531 0.017334 0.0177155
0 0.344727 0.127563 0.0101562 0.0124512 0.0175171
0 0.613672 0.391602 0.0164062 0.0317383 0.0171814
0 0.991406 0.479492 0.015625 0.0322266 0.0170441
0 0.375684 0.126953 0.0228516 0.0227051 0.016983
0 0.750781 0.309814 0.0179687 0.0327148 0.016922
0 0.744531 0.269531 0.0234375 0.0263672 0.0167236
0 0.629297 0.308105 0.0234375 0.0292969 0.0162201
0 0.801562 0.351807 0.0203125 0.0302734 0.0159607
0 0.316016 0.178955 0.0214844 0.0246582 0.0158997
0 0.375293 0.13269 0.0119141 0.0195312 0.0154266
0 0.032959 1 0.065918 0 0.0154266
0 0.716797 0.25415 0.028125 0.0229492 0.0152512
0 0.803125 0.321289 0.01875 0.0258789 0.0151901
0 0.258398 0.2052 0.0144531 0.015625 0.0150757
0 0.7875 0.90332 0.01875 0.0244141 0.0146713
0 0.227539 0.341797 0.0183594 0.0327148 0.014389
0 0.616797 0.364014 0.0296875 0.0332031 0.0137939
0 0.847656 1 0.0953125 0 0.0135345
0 0.754297 0.323486 0.021875 0.0258789 0.0132217
0 0.00371094 0.0579834 0.00742187 0.115967 0.0131226
0 0.813281 0.317627 0.0234375 0.0302734 0.0131226
0 0.950781 0.44873 0.028125 0.0283203 0.0128708
0 0.807813 0.344727 0.01875 0.0234375 0.0127258
0 0.23125 0.343018 0.0148437 0.0263672 0.0125732
0 0.6125 0.402344 0.0179687 0.0341797 0.0124283
0 0.0244751 0.483398 0.0158936 0.0234375 0.0124283
0 0.237109 0.342529 0.0222656 0.0317383 0.0123367
0 0.342383 0.126953 0.0140625 0.0178223 0.0120544
0 0.752344 0.291748 0.0148437 0.0263672 0.0120544
0 0.938281 0.437012 0.01875 0.0234375 0.0120544
0 0.25332 0.216919 0.0320312 0.036377 0.0117798
0 0.949609 1 0.100781 0 0.011734
0 0.0486328 0.999512 0.0972656 0.000976562 0.0116882
0 0.385645 0.130615 0.0216797 0.027832 0.0115967
0 0.958594 0.999512 0.0828125 0.000976562 0.0115967
0 0.960156 1 0.0796875 0 0.0115051
0 0.737891 0.271973 0.028125 0.0200195 0.0110703
0 0.623047 0.397949 0.0203125 0.03125 0.0109024
0 0.322461 0.182373 0.0210938 0.0305176 0.0108185
0 0.755078 0.277832 0.0132813 0.019043 0.0106964
0 0.624219 0.364258 0.0140625 0.0268555 0.0106964
0 0.218359 0.260498 0.0183594 0.0317383 0.0106506
0 0.750781 0.325195 0.01875 0.0327148 0.0106506
0 0.810938 0.35376 0.0171875 0.0229492 0.0105286
0 0.930469 0.99707 0.139062 0.00585938 0.0103683
0 0.842969 1 0.109375 0 0.0102463
0 0.994531 0.0409546 0.0109375 0.0819092 0.0101318
0 0.741406 0.267578 0.015625 0.0170898 0.0100555
0 0.957031 1 0.0859375 0 0.0100555
0 0.722266 0.260254 0.0242187 0.0263672 0.00993347
0 0.791406 0.929199 0.0140625 0.0244141 0.00981903
0 0.0575195 0.999512 0.114648 0.000976562 0.00963593
0 0.998047 0.541992 0.00390625 0.130859 0.00959778
0 0.960938 0.011734 0.078125 0.023468 0.00955963
0 0.630859 0.344727 0.0132813 0.0214844 0.00941467
0 0.0397461 0.995605 0.0794922 0.00878906 0.00941467
0 0.676562 0.419678 0.0257812 0.0375977 0.00933838
0 0.0591797 0.996094 0.118359 0.0078125 0.00930023
0 0.764844 1 0.125 0 0.00923157
0 0.625781 0.312744 0.0179687 0.0380859 0.00919342
0 0.755469 0.529785 0.0210938 0.0253906 0.00905609
0 0.809375 0.31958 0.0203125 0.0307617 0.00901794
0 0.978906 0.477051 0.034375 0.03125 0.00891876
0 0.783008 1 0.0839844 0 0.00888062
0 0.853906 0.998047 0.14375 0.00390625 0.00878143
0 0.325586 0.779785 0.0207031 0.0283203 0.00878143
0 0.226758 0.342041 0.0296875 0.0341797 0.00871277
0 0.947266 1 0.105469 0 0.0086441
0 0.781445 0.305664 0.0152344 0.0175781 0.00861359
0 0.807813 0.31543 0.0203125 0.019043 0.00857544
0 0.0443359 1 0.0886719 0 0.00857544
0 0.954687 0.447754 0.0171875 0.0253906 0.00854492
0 0.612109 0.402588 0.0304688 0.0361328 0.0085144
0 0.260938 0.213562 0.0175781 0.0216064 0.00844574
0 0.340625 0.130981 0.0265625 0.0205078 0.00831604
0 0.000219727 0.0404053 0.000439453 0.0808105 0.00831604
0 0.996094 0.0651245 0.0078125 0.130249 0.00831604
0 0.75 0.28833 0.015625 0.0258789 0.008255
0 0.75625 0.327881 0.0117188 0.0175781 0.008255
0 0.00574951 0.0759277 0.011499 0.151855 0.00821686
0 0.022583 0.48291 0.0124512 0.015625 0.00812531
0 0.260547 0.206543 0.0195312 0.0258789 0.00806427
0 0.678125 0.999023 0.135156 0.00195312 0.00796509
0 0.764063 0.999512 0.09375 0.000976562 0.00787354
0 0.0639648 1 0.12793 0 0.0077858
0 0.113843 0.995605 0.171533 0.00878906 0.00775528
0 0.954687 0.442871 0.0125 0.0214844 0.00772476
0 0.767383 1 0.101172 0 0.00772476
0 0.0362305 1 0.0724609 0 0.00769424
0 0.978125 0.462524 0.0140625 0.0163574 0.00763702
0 0.628516 0.999512 0.129688 0.000976562 0.00757599
0 0.0831055 0.994141 0.166211 0.0117188 0.00751877
0 0.877344 0.995605 0.164062 0.00878906 0.00751877
0 0.235547 0.330811 0.0183594 0.0292969 0.00748825
0 0.152148 0.996094 0.164453 0.0078125 0.00746155
0 0.635156 1 0.0921875 0 0.00743103
0 0.714453 0.250244 0.021875 0.027832 0.00740433
0 0.71543 0.998535 0.141016 0.00292969 0.00734711
0 0.757031 0.518066 0.0148437 0.0224609 0.00728989
0 0.624609 0.377441 0.0203125 0.03125 0.00725937
0 0.591406 1 0.127344 0 0.00723267
0 0.789062 0.306152 0.025 0.027832 0.00723267
0 0.00437012 0.946777 0.00874023 0.106445 0.00723267
0 0.938281 0.995117 0.107813 0.00976562 0.00723267
0 0.817969 0.328613 0.015625 0.0219727 0.00717545
0 0.853906 1 0.126563 0 0.00717545
0 0.764844 0.305908 0.0171875 0.0253906 0.00714874
0 0.00102539 0.935547 0.00205078 0.128906 0.00712204
0 0.00234375 0.959717 0.0046875 0.0805664 0.00712204
0 0.630469 1 0.10625 0 0.00706482
0 0.754687 0.305176 0.0265625 0.0341797 0.00701141
0 0.325195 0.179077 0.0195312 0.019043 0.0069313
0 0.83125 0.999512 0.0875 0.000976562 0.0069046
0 0.750781 0.325684 0.0296875 0.0322266 0.0068779
0 0.667578 1 0.110937 0 0.0068512
0 0.295117 0.707031 0.00859375 0.0146484 0.00677109
0 0.764844 0.315186 0.0195312 0.0322266 0.00677109
0 0.721094 0.26416 0.0140625 0.0185547 0.00674438
0 0.189795 0.99707 0.155566 0.00585938 0.00674438
0 0.389453 0.998047 0.140625 0.00390625 0.00674438
0 0.672266 1 0.0953125 0 0.00674438
0 0.750781 0.268555 0.0242187 0.0288086 0.00671768
0 0.992188 0.485352 0.0140625 0.0253906 0.00669098
0 0.338965 0.99707 0.154883 0.00585938 0.00669098
0 0.528906 1 0.125781 0 0.00669098
0 0.675781 0.4375 0.0234375 0.0297852 0.00661469
0 0.692187 1 0.115625 0 0.00653839
0 0.967969 1 0.0640625 0 0.00653839
0 0.453516 1 0.126563 0 0.0064888
0 0.635156 0.296875 0.021875 0.0307617 0.0064888
0 0.997656 0.959717 0.0046875 0.0805664 0.0064888
0 0.257422 0.210144 0.0167969 0.0216064 0.0064621
0 0.289648 0.997559 0.157422 0.00488281 0.00643921
0 0.597266 1 0.0890625 0 0.00643921
0 0.627734 0.999023 0.09375 0.00195312 0.00643921
0 0.592969 1 0.103906 0 0.00638962
0 0.652344 0.998047 0.0953125 0.00390625 0.00638962
0 0.491406 1 0.125781 0 0.00634003
0 0.804688 0.326172 0 0.185547 0.00634003
0 0.31875 0.173584 0.0164062 0.0187988 0.00631332
0 0.590625 0.999512 0.0921875 0.000976562 0.00629044
0 0.626172 0.35498 0.0148437 0.0268555 0.00624084
0 0.842969 0.99707 0.0921875 0.00585938 0.00624084
0 0.697266 1 0.0976562 0 0.00621796
0 0.32168 0.778809 0.0226563 0.0214844 0.00619125
0 0.517969 1 0.102344 0 0.00619125
0 0.676953 0.997559 0.096875 0.00488281 0.00619125
0 0.380469 0.123535 0.0078125 0.0146484 0.00614548
0 0.496484 0.0132141 0.116406 0.0264282 0.00614548
0 0.619922 0.374268 0.0140625 0.0234375 0.00612259
0 0.724609 0.252441 0.0203125 0.027832 0.00609589
0 0.252539 0.999023 0.153516 0.00195312 0.006073
0 0.567969 1 0.102344 0 0.00602722
0 0.427734 1 0.13125 0 0.00602722
0 0.480469 1 0.100781 0 0.00595856
0 0.616406 0.364502 0.0140625 0.027832 0.00593567
0 0.31543 0.178101 0.0320312 0.0217285 0.005867
0 0.0228638 0.477539 0.0124756 0.0146484 0.00582123
0 0.785156 0.927246 0.01875 0.0292969 0.00582123
0 0.903125 0.282715 0.0265625 0.097168 0.00579834
0 0.230078 0.330078 0.0148437 0.0209961 0.00579834
0 0.542969 1 0.103125 0 0.00579834
0 0.528125 0.999512 0.090625 0.000976562 0.00579834
0 0.633984 0.303711 0.0289063 0.0263672 0.00577545
0 0.572266 1 0.0882813 0 0.00577545
0 0.521094 0.0134888 0.120312 0.0269775 0.00572968
0 0.366699 1 0.126758 0 0.00568771
0 0.455469 1 0.103125 0 0.00568771
0 0.701563 0.99707 0.0992187 0.00585938 0.00568771
0 0.925781 1 0.148438 0 0.00564194
0 0.678516 0.408936 0.0101562 0.0161133 0.00557709
0 0.558594 0.0133667 0.120312 0.0267334 0.0055542
0 0.0535156 0.990234 0.107031 0.0195312 0.0055542
0 0.465234 0.999512 0.0914062 0.000976562 0.00551224
0 0.503125 0.999512 0.0914062 0.000976562 0.00548935
0 0.348242 0.130615 0.028125 0.0175781 0.00547028
0 0.547266 1 0.0882813 0 0.00547028
0 0.739062 0.271484 0.0132813 0.0146484 0.00544739
0 0.553125 0.999512 0.0914062 0.000976562 0.00542831
0 0.417969 0.011322 0.138281 0.022644 0.00540543
