0 0.517969 0.550293 0.0484375 0.0439453 0.947754
0 0.928125 0.337158 0.04375 0.0375977 0.935547
0 0.120215 0.61377 0.0345703 0.0566406 0.931152
0 0.105957 0.670898 0.0357422 0.0458984 0.920898
0 0.0557129 0.667969 0.0266602 0.0380859 0.873535
0 0.139453 0.666992 0.0244141 0.0371094 0.695312
0 0.810156 0.0221863 0.04375 0.0443726 0.648926
0 0.00837402 0.667969 0.016748 0.0371094 0.631836
0 0.0907227 0.605957 0.0197266 0.0361328 0.625977
0 0.777344 0.0106812 0.0203125 0.0213623 0.364746
0 0.928906 0.0270386 0.0734375 0.0540771 0.279785
0 0.896094 0.0241089 0.0296875 0.0482178 0.255371
0 0.0832031 0.844238 0.0105469 0.00878906 0.228149
0 0.590234 0.00471497 0.0109375 0.00942993 0.194336
0 0.632031 0.0134125 0.0265625 0.026825 0.193726
0 0.169727 0.0367432 0.0628906 0.0734863 0.175537
0 0.212695 0.570312 0.0117188 0.00878906 0.163452
0 0.882812 0.0491943 0.015625 0.0175781 0.15918
0 0.10918 0.665039 0.0328125 0.0400391 0.151001
0 0.512109 0.547852 0.0335938 0.0390625 0.137085
0 0.902344 0.0257568 0.0453125 0.0515137 0.135254
0 0.211719 0.570312 0.0125 0.0117188 0.132935
0 0.107617 0.0285645 0.028125 0.0571289 0.128052
0 0.732813 0.0115967 0.0171875 0.0231934 0.114746
0 0.960156 0.820801 0.009375 0.0107422 0.11438
0 0.879687 0.0492554 0.0125 0.0158691 0.106689
0 0.0925781 0.600098 0.0162109 0.0292969 0.105225
0 0.741016 0.0104523 0.0234375 0.0209045 0.104858
0 0.735937 0.881348 0.009375 0.0107422 0.104126
0 0.213281 0.570801 0.0175781 0.0195312 0.0987549
0 0.527734 0.0644836 0.0507812 0.0805054 0.0980835
0 0.835156 0.946777 0.0078125 0.00878906 0.0966797
0 0.886719 0.812988 0.0140625 0.0146484 0.0927124
0 0.014209 0.00621033 0.00952148 0.0124207 0.0913696
0 0.895312 0.0171814 0.0265625 0.0343628 0.0900879
0 0.142285 0.662109 0.0207031 0.0341797 0.0888062
0 0.964063 0.00578308 0.0078125 0.0115662 0.0844727
0 0.229687 0.161377 0.059375 0.126465 0.0841675
0 0.604297 0.0489502 0.0226563 0.055542 0.083313
0 0.77832 0.0147858 0.0230469 0.0295715 0.0830078
0 0.101367 0.675293 0.0345703 0.0410156 0.0823975
0 0.864062 0.0115509 0.0234375 0.0231018 0.081543
0 0.134277 0.0307617 0.0837891 0.0615234 0.0772095
0 0.405469 0.0382538 0.0375 0.0589905 0.076416
0 0.581641 0.0111084 0.0289063 0.0222168 0.0718384
0 0.683203 0.0110474 0.0226563 0.0220947 0.0710449
0 0.773438 0.0113831 0.0171875 0.0217896 0.0675659
0 0.78125 0.00752258 0.0140625 0.0150452 0.0653687
0 0.175244 0.0319214 0.0456055 0.0638428 0.0632324
0 0.482422 0.0118408 0.0109375 0.0236816 0.062561
0 0.107031 0.609375 0.0289063 0.0449219 0.0611877
0 0.23125 0.0141907 0.0304688 0.0283813 0.0605164
0 0.771875 0.0138245 0.025 0.0255737 0.0594177
0 0.781445 0.0113678 0.0183594 0.0227356 0.0587769
0 0.424219 0.00799561 0.015625 0.0159912 0.0579224
0 0.842969 0.00805664 0.0140625 0.0161133 0.0560303
0 0.081543 0.207397 0.00917969 0.0222168 0.055603
0 0.317383 0.0285339 0.0433594 0.0570679 0.0554199
0 0.923437 0.331787 0.034375 0.0327148 0.0552063
0 0.865625 0.00772095 0.0203125 0.0154419 0.0544128
0 0.0600586 0.670898 0.0246094 0.0351562 0.0544128
0 0.0810547 0.207214 0.0119141 0.0269775 0.0541992
0 0.117578 0.0314636 0.0574219 0.0629272 0.0539856
0 0.0591064 0.0372314 0.0821777 0.0744629 0.0538025
0 0.721484 0.0114746 0.0234375 0.0229492 0.0538025
0 0.960156 0.820801 0.015625 0.0195312 0.0524292
0 0.960938 0.432129 0.009375 0.0078125 0.0522461
0 0.14043 0.657715 0.0214844 0.0234375 0.0514526
0 0.428125 0.0134277 0.0265625 0.0268555 0.0507202
0 0.845312 0.00695801 0.0125 0.013916 0.0501404
0 0.795313 0.0142212 0.0203125 0.0284424 0.0492249
0 0.128418 0.59375 0.0142578 0.0175781 0.0453491
0 0.688672 0.0111084 0.0242187 0.0222168 0.0445251
0 0.775 0.00791931 0.015625 0.0158386 0.044342
0 0.756641 0.0112762 0.0257812 0.0225525 0.0435181
0 0.482422 0.0133057 0.0148437 0.0266113 0.0423889
0 0.920313 0.338379 0.0375 0.0332031 0.0403748
0 0.160156 0.728516 0.0214844 0.0234375 0.0397949
0 0.597656 0.0479584 0.0132813 0.0449524 0.0394897
0 0.978516 0.0291748 0.0429688 0.0583496 0.0394287
0 0.797656 0.019043 0.0203125 0.0380859 0.0392761
0 0.857813 0.0465698 0.015625 0.0198975 0.0391846
0 0.494141 0.0179291 0.0242187 0.0281067 0.0386047
0 0.489453 0.0143585 0.021875 0.028717 0.0379639
0 0.929688 0.0208435 0.05625 0.041687 0.0375366
0 0.89375 0.0137787 0.021875 0.0275574 0.0366211
0 0.266016 0.702637 0.0148437 0.0136719 0.035553
0 0.149609 0.406006 0.0402344 0.149902 0.0354919
0 0.861719 0.0062561 0.015625 0.0125122 0.0350037
0 0.8875 0.813477 0.015625 0.0214844 0.0349426
0 0.89375 0.0312347 0.028125 0.0498352 0.0348816
0 0.686719 0.0173645 0.0265625 0.034729 0.0348206
0 0.0607422 0.662109 0.0208984 0.0322266 0.0347595
0 0.684766 0.0245056 0.0351562 0.0490112 0.0343628
0 0.49375 0.0642242 0.0484375 0.0741882 0.0336609
0 0.766016 0.0166931 0.0179687 0.0161133 0.0334778
0 0.865625 0.0194702 0.028125 0.0389404 0.0334778
0 0.936719 0.334473 0.03125 0.027832 0.0332031
0 0.0583008 0.658203 0.021582 0.0214844 0.0332031
0 0.424609 0.0104523 0.0195312 0.0209045 0.03302
0 0.678516 0.00817871 0.009375 0.0119019 0.032959
0 0.733984 0.0171509 0.0132813 0.0164795 0.0328369
0 0.0899414 0.607422 0.0283203 0.0390625 0.0328369
0 0.479688 0.00727844 0.009375 0.0145569 0.0327148
0 0.84375 0.0265808 0.028125 0.0531616 0.0314941
0 0.621875 0.0124207 0.0242187 0.0248413 0.031311
0 0.302539 0.00567627 0.0105469 0.0108643 0.0311432
0 0.921094 0.0332031 0.084375 0.0664062 0.0310822
0 0.835156 0.945801 0.0140625 0.0205078 0.0307922
0 0.125781 0.601074 0.0244141 0.0371094 0.0302124
0 0.601172 0.0458374 0.0164062 0.0440674 0.0301056
0 0.616797 0.0499268 0.05 0.0727539 0.0301056
0 0.328906 0.696289 0.0164062 0.0126953 0.0296478
0 0.0143066 0.00952148 0.0161621 0.019043 0.0296478
0 0.368652 0.0547485 0.0939453 0.109497 0.0292053
0 0.592969 0.0050354 0.0109375 0.0100708 0.0275879
0 0.528125 0.557617 0.0296875 0.0351562 0.0275269
0 0.682813 0.0375977 0.0359375 0.0751953 0.0273285
0 0.9375 0.341309 0.0265625 0.0322266 0.0271149
0 0.735547 0.880859 0.015625 0.0205078 0.0271149
0 0.00799561 0.662598 0.0159912 0.0283203 0.0270691
0 0.430469 0.0197754 0.0359375 0.0395508 0.0268555
0 0.835938 0.945801 0.0125 0.0136719 0.0265503
0 0.130957 0.593262 0.0138672 0.015625 0.0264587
0 0.0107666 0.662598 0.0185059 0.0332031 0.0263519
0 0.105859 0.681152 0.0302734 0.0380859 0.0263062
0 0.0100586 0.00744629 0.0165527 0.0148926 0.0261536
0 0.591016 0.00862122 0.0171875 0.0172424 0.0261078
0 0.8875 0.812988 0.0109375 0.0117188 0.026062
0 0.632031 0.0176392 0.03125 0.0352783 0.0259094
0 0.830469 0.0265503 0.0421875 0.0531006 0.0259094
0 0.875 0.0500488 0.021875 0.0231934 0.0257111
0 0.0513672 0.671875 0.0222656 0.0332031 0.0252686
0 0.113574 0.656738 0.01875 0.0175781 0.0249939
0 0.00899658 0.0090332 0.0179932 0.0180664 0.0244293
0 0.238477 0.0116119 0.01875 0.0232239 0.0240936
0 0.237109 0.745117 0.0132813 0.0273438 0.0238647
0 0.8875 0.0128021 0.021875 0.0256042 0.0234222
0 0.0512207 0.664551 0.021582 0.0302734 0.0232391
0 0.468359 0.0157471 0.0367187 0.0314941 0.0231934
0 0.115918 0.493652 0.00820312 0.0078125 0.0224609
0 0.770703 0.015564 0.0195312 0.0199585 0.02211
0 0.483594 0.0161743 0.0125 0.0246582 0.021698
0 0.760938 0.0171204 0.0210938 0.0163574 0.0216217
0 0.277344 0.992188 0.00898437 0.00976562 0.0216217
0 0.228711 0.0186768 0.034375 0.0373535 0.0214844
0 0.598828 0.0374908 0.00703125 0.0174255 0.0213623
0 0.0823242 0.845703 0.0164062 0.0185547 0.0213318
0 0.845312 0.0115356 0.015625 0.0230713 0.0211182
0 0.732422 0.871582 0.0117188 0.0175781 0.0208893
0 0.127637 0.876465 0.0201172 0.0205078 0.0207214
0 0.507031 0.550781 0.0289063 0.0332031 0.0206451
0 0.533984 0.552734 0.0234375 0.0400391 0.0206451
0 0.589453 0.00619507 0.0132813 0.0123901 0.0205688
0 0.169141 0.044632 0.0480469 0.0645447 0.0204926
0 0.805469 0.0285187 0.025 0.0406189 0.0204468
0 0.964063 0.009552 0.0171875 0.019104 0.0202484
0 0.237109 0.740723 0.0152344 0.0292969 0.0202179
0 0.214062 0.576172 0.0183594 0.0283203 0.0201416
0 0.729297 0.00790405 0.0101562 0.0150146 0.0199432
0 0.741016 0.00576782 0.0148437 0.0115356 0.0199432
0 0.0900391 0.615234 0.0167969 0.03125 0.0199432
0 0.321289 0.130005 0.0699219 0.076416 0.0198364
0 0.258594 0.0125122 0.0242187 0.0250244 0.0196075
0 0.896875 0.0111542 0.0234375 0.0223083 0.0193481
0 0.456641 0.0246277 0.0648438 0.0492554 0.0190582
0 0.817969 0.0292358 0.059375 0.0584717 0.0188751
0 0.655078 0.0497284 0.0742188 0.0953674 0.0187683
0 0.266211 0.0237122 0.0386719 0.0474243 0.0187683
0 0.446094 0.246826 0.0140625 0.0229492 0.018692
0 0.0524902 0.224609 0.0674805 0.0825195 0.018692
0 0.598437 0.0432129 0.00703125 0.0256348 0.0186157
0 0.155664 0.0342712 0.084375 0.0685425 0.0186157
0 0.40625 0.326172 0.00859375 0.0131836 0.0181885
0 0.0182861 0.180298 0.0365723 0.148193 0.0181885
0 0.458203 0.0180664 0.05625 0.0361328 0.018158
0 0.895312 0.27002 0.0078125 0.0166016 0.0179901
0 0.921875 0.330078 0.0296875 0.0229492 0.0179901
0 0.524609 0.547852 0.0382813 0.03125 0.0179901
0 0.679297 0.0106812 0.0125 0.0148315 0.0178528
0 0.777344 0.0157776 0.01875 0.0249634 0.0178528
0 0.671094 0.00889587 0.015625 0.0177917 0.0176392
0 0.716406 0.781738 0.009375 0.0117188 0.0175781
0 0.792969 0.00791931 0.0109375 0.0158386 0.0172424
0 0.445703 0.0560303 0.0671875 0.112061 0.0172424
0 0.12168 0.623047 0.0304688 0.0419922 0.0171814
0 0.0103149 0.664062 0.0206299 0.0361328 0.0171814
0 0.889844 0.0481567 0.0265625 0.0267334 0.0171814
0 0.930469 0.526855 0.0078125 0.00976562 0.016983
0 0.480078 0.0111694 0.0132813 0.0223389 0.0168457
0 0.841406 0.0126648 0.0171875 0.0253296 0.0167847
0 0.597266 0.050293 0.00859375 0.0318604 0.0158386
0 0.85625 0.0465698 0.01875 0.0286865 0.0157776
0 0.31875 0.0142365 0.0410156 0.0284729 0.0157166
0 0.263477 0.0214844 0.0320312 0.0389404 0.0156708
0 0.579687 0.0187988 0.0296875 0.0375977 0.0156708
0 0.0824219 0.210754 0.0078125 0.0189209 0.0151901
0 0.503906 0.0193481 0.0179687 0.0270996 0.0149536
0 0.674219 0.0883179 0.0078125 0.0164795 0.0149002
0 0.733984 0.873535 0.015625 0.0234375 0.0148392
0 0.0911133 0.596191 0.0148437 0.0185547 0.0147324
0 0.772656 0.605957 0.00625 0.00585938 0.0147324
0 0.892187 0.0101166 0.021875 0.0202332 0.0145035
0 0.290039 0.0540161 0.0203125 0.0633545 0.0145035
0 0.508203 0.0653534 0.0804688 0.0785217 0.014389
0 0.83125 0.0157471 0.0296875 0.0314941 0.0141754
0 0.623828 0.012146 0.015625 0.017395 0.0141144
0 0.304883 0.0102539 0.0207031 0.0205078 0.0141144
0 0.705859 0.0102692 0.0242187 0.0205383 0.0139542
0 0.0865234 0.208252 0.0220703 0.0371094 0.0139542
0 0.704687 0.0832214 0.028125 0.0296021 0.0139008
0 0.914062 0.335938 0.01875 0.0322266 0.0136871
0 0.667578 0.0103149 0.009375 0.0125732 0.013588
0 0.101855 0.0278625 0.0234375 0.0557251 0.0135345
0 0.760938 0.0139465 0.0257812 0.024231 0.0135345
0 0.170801 0.238037 0.0189453 0.0385742 0.0132751
0 0.265625 0.0136108 0.0292969 0.0272217 0.0131683
0 0.0801758 0.203491 0.00957031 0.0168457 0.0130234
0 0.00480957 0.600098 0.00961914 0.134766 0.0130234
0 0.683984 0.0085144 0.0171875 0.0151367 0.01297
0 0.733203 0.0071106 0.0125 0.0142212 0.0127258
0 0.0111084 0.672363 0.0201172 0.0322266 0.0127258
0 0.575391 0.0122986 0.0328125 0.0245972 0.0126266
0 0.798437 0.0405273 0.0078125 0.0117188 0.0125732
0 0.00535889 0.00675964 0.0107178 0.0135193 0.0124817
0 0.109766 0.657715 0.0205078 0.0195312 0.0124817
0 0.673828 0.0105591 0.0132813 0.0154419 0.0124283
0 0.143066 0.670898 0.0240234 0.0371094 0.0124283
0 0.606641 0.0112305 0.0257812 0.0224609 0.0124283
0 0.0800781 0.25293 0.0138672 0.0268555 0.0123825
0 0.113867 0.618652 0.0271484 0.0439453 0.0123367
0 0.754687 0.0116882 0.0171875 0.0171509 0.012146
0 0.292773 0.0643921 0.0164062 0.0423584 0.0121002
0 0.85625 0.0402679 0.021875 0.040802 0.0117798
0 0.798437 0.019989 0.0296875 0.039978 0.011734
0 0.601172 0.0362701 0.0117188 0.0190125 0.011467
0 0.33125 0.695801 0.0152344 0.0107422 0.0114212
0 0.689453 0.00892639 0.0195312 0.0178528 0.0113297
0 0.177734 0.0456543 0.0371094 0.0537109 0.0112915
0 0.855469 0.0274658 0.034375 0.0549316 0.0112457
0 0.730078 0.016571 0.0125 0.0180054 0.0111618
0 0.444922 0.0269165 0.0765625 0.053833 0.0111618
0 0.220898 0.043396 0.0511719 0.086792 0.0111618
0 0.155664 0.726562 0.0130859 0.0117188 0.011116
0 0.673437 0.084198 0.0179687 0.0259399 0.0110703
0 0.423828 0.0235596 0.0328125 0.0471191 0.0109863
0 0.896875 0.653809 0.0140625 0.0214844 0.0109482
0 0.156055 0.729004 0.0152344 0.0146484 0.0109482
0 0.0717041 0.250977 0.0249512 0.0292969 0.0109024
0 0.291406 0.0649414 0.0109375 0.0280762 0.0107803
0 0.84375 0.0328369 0.0375 0.0634766 0.0107346
0 0.983984 0.0273132 0.0320312 0.0546265 0.0107346
0 0.0880859 0.84668 0.0216797 0.0224609 0.0107346
0 0.676562 0.0829468 0.015625 0.026001 0.0106964
0 0.303125 0.00787354 0.0109375 0.0129395 0.0106506
0 0.884375 0.0551758 0.0125 0.0147705 0.0106125
0 0.159766 0.73291 0.0251953 0.0322266 0.0105667
0 0.734375 0.012207 0.0257812 0.0244141 0.0105286
0 0.878906 0.0541992 0.0140625 0.0162354 0.0104523
0 0.129199 0.59375 0.0207031 0.0244141 0.0104065
0 0.627734 0.0128174 0.0203125 0.022644 0.0103683
0 0.597266 0.0487061 0.021875 0.0510254 0.0103302
0 0.772461 0.00834656 0.0285156 0.0166931 0.0103302
0 0.502344 0.552734 0.0179687 0.0361328 0.0103302
0 0.69375 0.0114441 0.015625 0.0182495 0.0102081
0 0.220508 0.0526123 0.03125 0.0710449 0.01017
0 0.530469 0.549805 0.0304688 0.0322266 0.0101318
0 0.860156 0.927734 0.0171875 0.0136719 0.0101318
0 0.224414 0.0162964 0.05 0.0325928 0.0101318
0 0.239844 0.00765991 0.0125 0.0153198 0.00989532
0 0.666797 0.00732422 0.009375 0.012085 0.00974274
0 0.991016 0.0121918 0.0179687 0.0243835 0.00974274
0 0.29707 0.010376 0.0261719 0.020752 0.00974274
0 0.569141 0.151489 0.0273438 0.0368652 0.00967407
0 0.00415039 0.746094 0.00830078 0.150391 0.00963593
0 0.585156 0.00663757 0.0203125 0.0132751 0.00955963
0 0.400391 0.0385742 0.0578125 0.0731201 0.00955963
0 0.846094 0.0494995 0.0171875 0.0297852 0.00955963
0 0.865625 0.0167542 0.025 0.0335083 0.00952148
0 0.408984 0.004776 0.00859375 0.009552 0.00941467
0 0.682813 0.0358734 0.0289063 0.0534973 0.00941467
0 0.673047 0.0825806 0.0132813 0.0211182 0.00933838
0 0.221289 0.0273438 0.0574219 0.0546875 0.00930023
0 0.148047 0.671387 0.025 0.0361328 0.00926971
0 0.834375 0.00654602 0.0125 0.013092 0.00923157
0 0.817187 0.186401 0.0078125 0.0187988 0.00908661
0 0.502344 0.543945 0.0179687 0.03125 0.00898743
0 0.4875 0.871582 0.0101562 0.0205078 0.00894928
0 0.581641 0.00794983 0.034375 0.0158997 0.00894928
0 0.328711 0.698242 0.0257812 0.0234375 0.00891876
0 0.610156 0.0637207 0.0289063 0.0412598 0.0088501
0 0.618359 0.0672607 0.0328125 0.0400391 0.0088501
0 0.157715 0.727051 0.0146484 0.0146484 0.00881195
0 0.916406 0.329346 0.0234375 0.019043 0.00871277
0 0.883594 0.0483398 0.01875 0.029541 0.00871277
0 0.9375 0.330078 0.0234375 0.019043 0.00867462
0 0.310156 0.0388184 0.0726563 0.0776367 0.00861359
0 0.796875 0.00810242 0.0140625 0.0162048 0.00847626
0 0.730859 0.870605 0.0101562 0.0136719 0.00844574
0 0.442969 0.0181274 0.059375 0.0362549 0.00844574
