0 0.0300293 0.605469 0.0381836 0.0390625 0.935059
0 0.303711 0.911133 0.0363281 0.0449219 0.922852
0 0.189307 0.848145 0.0416992 0.0361328 0.907715
0 0.117773 0.823242 0.0275391 0.0390625 0.860352
0 0.141895 0.768555 0.0236328 0.0283203 0.794434
0 0.213672 0.441162 0.0257812 0.0317383 0.766113
0 0.0656006 0.556152 0.023877 0.0292969 0.749023
0 0.139746 0.556641 0.0248047 0.0380859 0.716797
0 0.152637 0.512207 0.021875 0.0361328 0.689453
0 0.153125 0.674805 0.0126953 0.0253906 0.668945
0 0.0222168 0.660156 0.0217773 0.0507812 0.635254
0 0.0666992 0.691406 0.0142578 0.0292969 0.558105
0 0.0938477 0.813965 0.0195312 0.0429688 0.554688
0 0.10957 0.589844 0.0140625 0.0214844 0.544922
0 0.0634277 0.599609 0.015332 0.03125 0.542969
0 0.208203 0.476685 0.0121094 0.0222168 0.529297
0 0.0713867 0.738281 0.0210938 0.0546875 0.509766
0 0.115137 0.818359 0.0203125 0.0341797 0.376709
0 0.106543 0.591797 0.0207031 0.0273438 0.315674
0 0.0684326 0.552734 0.0180176 0.0244141 0.305664
0 0.242188 0.417236 0.0113281 0.0151367 0.30249
0 0.291602 0.896973 0.0105469 0.0136719 0.20813
0 0.142676 0.552246 0.0212891 0.0322266 0.201782
0 0.0655273 0.594727 0.0111328 0.0195312 0.201782
0 0.0251099 0.655273 0.0212646 0.0400391 0.185913
0 0.245312 0.415771 0.0191406 0.0229492 0.160278
0 0.0639648 0.604492 0.0195312 0.0351562 0.143188
0 0.155469 0.505371 0.0146484 0.0302734 0.12854
0 0.29707 0.904785 0.0230469 0.0322266 0.12854
0 0.24668 0.413574 0.0148437 0.0151367 0.126831
0 0.0617676 0.561523 0.0171875 0.0273438 0.119995
0 0.00484619 0.743652 0.00969238 0.0263672 0.119202
0 0.250586 0.4104 0.00898437 0.0102539 0.113586
0 0.14541 0.769043 0.0236328 0.0351562 0.112
0 0.120996 0.827148 0.0208984 0.0341797 0.111633
0 0.218555 0.437012 0.0179687 0.0249023 0.092041
0 0.157324 0.510254 0.0185547 0.0332031 0.0875854
0 0.0604492 0.60791 0.0142578 0.0273438 0.0866089
0 0.310547 0.912598 0.0296875 0.0390625 0.0866089
0 0.0916016 0.803711 0.00917969 0.0234375 0.0847778
0 0.145703 0.546875 0.0119141 0.0175781 0.0750122
0 0.11123 0.587402 0.0150391 0.0205078 0.0734253
0 0.175439 0.839844 0.0166992 0.0175781 0.0726318
0 0.0364258 0.599609 0.0294922 0.0292969 0.0700684
0 0.0259766 0.609863 0.0332031 0.0332031 0.0663452
0 0.0653809 0.66748 0.00761719 0.0185547 0.0653687
0 0.208594 0.479492 0.015625 0.0263672 0.0587769
0 0.157715 0.501465 0.00976562 0.0146484 0.058136
0 0.108203 0.813477 0.0169922 0.03125 0.0566406
0 0.110352 0.59082 0.0185547 0.0263672 0.0541992
0 0.292578 0.900391 0.0144531 0.0195312 0.0505066
0 0.0705811 0.745605 0.0182129 0.0429688 0.0495911
0 0.110156 0.811035 0.0113281 0.015625 0.0467224
0 0.0275879 0.648926 0.0140625 0.0253906 0.0462036
0 0.208398 0.443604 0.01875 0.0297852 0.0438538
0 0.158203 0.677246 0.0199219 0.0322266 0.0430298
0 0.155273 0.680176 0.0103516 0.0195312 0.0423889
0 0.241211 0.419922 0.009375 0.0126953 0.0422363
0 0.15459 0.674316 0.0203125 0.0322266 0.0415344
0 0.0708496 0.549316 0.012207 0.0136719 0.0409851
0 0.193555 0.845703 0.0339844 0.0292969 0.0396423
0 0.220313 0.441162 0.0222656 0.0322266 0.0392761
0 0.00671387 0.741699 0.00883789 0.0263672 0.0391846
0 0.005896 0.743164 0.011792 0.0351562 0.0381775
0 0.0708496 0.695801 0.018457 0.0351562 0.037384
0 0.209961 0.455322 0.0191406 0.0288086 0.0361633
0 0.0707764 0.703125 0.0158691 0.0400391 0.0335388
0 0.181055 0.842773 0.0304688 0.0244141 0.0332031
0 0.0368652 0.607422 0.0310547 0.0361328 0.0325317
0 0.242578 0.415283 0.0171875 0.0185547 0.0324707
0 0.173926 0.837402 0.0134766 0.0166016 0.0306702
0 0.0258789 0.602051 0.0328125 0.0292969 0.0297546
0 0.138086 0.772461 0.0216797 0.0283203 0.0283356
0 0.21543 0.449707 0.0246094 0.0336914 0.0283356
0 0.198242 0.849121 0.0265625 0.03125 0.0278015
0 0.244922 0.411377 0.0222656 0.0249023 0.0271149
0 0.0614746 0.604004 0.0293945 0.0371094 0.0268555
0 0.0670898 0.597656 0.0141602 0.0283203 0.026062
0 0.0675293 0.693359 0.0196289 0.0322266 0.0254669
0 0.0669922 0.742676 0.0236328 0.0488281 0.0230255
0 0.148633 0.761719 0.0132813 0.0175781 0.0228882
0 0.313672 0.919434 0.01875 0.03125 0.0225372
0 0.138281 0.766602 0.0226563 0.0263672 0.0219421
0 0.141895 0.775391 0.0224609 0.0351562 0.0218658
0 0.240234 0.418701 0.0203125 0.0224609 0.0214539
0 0.295898 0.898926 0.0175781 0.0205078 0.0212097
0 0.0639648 0.558594 0.0296875 0.0380859 0.0212097
0 0.0583984 0.604004 0.0160156 0.0302734 0.0207977
0 0.1875 0.854492 0.0507812 0.0439453 0.0198364
0 0.0377441 0.595215 0.0208008 0.0185547 0.0193481
0 0.112207 0.585938 0.0111328 0.015625 0.0190582
0 0.0671875 0.592773 0.009375 0.0146484 0.0184784
0 0.0649414 0.683105 0.018457 0.0371094 0.0184326
0 0.0709961 0.602051 0.0267578 0.03125 0.0181885
0 0.104004 0.59668 0.0208984 0.0273438 0.0180511
0 0.0908203 0.799316 0.00917969 0.0126953 0.0176392
0 0.07146 0.705078 0.0137207 0.0253906 0.0174408
0 0.0265259 0.667969 0.0207764 0.0429688 0.0174408
0 0.176172 0.844727 0.0183594 0.03125 0.0173798
0 0.154883 0.671387 0.0123047 0.0224609 0.0173035
0 0.0219482 0.666016 0.030127 0.0576172 0.0173035
0 0.154785 0.681641 0.0150391 0.0292969 0.0170441
0 0.0648438 0.665039 0.00722656 0.0126953 0.0165253
0 0.0946289 0.822754 0.0162109 0.0302734 0.0164642
0 0.00938721 0.743652 0.0187744 0.0302734 0.0164032
0 0.0342041 1 0.0684082 0 0.0162811
0 0.0964844 0.82666 0.0146484 0.0224609 0.0161591
0 0.00343018 0.0580444 0.00686035 0.116089 0.0157166
0 0.0654297 0.675293 0.00810547 0.0234375 0.0154877
0 0.211719 0.474121 0.0109375 0.0175781 0.0149002
0 0.133887 0.558594 0.0208984 0.0361328 0.0146713
0 0.0911133 0.810059 0.0261719 0.0390625 0.0145035
0 0.201172 0.856445 0.0199219 0.0263672 0.0145035
0 0.0712891 0.734375 0.0275391 0.0693359 0.014389
0 0.116895 0.833984 0.0251953 0.0273438 0.0142288
0 0.0733398 0.715332 0.0121094 0.0253906 0.0138474
0 0.150293 0.504395 0.0224609 0.0332031 0.0138474
0 0.103516 0.589355 0.0236328 0.0292969 0.0138474
0 0.221875 0.434082 0.0171875 0.0288086 0.0136871
0 0.151172 0.672363 0.0167969 0.0244141 0.0135345
0 0.9625 1 0.075 0 0.0129242
0 0.066748 0.669434 0.0134766 0.0263672 0.012825
0 0.140137 0.548828 0.0207031 0.0253906 0.0126266
0 0.0609863 0.595215 0.01875 0.0244141 0.0125732
0 0.217969 0.445068 0.0199219 0.0292969 0.0119629
0 0.212305 0.481934 0.0183594 0.0283203 0.0119629
0 0.140723 0.766113 0.0337891 0.0361328 0.0115967
0 0.159766 0.516602 0.0226563 0.03125 0.0115967
0 0.074707 0.75 0.0164062 0.0371094 0.0114212
0 0.182275 0.846191 0.040918 0.0322266 0.0113297
0 0.149023 0.544434 0.00839844 0.0117188 0.0112457
0 0.0479492 0.999512 0.0958984 0.000976562 0.0112457
0 0.151074 0.679688 0.0150391 0.0253906 0.0109024
0 0.0632324 0.550781 0.0254883 0.03125 0.0105667
0 0.158691 0.670898 0.0207031 0.03125 0.0104904
0 0.143652 0.561523 0.0216797 0.0361328 0.0104065
0 0.211133 0.478027 0.0140625 0.0205078 0.0103302
0 0.0041748 0.946289 0.00834961 0.107422 0.0100937
0 0.106738 0.811523 0.0105469 0.0205078 0.0100555
0 0.301953 0.917969 0.0496094 0.046875 0.00963593
0 0.00585938 0.0767822 0.0117188 0.153564 0.00963593
0 0.0717285 0.685547 0.0206055 0.0371094 0.00955963
0 0.151953 0.521484 0.0203125 0.03125 0.00952148
0 0.0558105 0.598633 0.0173828 0.0263672 0.00952148
0 0.203516 0.478882 0.0195312 0.0285645 0.00948334
0 0.995313 0.0545654 0.009375 0.109131 0.00926971
0 0.0749023 0.724609 0.0171875 0.0478516 0.00919342
0 0.948438 1 0.101562 0 0.00905609
0 0.0709961 0.703613 0.0238281 0.0380859 0.00898743
0 0.25 0.419922 0.0214844 0.0307617 0.00891876
0 0.0585938 0.996094 0.117188 0.0078125 0.0088501
0 0.154199 0.501953 0.0167969 0.0214844 0.00878143
0 0.000195313 0.0402222 0.000390625 0.0804443 0.00861359
0 0.0896484 0.816406 0.0222656 0.0332031 0.00857544
0 0.051416 1 0.102832 0 0.0085144
0 0.952344 1 0.0953125 0 0.00844574
0 0.143457 0.754883 0.0255859 0.0283203 0.00844574
0 0.910937 1 0.09375 0 0.00837708
0 0.0722412 0.547852 0.0197754 0.0263672 0.00834656
0 0.103027 0.600098 0.015625 0.0195312 0.00831604
0 0.760547 1 0.0898438 0 0.00831604
0 0.0396484 0.996094 0.0792969 0.0078125 0.00831604
0 0.065918 0.742676 0.0365234 0.0488281 0.00815582
0 0.96875 1 0.0625 0 0.00815582
0 0.0442871 1 0.0885742 0 0.00806427
0 0.916406 1 0.128125 0 0.00793457
0 0.90625 1 0.104687 0 0.00790405
0 0.208008 0.48291 0.0128906 0.0205078 0.00787354
0 0.0701172 0.555664 0.0271484 0.0263672 0.00787354
0 0.93125 1 0.115625 0 0.00787354
0 0.767969 1 0.103125 0 0.0078125
0 0.0944336 0.803711 0.0138672 0.0263672 0.00766754
0 0.0677734 0.603516 0.0171875 0.0273438 0.00760651
0 0.0358887 1 0.0717773 0 0.00746155
0 0.199219 0.844238 0.0238281 0.0234375 0.00743103
0 0.0587402 0.558594 0.0173828 0.0273438 0.00737381
0 0.708594 0.0130005 0.120312 0.026001 0.00728989
0 0.29043 0.892578 0.0113281 0.0146484 0.00725937
0 0.0677734 0.703125 0.0148437 0.0253906 0.00720596
0 0.778906 0.999512 0.126563 0.000976562 0.00720596
0 0.0954102 0.823242 0.0255859 0.0322266 0.00717545
0 0.221484 0.431396 0.0117188 0.0136719 0.00712204
0 0.753711 1 0.122266 0 0.00706482
0 0.00123291 0.935303 0.00246582 0.129395 0.00706482
0 0.804102 1 0.126172 0 0.00695801
0 0.885156 1 0.0875 0 0.00695801
0 0.0693848 0.561035 0.0219727 0.0273438 0.0069313
0 0.733594 0.0125427 0.117188 0.0250854 0.0069313
0 0.0438477 0.597168 0.0200195 0.0214844 0.0069046
0 0.10957 0.812988 0.0263672 0.0302734 0.00682449
0 0.150098 0.757812 0.00859375 0.00878906 0.00677109
0 0.828906 1 0.121875 0 0.00677109
0 0.743555 1 0.100391 0 0.00674438
0 0.00661621 0.693848 0.0132324 0.145508 0.00671768
0 0 0.959717 0 0.0805664 0.00669098
0 0.0634277 0.696289 0.0170898 0.0292969 0.00664139
0 0.88125 1 0.096875 0 0.00661469
0 0.860156 1 0.0875 0 0.00661469
0 0.621875 0.0196838 0.113281 0.0393677 0.00658798
0 0.0886475 0.995605 0.171143 0.00878906 0.00658798
0 0.879687 1 0.11875 0 0.0064888
0 0.916406 0.999512 0.0921875 0.000976562 0.0064888
0 0.176123 0.844727 0.027832 0.0322266 0.00643921
0 0.729297 1 0.121094 0 0.00643921
0 0.00661621 0.924316 0.0132324 0.151367 0.00643921
0 0.784375 1 0.0921875 0 0.00643921
0 0.0630859 1 0.126172 0 0.00641251
0 0.842969 1 0.0984375 0 0.00634003
0 0.371387 0.0125275 0.119727 0.0250549 0.00629044
0 0.961328 0.0112457 0.0773437 0.0224915 0.00629044
0 0.13894 0.996094 0.165088 0.0078125 0.00624084
0 0.159863 0.500488 0.0193359 0.0292969 0.00624084
0 0.0656738 0.548828 0.018457 0.0195312 0.00616837
0 0.508984 0.0125122 0.123438 0.0250244 0.00616837
0 0.704687 1 0.120312 0 0.00616837
0 0.155664 0.682617 0.0238281 0.0302734 0.00614548
0 0.718359 1 0.0984375 0 0.00614548
0 0.892187 1 0.0890625 0 0.00614548
0 0.792773 1 0.108203 0 0.00605011
0 0.778125 0.999023 0.090625 0.00195312 0.00605011
0 0.137793 0.550293 0.0216797 0.0351562 0.00593567
0 0.108691 0.580566 0.0214844 0.0263672 0.00591278
0 0.292969 0.895508 0.0183594 0.0244141 0.00591278
0 0.408594 0.0126343 0.120312 0.0252686 0.005867
0 0.817969 1 0.104687 0 0.005867
0 0.00524902 0.807129 0.010498 0.15625 0.005867
0 0.81582 0.999512 0.0902344 0.000976562 0.005867
0 0.753516 0.999512 0.0898438 0.000976562 0.00584412
0 0.445703 0.0133057 0.120312 0.0266113 0.00582123
0 0.841406 1 0.0875 0 0.00582123
0 0.3125 0.92041 0.0285156 0.0341797 0.00568771
0 0.671484 0.0126648 0.120312 0.0253296 0.00566483
0 0.334375 0.0124817 0.117188 0.0249634 0.00561905
0 0.0212402 0.67041 0.0176758 0.0351562 0.00559998
0 0.0680176 0.749512 0.0180664 0.0332031 0.00559998
0 0.533984 0.0113373 0.120312 0.0226746 0.00559998
0 0.0638184 0.682129 0.0297852 0.0400391 0.00551224
0 0.605078 1 0.117969 0 0.00551224
0 0.505078 1 0.119531 0 0.00547028
0 0.758203 0.0112915 0.114844 0.022583 0.00542831
0 0.102832 0.587402 0.0371094 0.0263672 0.00542831
0 0.176367 0.996582 0.1625 0.00683594 0.00542831
0 0.728906 1 0.0882813 0 0.00542831
0 0.680078 1 0.121875 0 0.00540543
0 0.205273 0.483887 0.0132813 0.0224609 0.00538635
0 0.0749756 0.715332 0.0164551 0.0371094 0.00538635
0 0.0731445 0.550293 0.0128906 0.0146484 0.00536346
0 0.204688 0.00753784 0.163672 0.0150757 0.00536346
0 0.157813 0.510254 0.0267578 0.0302734 0.00536346
0 0.542578 1 0.119531 0 0.0053215
0 0.243945 0.422119 0.0140625 0.0166016 0.00530243
0 0.148535 0.769043 0.0199219 0.0253906 0.00527954
0 0.111523 0.594727 0.0140625 0.0214844 0.00526047
0 0.0102173 0.745605 0.0204346 0.0419922 0.00518036
0 0.642578 1 0.117969 0 0.00518036
0 0.997266 0.959229 0.00546875 0.081543 0.0051384
0 0.704297 1 0.0882813 0 0.0051384
0 0.483594 0.0130615 0.122656 0.026123 0.00511932
0 0.00756836 0.743652 0.0151367 0.0371094 0.00510025
0 0.25 0.408447 0.0199219 0.0263672 0.00508118
0 0.102832 0.816895 0.0138672 0.0292969 0.00500107
0 0.124219 0.820801 0.0191406 0.0283203 0.00498199
0 0.366406 1 0.129688 0 0.00498199
0 0.249609 0.415039 0.0164062 0.0170898 0.00496292
0 0.693359 1 0.102344 0 0.00496292
0 0.810156 1 0.09375 0 0.00496292
0 0.558594 0.0119171 0.119531 0.0238342 0.00494385
0 0.0700684 0.999512 0.12041 0.000976562 0.00492477
0 0.15376 1 0.143262 0 0.0049057
0 0.289062 0.895996 0.0144531 0.0166016 0.00482941
0 0.782617 0.00900269 0.108203 0.0180054 0.00482941
0 0.391797 1 0.125 0 0.00479126
0 0.202734 0.446777 0.0210938 0.0332031 0.00477219
0 0.152832 0.506348 0.0179687 0.0234375 0.00475693
0 0.149805 0.562988 0.0236328 0.0341797 0.00475693
0 0.00611572 0.740234 0.0122314 0.0625 0.00468063
0 0.604297 1 0.0867188 0 0.00468063
0 0.0636719 0.667969 0.0168945 0.0283203 0.0046463
0 0.341016 1 0.132812 0 0.00462723
0 0.116162 1 0.149707 0 0.00460815
0 0.214062 0.998047 0.15625 0.00390625 0.00460815
0 0.158594 0.676758 0.0273438 0.0273438 0.00453949
0 0.53125 1 0.101562 0 0.00453949
0 0.0606934 0.599609 0.0173828 0.0361328 0.00450516
0 0.0791016 1 0.158203 0 0.00450516
0 0.504297 1 0.0875 0 0.00450516
0 0.618359 1 0.101562 0 0.00446701
0 0.290234 0.999512 0.138281 0.000976562 0.00445175
0 0.00493164 0.93042 0.00986328 0.123535 0.00443268
0 0.58125 1 0.103125 0 0.00443268
0 0.0532715 0.990723 0.106543 0.0185547 0.00443268
0 0.542188 1 0.0875 0 0.00443268
0 0.821094 0.00558472 0.115625 0.0111694 0.00436401
0 0.176953 0.837402 0.0199219 0.0175781 0.00432968
0 0.642187 1 0.0867188 0 0.00432968
0 0.679688 1 0.0890625 0 0.00432968
0 0.17876 1 0.14248 0 0.00431442
0 0.149902 0.539062 0.0167969 0.0283203 0.00431442
0 0.0640137 0.751953 0.0231445 0.0380859 0.00431442
0 0.243164 0.009552 0.126563 0.019104 0.00429916
