0 0.453906 0.862305 0.040625 0.0351562 0.843262
0 0.430859 0.501465 0.0242187 0.0400391 0.816895
0 0.444531 0.44165 0.0203125 0.0351562 0.801758
0 0.355078 0.753418 0.0207031 0.0595703 0.794922
0 0.373145 0.507812 0.0201172 0.0322266 0.786621
0 0.499219 0.412354 0.0117188 0.019043 0.743164
0 0.369434 0.418945 0.0259766 0.0449219 0.725586
0 0.491406 0.359863 0.0164062 0.034668 0.716797
0 0.417969 0.452759 0.0257812 0.0378418 0.716309
0 0.36543 0.576172 0.0253906 0.0390625 0.713867
0 0.596094 0.273926 0.0210938 0.03125 0.667969
0 0.478516 0.396729 0.015625 0.0229492 0.631836
0 0.4 0.504883 0.0164062 0.0332031 0.602051
0 0.440625 0.395508 0.0117188 0.0307617 0.600098
0 0.385938 0.540039 0.0148437 0.0253906 0.490234
0 0.353516 0.69043 0.0160156 0.0458984 0.467773
0 0.472656 0.375488 0.0117188 0.0244141 0.42627
0 0.430859 0.592285 0.0117188 0.0205078 0.420654
0 0.566016 0.307129 0.0125 0.0214844 0.401611
0 0.530078 0.363037 0.0125 0.0200195 0.361084
0 0.500391 0.40918 0.0140625 0.0229492 0.334473
0 0.401563 0.499512 0.0132813 0.0234375 0.315674
0 0.348437 0.624512 0.0105469 0.0195312 0.297363
0 0.503125 0.405029 0.009375 0.0175781 0.271973
0 0.533594 0.363037 0.015625 0.0205078 0.265869
0 0.490234 0.36499 0.0148437 0.0327148 0.26123
0 0.441406 0.391357 0.0101562 0.0249023 0.26123
0 0.348242 0.628418 0.0125 0.0283203 0.246582
0 0.480078 0.394043 0.0125 0.0195312 0.223999
0 0.540234 0.354004 0.0078125 0.015625 0.189575
0 0.366992 0.79541 0.0078125 0.0136719 0.188354
0 0.416797 0.48877 0.0117188 0.0244141 0.185913
0 0.43125 0.591797 0.0140625 0.03125 0.181885
0 0.433203 0.49707 0.0179687 0.0341797 0.180054
0 0.53125 0.363525 0.0171875 0.0263672 0.173828
0 0.529297 0.367676 0.0125 0.0205078 0.166626
0 0.474219 0.374268 0.0164062 0.0292969 0.166138
0 0.592578 0.280029 0.0132813 0.0209961 0.153076
0 0.421875 0.448975 0.0203125 0.0341797 0.149536
0 0.419141 0.491211 0.01875 0.0332031 0.147095
0 0.370215 0.507812 0.0173828 0.0283203 0.142212
0 0.448438 0.435791 0.0164062 0.0273438 0.138428
0 0.387891 0.536133 0.0148437 0.0253906 0.135742
0 0.540625 0.351807 0.00703125 0.0107422 0.126831
0 0.49375 0.351562 0.009375 0.0209961 0.121704
0 0.492578 0.352783 0.0140625 0.0258789 0.119995
0 0.414453 0.455566 0.0226563 0.0341797 0.11438
0 0.566797 0.307617 0.0164062 0.0263672 0.111633
0 0.376172 0.500977 0.0117188 0.0166016 0.108215
0 0.476172 0.368652 0.0117188 0.0292969 0.105957
0 0.592578 0.275635 0.0210938 0.03125 0.104126
0 0.439453 0.398926 0.0148437 0.034668 0.10376
0 0.34707 0.632324 0.0125 0.0244141 0.101257
0 0.37373 0.423584 0.0197266 0.0361328 0.0987549
0 0.385547 0.54541 0.0132813 0.0205078 0.0950317
0 0.601953 0.265137 0.00703125 0.0107422 0.0923462
0 0.437891 0.489746 0.0101562 0.0185547 0.0903931
0 0.349023 0.622559 0.0078125 0.0136719 0.0836182
0 0.480469 0.401123 0.01875 0.0263672 0.083313
0 0.419922 0.483887 0.00859375 0.0175781 0.076416
0 0.449219 0.859863 0.03125 0.0263672 0.0755615
0 0.460938 0.864746 0.0289063 0.0292969 0.0742188
0 0.537109 0.359619 0.015625 0.0292969 0.0739746
0 0.415234 0.492188 0.0132813 0.0263672 0.0713501
0 0.476562 0.363281 0.009375 0.0146484 0.0710449
0 0.392188 0.528809 0.009375 0.0146484 0.0665894
0 0.368652 0.570312 0.0205078 0.0332031 0.0658569
0 0.564844 0.310303 0.009375 0.0175781 0.0643921
0 0.371191 0.513672 0.0193359 0.0283203 0.064209
0 0.362305 0.404541 0.0101562 0.0141602 0.0639648
0 0.476562 0.399902 0.015625 0.0249023 0.0639648
0 0.492578 0.357666 0.0242187 0.0415039 0.0628052
0 0.568359 0.303711 0.0101562 0.0161133 0.0596619
0 0.430859 0.509277 0.0203125 0.0341797 0.0572815
0 0.496094 0.361816 0.025 0.0351562 0.0545959
0 0.532812 0.367676 0.0125 0.0205078 0.0539856
0 0.599609 0.266846 0.0132813 0.0195312 0.0534058
0 0.473047 0.381592 0.0148437 0.027832 0.0514526
0 0.441016 0.396484 0.021875 0.0336914 0.0492249
0 0.364258 0.583984 0.0222656 0.0371094 0.0488586
0 0.367188 0.410889 0.0210938 0.0317383 0.0470886
0 0.488672 0.358643 0.0171875 0.0249023 0.0467224
0 0.495313 0.357666 0.0195312 0.0336914 0.0467224
0 0.442187 0.389893 0.0078125 0.0209961 0.0460205
0 0.49375 0.404541 0.0195312 0.0239258 0.0460205
0 0.368555 0.515137 0.0152344 0.0244141 0.0456848
0 0.435547 0.503418 0.021875 0.0351562 0.0455322
0 0.474219 0.373535 0.0234375 0.0322266 0.0437012
0 0.351562 0.685547 0.0144531 0.0429688 0.0433655
0 0.440234 0.404541 0.0117188 0.0224609 0.0430298
0 0.427344 0.571289 0.00546875 0.0117188 0.042572
0 0.371973 0.502441 0.0193359 0.0244141 0.0408325
0 0.442969 0.399902 0.0125 0.0273438 0.0389099
0 0.480469 0.39917 0.015625 0.0195312 0.0386047
0 0.476562 0.388428 0.015625 0.0219727 0.0377502
0 0.505078 0.40332 0.00703125 0.012207 0.0375977
0 0.630078 0.268555 0.0179687 0.0253906 0.0375977
0 0.427344 0.499512 0.0335938 0.0332031 0.0368347
0 0.433594 0.597656 0.0164062 0.0322266 0.0367126
0 0.497656 0.406738 0.0164062 0.0209961 0.035553
0 0.478906 0.395264 0.0242187 0.0258789 0.0353394
0 0.358008 0.693848 0.0207031 0.0429688 0.0340271
0 0.400391 0.505859 0.0257812 0.0322266 0.0318604
0 0.365234 0.421875 0.0257812 0.0488281 0.0310822
0 0.534375 0.359375 0.0164062 0.0205078 0.0309143
0 0.437109 0.851562 0.0101562 0.0136719 0.0301056
0 0.487109 0.368896 0.0148437 0.0249023 0.029541
0 0.353125 0.690918 0.025 0.0458984 0.0293732
0 0.450391 0.430176 0.0101562 0.0131836 0.028656
0 0.455469 0.869141 0.0367187 0.0361328 0.0278015
0 0.419141 0.485352 0.0132813 0.0195312 0.0276947
0 0.500391 0.411621 0.0242187 0.0253906 0.0272675
0 0.349219 0.67627 0.009375 0.0224609 0.026062
0 0.348828 0.628906 0.01875 0.03125 0.0258026
0 0.428516 0.578125 0.0132813 0.0244141 0.0252686
0 0.592188 0.274658 0.03125 0.0327148 0.0251312
0 0.629687 0.274902 0.00859375 0.0151367 0.0250854
0 0.5375 0.361816 0.0109375 0.0200195 0.0246124
0 0.363477 0.40625 0.0125 0.0185547 0.0245209
0 0.371289 0.581055 0.0269531 0.0400391 0.0241852
0 0.368262 0.794434 0.0142578 0.0214844 0.0236053
0 0.442969 0.857422 0.0257812 0.0244141 0.0230713
0 0.38291 0.544434 0.0162109 0.0253906 0.0226746
0 0.348437 0.672363 0.00859375 0.0146484 0.0225372
0 0.428906 0.597656 0.0171875 0.0332031 0.0214081
0 0.375 0.428955 0.015625 0.0283203 0.0213623
0 0.420312 0.490723 0.0265625 0.0371094 0.021286
0 0.598047 0.267578 0.0164062 0.0244141 0.0208435
0 0.426172 0.50293 0.0171875 0.0302734 0.02034
0 0.602734 0.359863 0.0125 0.0371094 0.0197906
0 0.441016 0.453125 0.0140625 0.0195312 0.0197144
0 0.437891 0.853516 0.0140625 0.0195312 0.0195618
0 0.387891 0.543457 0.0179687 0.0292969 0.0195312
0 0.423828 0.441406 0.0125 0.0170898 0.0193481
0 0.494922 0.411621 0.0179687 0.0209961 0.0191193
0 0.439063 0.855469 0.015625 0.0263672 0.0189819
0 0.351172 0.757812 0.028125 0.0527344 0.0189056
0 0.436719 0.493164 0.0140625 0.0244141 0.0188293
0 0.40625 0.502441 0.01875 0.0283203 0.0187683
0 0.395703 0.509766 0.0140625 0.0302734 0.018692
0 0.482031 0.391113 0.0109375 0.0136719 0.0186157
0 0.407813 0.496582 0.0171875 0.0234375 0.0181274
0 0.354102 0.700195 0.0144531 0.0341797 0.0179138
0 0.396875 0.515137 0.0132813 0.0253906 0.0175171
0 0.423828 0.452271 0.0273438 0.0358887 0.0172424
0 0.353906 0.730469 0.00859375 0.0166016 0.0171814
0 0.396094 0.505859 0.0171875 0.0292969 0.0167847
0 0.621484 0.271729 0.0273438 0.0258789 0.0166626
0 0.601953 0.368896 0.00546875 0.0180664 0.0157166
0 0.0338379 1 0.0676758 0 0.0155411
0 0.00368652 0.0585938 0.00737305 0.117188 0.0153046
0 0.35625 0.6875 0.0121094 0.0322266 0.0151901
0 0.402734 0.492676 0.009375 0.0126953 0.0149536
0 0.37959 0.516602 0.0197266 0.0302734 0.0149536
0 0.505078 0.408691 0.0101562 0.0195312 0.0148392
0 0.367188 0.508789 0.0328125 0.0292969 0.0147324
0 0.462109 0.86084 0.025 0.0234375 0.0143356
0 0.394141 0.525879 0.009375 0.0146484 0.0141144
0 0.448828 0.396973 0.0234375 0.03125 0.014061
0 0.395312 0.518555 0.0171875 0.0322266 0.014061
0 0.432813 0.587891 0.0109375 0.0214844 0.013588
0 0.344922 0.634766 0.0117188 0.0224609 0.0134277
0 0.495703 0.415283 0.0164062 0.0200195 0.0131683
0 0.494141 0.366943 0.0132813 0.0283203 0.0130692
0 0.528516 0.364258 0.0265625 0.0249023 0.0129242
0 0.360938 0.785645 0.0164062 0.0224609 0.0128708
0 0.599219 0.27832 0.021875 0.0341797 0.0125275
0 0.444922 0.44751 0.0296875 0.0366211 0.0122375
0 0.05 0.999023 0.1 0.00195312 0.012146
0 0.345117 0.628418 0.0160156 0.0263672 0.0119629
0 0.429688 0.587891 0.0132813 0.0234375 0.0118713
0 0.371484 0.562988 0.0109375 0.015625 0.011734
0 0.501953 0.396973 0.0132813 0.0131836 0.0116425
0 0.412109 0.46106 0.0195312 0.0310059 0.0113297
0 0.492578 0.349609 0.01875 0.027832 0.0113297
0 0.363281 0.406738 0.0167969 0.0253906 0.0113297
0 0.358203 0.685547 0.0226563 0.0380859 0.0112457
0 0.427734 0.51416 0.0140625 0.0224609 0.0112
0 0.598828 0.364746 0.0171875 0.0400391 0.0105667
0 0.341211 0.631348 0.0214844 0.03125 0.0105667
0 0.631641 0.269775 0.009375 0.0195312 0.0104904
0 0.347656 0.636719 0.0160156 0.0322266 0.01017
0 0.961328 1 0.0773437 0 0.0100937
0 0.602344 0.363525 0.00546875 0.0205078 0.0100555
0 0.510547 0.411377 0.025 0.0297852 0.0100098
0 0.438672 0.48584 0.0101562 0.0126953 0.00978088
0 0.478125 0.368896 0.0210938 0.03125 0.00978088
0 0.950781 1 0.0984375 0 0.00978088
0 0.418359 0.443848 0.0234375 0.0288086 0.00978088
0 0.382812 0.537109 0.0164062 0.0205078 0.00945282
0 0.0611328 0.995117 0.122266 0.00976562 0.00941467
0 0.00592041 0.0769043 0.0118408 0.153809 0.00933838
0 0.957422 1 0.0851562 0 0.00926971
0 0.994922 0.0412292 0.0101562 0.0824585 0.00926971
0 0.564062 0.311523 0.0179687 0.0292969 0.00912476
0 0.442969 0.401855 0.025 0.0302734 0.00908661
0 0.449219 0.445801 0.0203125 0.0322266 0.00898743
0 0.428125 0.59668 0.0289063 0.0322266 0.00898743
0 0.602344 0.355225 0.00703125 0.0234375 0.0088501
0 0.902344 0.998535 0.145313 0.00292969 0.0088501
0 0.000268555 0.040741 0.000537109 0.0814819 0.00874329
0 0.587891 0.282715 0.0234375 0.0317383 0.00874329
0 0.356641 0.744141 0.0160156 0.0488281 0.0086441
0 0.040625 0.994629 0.08125 0.0107422 0.00861359
0 0.353516 0.727051 0.0109375 0.0146484 0.00854492
0 0.352344 0.76416 0.0214844 0.0498047 0.0085144
0 0.572656 0.30542 0.021875 0.0283203 0.00847626
0 0.803125 1 0.128125 0 0.00844574
0 0.828125 0.999512 0.13125 0.000976562 0.00844574
0 0.933594 0.998535 0.132812 0.00292969 0.00844574
0 0.355664 0.736816 0.0148437 0.0322266 0.00844574
0 0.464453 0.870117 0.0203125 0.0263672 0.00831604
0 0.0456055 1 0.0912109 0 0.00821686
0 0.400781 0.51416 0.0195312 0.0351562 0.00818634
0 0.533203 0.360107 0.0242187 0.0283203 0.00812531
0 0.437891 0.406494 0.0132813 0.0239258 0.00809479
0 0.384375 0.54541 0.0257812 0.0234375 0.00800323
0 0.525781 0.357422 0.025 0.0317383 0.00800323
0 0.847656 1 0.0953125 0 0.00796509
0 0.445312 0.4375 0.0195312 0.0234375 0.00793457
0 0.797656 1 0.090625 0 0.00787354
0 0.0371094 1 0.0742188 0 0.0078125
0 0.865625 0.998535 0.142188 0.00292969 0.0078125
0 0.458594 0.382812 0.0265625 0.0317383 0.0078125
0 0.41875 0.48584 0.0148437 0.0292969 0.0078125
0 0.349219 0.633301 0.0132813 0.0214844 0.00772476
0 0.444531 0.861328 0.034375 0.0332031 0.00772476
0 0.530859 0.369629 0.0164062 0.0268555 0.00772476
0 0.542578 0.353516 0.009375 0.0146484 0.00769424
0 0.996094 0.0651855 0.0078125 0.130371 0.00769424
0 0.472656 0.866211 0.0179687 0.0292969 0.00769424
0 0.967578 1 0.0648438 0 0.00769424
0 0.408203 0.491211 0.0164062 0.0166016 0.00766754
0 0.964063 0.0108185 0.071875 0.021637 0.00763702
0 0.822656 1 0.09375 0 0.00757599
0 0.374805 0.55957 0.00664063 0.0117188 0.00751877
0 0.356836 0.588379 0.0125 0.0273438 0.00751877
0 0.803125 0.999023 0.09375 0.00195312 0.00751877
0 0.482812 0.407227 0.015625 0.0185547 0.00748825
0 0.367188 0.427979 0.0234375 0.0361328 0.00748825
0 0.3875 0.538574 0.0203125 0.0302734 0.00740433
0 0.760156 1 0.0859375 0 0.00740433
0 0.805664 1 0.107422 0 0.00737381
0 0.0586426 0.999023 0.117285 0.00195312 0.00728989
0 0.393359 0.53418 0.0117188 0.0185547 0.00725937
0 0.842188 1 0.1125 0 0.00725937
0 0.114404 0.995605 0.168066 0.00878906 0.00725937
0 0.498047 0.416748 0.0179687 0.0307617 0.00723267
0 0.630078 0.270996 0.0140625 0.0214844 0.00720596
0 0.997266 0.960449 0.00546875 0.0791016 0.00720596
0 0.951172 0.999023 0.0976562 0.00195312 0.00720596
0 0.363672 0.797852 0.0171875 0.0253906 0.00717545
0 0.369238 0.799316 0.0123047 0.0166016 0.00714874
0 0.0834473 0.994629 0.166895 0.0107422 0.00712204
0 0.463672 0.372803 0.028125 0.0351562 0.00712204
0 0.780273 1 0.101953 0 0.00698471
0 0.432422 0.601562 0.0117188 0.0205078 0.00695801
0 0.152197 0.99707 0.160449 0.00585938 0.00695801
0 0.827344 0.998047 0.0953125 0.00390625 0.0069313
0 0.426562 0.509766 0.0164062 0.0292969 0.00682449
0 0.564062 0.311523 0.028125 0.0332031 0.00674438
0 0.420703 0.439453 0.015625 0.0180664 0.00671768
0 0.066748 1 0.133496 0 0.00671768
0 0.476953 0.405762 0.0148437 0.0185547 0.00669098
0 0.939062 1 0.121875 0 0.00666809
0 0.502344 0.417969 0.0179687 0.0317383 0.00666809
0 0.589063 0.277344 0.0195312 0.0263672 0.00664139
0 0.734961 1 0.0832031 0 0.00664139
0 0.00100098 0.935547 0.00200195 0.128906 0.00658798
0 0.778906 1 0.090625 0 0.00658798
0 0.00449219 0.946533 0.00898437 0.106934 0.00653839
0 0.851562 0.99707 0.096875 0.00585938 0.00653839
0 0.568359 0.301758 0.01875 0.0268555 0.00651169
0 0.743359 1 0.0929687 0 0.0064888
0 0.289648 0.998535 0.140234 0.00292969 0.0064888
0 0.691797 1 0.120312 0 0.0064888
0 0.35918 0.775391 0.0101562 0.0205078 0.00643921
0 0.754883 1 0.118359 0 0.00641251
0 0.352344 0.764648 0.0339844 0.0498047 0.00638962
0 0.428125 0.588867 0.0273438 0.0361328 0.00636292
0 0.00249023 0.959717 0.00498047 0.0805664 0.00629044
0 0.201953 0.99707 0.157422 0.00585938 0.00624084
0 0.946875 1 0.104687 0 0.00624084
0 0.968359 1 0.0632813 0 0.00619125
0 0.251758 0.997559 0.150391 0.00488281 0.00619125
0 0.426953 0.575195 0.0164062 0.0253906 0.00619125
0 0.900781 0.996582 0.103125 0.00683594 0.00609589
0 0.583984 0.0129395 0.114844 0.0258789 0.006073
0 0.558594 0.0130005 0.116406 0.026001 0.00605011
0 0.646094 0.0118713 0.107031 0.0237427 0.00605011
0 0.36875 0.794922 0.0210938 0.0195312 0.00605011
0 0.469922 0.37207 0.0148437 0.0249023 0.00602722
0 0.595703 0.270508 0.0179687 0.0234375 0.00600433
0 0.385547 0.529785 0.0148437 0.0195312 0.00598145
0 0.472656 0.363525 0.0195312 0.0317383 0.00598145
0 0.925781 0.996094 0.103125 0.0078125 0.00595856
0 0.358398 0.581543 0.0195312 0.0361328 0.005867
0 0.374707 0.415039 0.0185547 0.0332031 0.00584412
0 0.691016 1 0.0882813 0 0.00579834
0 0.358008 0.765137 0.0175781 0.0410156 0.00575256
