0 0.0550293 0.562012 0.0522461 0.0517578 0.945801
0 0.406738 0.710449 0.0685547 0.0732422 0.941406
0 0.96875 0.685059 0.059375 0.0898438 0.934082
0 0.531641 0.382568 0.0375 0.0292969 0.926758
0 0.821094 0.444092 0.0390625 0.03125 0.92334
0 0.729297 0.370361 0.0382813 0.0307617 0.908203
0 0.30625 0.395752 0.0347656 0.0288086 0.907715
0 0.259375 0.399902 0.0328125 0.0361328 0.902832
0 0.0179443 0.486816 0.0358887 0.0400391 0.900391
0 0.333789 0.498047 0.0726563 0.0576172 0.881836
0 0.632031 0.602539 0.034375 0.0585938 0.881836
0 0.0827148 0.452393 0.0390625 0.0395508 0.879395
0 0.582422 0.455078 0.0367187 0.0380859 0.865723
0 0.783008 0.557129 0.0746094 0.0537109 0.86084
0 0.392676 0.45105 0.0373047 0.0422363 0.822754
0 0.195703 0.422607 0.0292969 0.0263672 0.820801
0 0.0181641 0.388916 0.0363281 0.0297852 0.819336
0 0.201172 0.270264 0.0199219 0.0170898 0.818848
0 0.0824463 0.348633 0.0183105 0.0170898 0.810547
0 0.179492 0.366699 0.0246094 0.0268555 0.805176
0 0.170703 0.448242 0.0417969 0.0449219 0.797363
0 0.80625 0.52002 0.034375 0.0283203 0.794922
0 0.0786133 0.414551 0.0207031 0.0273438 0.789062
0 0.0229492 0.354004 0.0332031 0.0249023 0.78418
0 0.960156 0.481323 0.05625 0.0432129 0.772461
0 0.279297 0.473022 0.0335938 0.0441895 0.76709
0 0.264258 0.30835 0.0152344 0.0200195 0.756348
0 0.789844 0.44165 0.021875 0.0229492 0.750488
0 0.0550781 0.472778 0.0222656 0.0310059 0.740234
0 0.309961 0.336914 0.0246094 0.0239258 0.723145
0 0.109766 0.375732 0.03125 0.0288086 0.686035
0 0.405078 0.505859 0.0164062 0.0419922 0.680664
0 0.588281 0.512695 0.0195312 0.0302734 0.668945
0 0.242773 0.359863 0.0277344 0.0244141 0.663574
0 0.255273 0.492676 0.0324219 0.0449219 0.65918
0 0.229297 0.442627 0.034375 0.0385742 0.655762
0 0.12334 0.282471 0.0205078 0.0166016 0.631836
0 0.0262695 0.454834 0.0358398 0.0249023 0.629883
0 0.903906 0.435547 0.0265625 0.0366211 0.612305
0 0.707422 0.451416 0.0273438 0.0307617 0.601074
0 0.272656 0.264893 0.0113281 0.0117188 0.586914
0 0.341406 0.245361 0.0148437 0.0117188 0.560059
0 0.467187 0.240967 0.0117188 0.0141602 0.525391
0 0.683594 0.422607 0.0234375 0.0185547 0.484375
0 0.162012 0.406006 0.0189453 0.0239258 0.478516
0 0.939062 0.218994 0.0125 0.0112305 0.42627
0 0.994922 0.493164 0.0101562 0.0351562 0.413086
0 0.667969 0.44458 0.0539063 0.0424805 0.413086
0 0.899219 0.438232 0.0234375 0.0283203 0.381104
0 0.639453 0.753906 0.0132813 0.0117188 0.354004
0 0.00450439 0.630859 0.00900879 0.0185547 0.338135
0 0.2375 0.44043 0.0234375 0.0317383 0.30249
0 0.467969 0.241211 0.015625 0.0219727 0.289307
0 0.248242 0.25708 0.00859375 0.0117188 0.27832
0 0.287891 0.473755 0.0242187 0.0368652 0.265869
0 0.90625 0.218262 0.0078125 0.00976562 0.264404
0 0.249414 0.362061 0.0222656 0.0229492 0.259766
0 0.670703 0.218445 0.0078125 0.0113525 0.255371
0 0.229687 0.502441 0.0335938 0.0380859 0.23938
0 0.960156 0.20813 0.0078125 0.00805664 0.205566
0 0.00518799 0.571777 0.010376 0.0371094 0.187134
0 0.0835205 0.349609 0.0214355 0.0224609 0.185303
0 0.33457 0.214844 0.0109375 0.0126953 0.182373
0 0.985156 0.214355 0.009375 0.00830078 0.178955
0 0.239453 0.437988 0.0179687 0.0268555 0.174438
0 0.00548096 0.630859 0.0109619 0.0253906 0.173828
0 0.223633 0.501465 0.0214844 0.0371094 0.168823
0 0.223633 0.445557 0.0246094 0.0356445 0.161377
0 0.0855469 0.3479 0.0171875 0.015625 0.151978
0 0.64375 0.442383 0.01875 0.0302734 0.149048
0 0.22793 0.486816 0.0105469 0.0107422 0.145142
0 0.224023 0.436768 0.0203125 0.0258789 0.144165
0 0.970312 0.216125 0.0078125 0.00964355 0.13208
0 0.341602 0.246338 0.0183594 0.0209961 0.129395
0 0.348633 0.492676 0.0359375 0.0351562 0.126343
0 0.946094 0.479858 0.0296875 0.0354004 0.125488
0 0.735937 0.371094 0.028125 0.0268555 0.124207
0 0.995703 0.499512 0.00859375 0.0322266 0.124207
0 0.907031 0.429688 0.01875 0.0288086 0.119202
0 0.00439453 0.568359 0.00878906 0.03125 0.118408
0 0.639844 0.754883 0.0179687 0.0205078 0.113586
0 0.90625 0.218933 0.0109375 0.0142822 0.110474
0 0.228516 0.484863 0.0113281 0.0117188 0.10968
0 0.255273 0.485352 0.0253906 0.0263672 0.104492
0 0.248047 0.259766 0.0152344 0.0209961 0.104126
0 0.635938 0.608887 0.025 0.0527344 0.0980835
0 0.756641 0.550781 0.0257812 0.0351562 0.0966797
0 0.300195 0.391846 0.0238281 0.0180664 0.0960083
0 0.578125 0.452148 0.0304688 0.0307617 0.0960083
0 0.0758057 0.456299 0.0247559 0.0356445 0.0960083
0 0.305078 0.33667 0.01875 0.0239258 0.0933228
0 0.239063 0.362061 0.0238281 0.0224609 0.092041
0 0.939062 0.219666 0.01875 0.0196533 0.0841675
0 0.90625 0.219543 0.0140625 0.0218506 0.0827026
0 0.7875 0.438232 0.01875 0.0214844 0.0800781
0 0.0231323 0.391602 0.0295166 0.0268555 0.0769653
0 0.225977 0.439209 0.0257812 0.0322266 0.0753174
0 0.959375 0.208984 0.0125 0.0112305 0.0745239
0 0.190625 0.432373 0.03125 0.0317383 0.0723877
0 0.798437 0.555664 0.04375 0.046875 0.0692749
0 0.0308594 0.452881 0.0294922 0.0229492 0.0668335
0 0.648047 0.446533 0.0265625 0.0336914 0.0656128
0 0.526563 0.381104 0.0335938 0.0219727 0.0653687
0 0.0189453 0.352539 0.0277344 0.0185547 0.0651245
0 0.334375 0.490234 0.059375 0.0400391 0.0651245
0 0.227148 0.493164 0.0230469 0.0302734 0.0643921
0 0.971094 0.47998 0.0328125 0.0351562 0.064209
0 0.323242 0.501953 0.053125 0.0585938 0.0637207
0 0.794531 0.445557 0.0171875 0.0229492 0.062561
0 0.272461 0.26416 0.0175781 0.0205078 0.0611877
0 0.0826904 0.415039 0.0199707 0.0283203 0.0611877
0 0.276758 0.46936 0.0253906 0.0339355 0.0611877
0 0.101465 0.378662 0.0164062 0.0205078 0.0598755
0 0.591797 0.51123 0.0164062 0.0273438 0.0594177
0 0.398438 0.454956 0.0273438 0.0383301 0.0592041
0 0.660156 0.435303 0.0257812 0.0195312 0.0589905
0 0.942187 0.481323 0.0234375 0.029541 0.0585632
0 0.0549316 0.478149 0.0202148 0.0310059 0.0579224
0 0.824219 0.448486 0.03125 0.0317383 0.0577087
0 0.401953 0.509766 0.01875 0.0449219 0.0564575
0 0.670703 0.218994 0.0140625 0.0205078 0.0535889
0 0.403516 0.51416 0.0164062 0.0341797 0.0528259
0 0.00566406 0.572266 0.0113281 0.0507812 0.0516663
0 0.986719 0.21405 0.0078125 0.010376 0.0514526
0 0.305859 0.260742 0.00585938 0.00878906 0.0512695
0 0.392969 0.443848 0.034375 0.0307617 0.0512695
0 0.240625 0.500977 0.0332031 0.0371094 0.0510864
0 0.642187 0.4375 0.0148437 0.0200195 0.0503235
0 0.292969 0.473145 0.0144531 0.0263672 0.0501404
0 0.908594 0.438232 0.021875 0.0371094 0.0492249
0 0.33418 0.217529 0.0132813 0.0151367 0.0490417
0 0.280664 0.478638 0.0417969 0.0505371 0.0488586
0 0.802344 0.56543 0.0359375 0.0371094 0.0486755
0 0.751562 0.552246 0.015625 0.0283203 0.0481262
0 0.311914 0.398438 0.0261719 0.0297852 0.0479431
0 0.0584473 0.469727 0.0231445 0.0332031 0.0460205
0 0.960156 0.211914 0.01875 0.019043 0.0453491
0 0.589453 0.521973 0.0148437 0.0253906 0.0451965
0 0.535547 0.379883 0.0273438 0.0258789 0.0445251
0 0.711719 0.454346 0.021875 0.0273438 0.0435181
0 0.995313 0.498535 0.009375 0.0371094 0.0433655
0 0.471094 0.242188 0.0195312 0.0244141 0.0432129
0 0.814062 0.441406 0.03125 0.0214844 0.0430298
0 0.963281 0.213379 0.01875 0.0200195 0.042572
0 0.250391 0.48291 0.0222656 0.0205078 0.0419312
0 0.966406 0.214233 0.015625 0.0119629 0.0414734
0 0.627344 0.59082 0.0273438 0.0380859 0.0413208
0 0.289453 0.469727 0.0203125 0.0253906 0.0409851
0 0.994922 0.486816 0.0101562 0.0244141 0.0409851
0 0.0181152 0.493652 0.0326172 0.0410156 0.0409851
0 0.982813 0.487305 0.0234375 0.0341797 0.0391235
0 0.0215576 0.384521 0.0315918 0.0239258 0.0389099
0 0.242383 0.435791 0.0128906 0.0219727 0.0387573
0 0.127344 0.791504 0.0173828 0.0283203 0.0383301
0 0.0791016 0.417725 0.0263672 0.0292969 0.0379639
0 0.223047 0.43042 0.0164062 0.0151367 0.0374756
0 0.313867 0.341797 0.01875 0.0219727 0.036499
0 0.219336 0.442871 0.0214844 0.034668 0.0359497
0 0.536719 0.385742 0.028125 0.0288086 0.0353394
0 0.255078 0.403809 0.03125 0.0332031 0.0350037
0 0.958594 0.474609 0.0484375 0.0341797 0.0342407
0 0.310156 0.341553 0.0230469 0.0244141 0.0340881
0 0.258984 0.392578 0.0265625 0.0219727 0.033844
0 0.176953 0.362305 0.0234375 0.0205078 0.0335999
0 0.124414 0.787598 0.0210938 0.0361328 0.0327759
0 0.0780273 0.419678 0.01875 0.0244141 0.0323486
0 0.116895 0.372803 0.0207031 0.0224609 0.0322266
0 0.197656 0.42749 0.0277344 0.0302734 0.0318604
0 0.163623 0.445801 0.0333008 0.0356445 0.0317383
0 0.970312 0.674316 0.0515625 0.0625 0.0317383
0 0.992578 0.495117 0.0148437 0.0371094 0.0316772
0 0.0200195 0.454834 0.0255859 0.0200195 0.0310211
0 0.748828 0.555664 0.0132813 0.0224609 0.0305634
0 0.961719 0.208984 0.0125 0.0090332 0.0304413
0 0.233203 0.438232 0.0226563 0.0273438 0.0303345
0 0.0513672 0.476562 0.0217773 0.0283203 0.0301056
0 0.352734 0.501465 0.028125 0.0351562 0.0295868
0 0.170312 0.438965 0.0300781 0.0234375 0.0293121
0 0.232617 0.507812 0.0273438 0.0302734 0.0292053
0 0.8 0.516113 0.0265625 0.0253906 0.0290833
0 0.0298706 0.350342 0.0164307 0.0195312 0.0289764
0 0.167383 0.408691 0.0126953 0.0175781 0.0289764
0 0.910937 0.222656 0.0203125 0.0229492 0.0289307
0 0.301953 0.392822 0.025 0.0258789 0.0281067
0 0.189648 0.418213 0.0277344 0.0239258 0.0280151
0 0.219336 0.497559 0.015625 0.0253906 0.0278015
0 0.803906 0.529297 0.0359375 0.0371094 0.0275269
0 0.752734 0.554688 0.0210938 0.0292969 0.0274811
0 0.263086 0.312256 0.0152344 0.0205078 0.0273743
0 0.233789 0.499023 0.0167969 0.0224609 0.0271759
0 0.0567383 0.552734 0.0476562 0.0380859 0.0271759
0 0.997266 0.0529785 0.00546875 0.105957 0.0270081
0 0.819531 0.439209 0.034375 0.0234375 0.0268555
0 0.636719 0.594238 0.0304688 0.046875 0.0266571
0 0.0786133 0.408447 0.0195312 0.0209961 0.0265503
0 0.0511719 0.467896 0.0163086 0.0222168 0.0264587
0 0.399609 0.702637 0.059375 0.0556641 0.0262604
0 0.311523 0.391602 0.0289063 0.0234375 0.0259552
0 0.335352 0.214661 0.0160156 0.0213623 0.0259552
0 0.903125 0.443115 0.0234375 0.0307617 0.0257568
0 0.17832 0.37207 0.021875 0.0224609 0.0256653
0 0.0292847 0.354248 0.0205322 0.0229492 0.0255585
0 0.8125 0.438232 0.025 0.0180664 0.025177
0 0.104102 0.376465 0.0203125 0.0273438 0.0250397
0 0.989844 0.718262 0.0125 0.0185547 0.024704
0 0.208594 0.270508 0.0242187 0.0244141 0.0246124
0 0.582812 0.46228 0.03125 0.036377 0.0244751
0 0.316797 0.338379 0.0136719 0.019043 0.0243378
0 0.0437012 0.463013 0.0195312 0.0280762 0.0243378
0 0.219531 0.50293 0.0171875 0.0332031 0.0237732
0 0.214453 0.44165 0.0191406 0.0307617 0.0236511
0 0.00983887 0.631836 0.0196777 0.0273438 0.0235596
0 0.0152832 0.490234 0.0305664 0.0361328 0.0227203
0 0.00838623 0.575195 0.0167725 0.0458984 0.0226746
0 0.701172 0.448975 0.0289063 0.03125 0.0225372
0 0.0797607 0.348145 0.0260254 0.0185547 0.0224609
0 0.658594 0.438477 0.0367187 0.0317383 0.0224609
0 0.222852 0.507324 0.0195312 0.0302734 0.0222931
0 0.642187 0.754395 0.0148437 0.0117188 0.0222015
0 0.00471191 0.585938 0.00898437 0.0234375 0.0218658
0 0.960938 0.67334 0.0390625 0.0761719 0.0218658
0 0.654688 0.44873 0.0453125 0.0400391 0.021698
0 0.267188 0.394775 0.0203125 0.0244141 0.0213623
0 0.158105 0.404785 0.0160156 0.0205078 0.0213623
0 0.0849365 0.447266 0.0328613 0.0292969 0.021286
0 0.316797 0.867188 0.0359375 0.0693359 0.021286
0 0.34082 0.235596 0.0207031 0.0229492 0.0210114
0 0.265234 0.308594 0.0214844 0.0253906 0.0209656
0 0.0256348 0.349609 0.0262695 0.0249023 0.0206909
0 0.0173218 0.351074 0.0270752 0.0283203 0.0206909
0 0.080835 0.345947 0.0162598 0.0175781 0.0206451
0 0.0763672 0.449219 0.0279297 0.0336914 0.0205688
0 0.592578 0.507324 0.0109375 0.0205078 0.0204926
0 0.290625 0.47937 0.0175781 0.0334473 0.0204468
0 0.0570313 0.572754 0.0560547 0.0507812 0.0204163
0 0.304492 0.335449 0.0269531 0.0214844 0.02034
0 0.101172 0.37207 0.0201172 0.0258789 0.02034
0 0.11416 0.369873 0.0230469 0.0170898 0.0197144
0 0.202734 0.276123 0.0203125 0.03125 0.0197144
0 0.391504 0.459106 0.0365234 0.041748 0.0196381
0 0.318555 0.685547 0.00976562 0.00976562 0.0196381
0 0.399609 0.445312 0.0242187 0.0341797 0.0191956
0 0.755859 0.546387 0.0210938 0.0244141 0.0187683
0 0.215039 0.739746 0.0179687 0.0302734 0.0187683
0 0.903125 0.222839 0.01875 0.0235596 0.0185394
0 0.260547 0.499512 0.0242187 0.0410156 0.0185089
0 0.314063 0.506836 0.0355469 0.0478516 0.0184021
0 0.407031 0.494141 0.0109375 0.0224609 0.0181274
0 0.982813 0.214539 0.0171875 0.019165 0.0180206
0 0.241211 0.365479 0.0273438 0.0229492 0.0176392
0 0.0339844 0.352539 0.0192383 0.0263672 0.0176392
0 0.19082 0.428955 0.0238281 0.0283203 0.0175781
0 0.992969 0.500977 0.0140625 0.03125 0.0175781
0 0.311719 0.515625 0.0285156 0.0332031 0.0175171
0 0.267383 0.304199 0.009375 0.0126953 0.0174408
0 0.0817627 0.408691 0.0153809 0.0166016 0.0174408
0 0.335742 0.219788 0.0175781 0.0233154 0.0174408
0 0.224414 0.490723 0.0171875 0.0175781 0.0173798
0 0.340625 0.247559 0.015625 0.0136719 0.0173035
0 0.895312 0.436035 0.0171875 0.0234375 0.0173035
0 0.974219 0.479492 0.025 0.0292969 0.0173035
0 0.669922 0.220215 0.0117188 0.0141602 0.0172424
0 0.294141 0.469727 0.0132813 0.0195312 0.0171814
0 0.00771484 0.630371 0.0154297 0.0224609 0.0171814
0 0.592969 0.51709 0.01875 0.0341797 0.0171051
0 0.422266 0.712402 0.034375 0.0634766 0.0171051
0 0.247656 0.375488 0.028125 0.0302734 0.0170441
0 0.635547 0.616211 0.0304688 0.0458984 0.016922
0 0.673047 0.216797 0.0179687 0.0224609 0.016922
0 0.725 0.363281 0.028125 0.0297852 0.0167847
0 0.312305 0.332764 0.0238281 0.027832 0.0165863
0 0.251758 0.39624 0.0242187 0.0288086 0.0164642
0 0.195898 0.269287 0.0152344 0.0170898 0.0162201
0 0.537891 0.376953 0.0242187 0.0185547 0.0162201
0 0.736719 0.374512 0.0234375 0.0249023 0.0160217
0 0.301172 0.397949 0.0292969 0.0273438 0.0158386
0 0.996094 0.505859 0.0078125 0.0195312 0.0157776
0 0.705859 0.446533 0.0234375 0.0229492 0.0157166
0 0.270703 0.26709 0.0132813 0.0141602 0.0156708
0 0.528906 0.388428 0.0328125 0.0249023 0.0153656
0 0.408594 0.725586 0.0546875 0.0517578 0.0153656
0 0.595703 0.513184 0.0226563 0.0332031 0.0153656
0 0.795313 0.547363 0.0515625 0.0517578 0.0153656
0 0.903125 0.215942 0.0203125 0.0246582 0.0153046
0 0.676172 0.447266 0.0335938 0.0292969 0.0152512
0 0.0873047 0.35083 0.0166016 0.015625 0.0151291
0 0.712109 0.446777 0.021875 0.0253906 0.0150757
0 0.735547 0.363281 0.0289063 0.0258789 0.0150757
0 0.770508 0.55127 0.0542969 0.0439453 0.0150757
0 0.817969 0.45166 0.0359375 0.0249023 0.0149536
0 0.967969 0.216675 0.01875 0.0202637 0.0149536
0 0.251758 0.489258 0.0277344 0.0341797 0.0149002
0 0.587891 0.459839 0.028125 0.0334473 0.0147858
0 0.907031 0.444092 0.015625 0.0263672 0.0147324
0 0.122852 0.932129 0.0130859 0.0244141 0.0145035
0 0.0059082 0.578125 0.0118164 0.0556641 0.0145035
0 0.833594 0.445068 0.01875 0.0288086 0.0141754
0 0.65625 0.43457 0.0210938 0.0170898 0.0141144
0 0.00472412 0.627441 0.00944824 0.0166016 0.0141144
0 0.164258 0.412109 0.0140625 0.0180664 0.014061
