0 0.76543 0.681152 0.0488281 0.0810547 0.975586
0 0.940625 0.960693 0.046875 0.0786133 0.904297
0 0.655859 0.603516 0.0742188 0.0800781 0.833984
0 0.864062 0.92334 0.053125 0.0703125 0.645996
0 0.741406 0.797852 0.0382813 0.0830078 0.584961
0 0.663672 0.773438 0.05 0.0546875 0.581543
0 0.6625 0.609375 0.0578125 0.0634766 0.543945
0 0.66875 0.779785 0.040625 0.0390625 0.300781
0 0.908594 0.75293 0.01875 0.03125 0.254639
0 0.40625 0.668457 0.0101562 0.0107422 0.203125
0 0.77168 0.67041 0.0425781 0.0615234 0.194336
0 0.898438 0.908203 0.0109375 0.0107422 0.175537
0 0.890625 0.320557 0.0109375 0.019043 0.169922
0 0.655078 0.759766 0.0367187 0.0537109 0.146118
0 0.173047 0.669434 0.0136719 0.0302734 0.133423
0 0.656641 0.746582 0.0234375 0.0244141 0.112793
0 0.174561 0.67334 0.00908203 0.0214844 0.105225
0 0.358594 0.473145 0.0183594 0.0234375 0.104858
0 0.628516 0.57666 0.0203125 0.0224609 0.100891
0 0.816406 0.792969 0.0125 0.0107422 0.100159
0 0.659375 0.742676 0.0179687 0.015625 0.0991211
0 0.955469 0.24292 0.009375 0.0151367 0.0960083
0 0.675391 0.783203 0.0265625 0.0292969 0.0957031
0 0.183594 0.617676 0.0179687 0.0205078 0.0869141
0 0.655469 0.705078 0.00859375 0.0107422 0.0847778
0 0.646875 0.59375 0.0625 0.0693359 0.0823975
0 0.719922 0.83252 0.0125 0.0117188 0.0778198
0 0.674609 0.614746 0.03125 0.0439453 0.0720825
0 0.889063 0.0272827 0.0125 0.0218506 0.0690308
0 0.576953 0.889648 0.0117188 0.0107422 0.0658569
0 0.634375 0.580566 0.0273438 0.0371094 0.0616455
0 0.40625 0.669434 0.0148437 0.0214844 0.0607605
0 0.98125 0.98877 0.0359375 0.0224609 0.0598755
0 0.853906 0.839355 0.009375 0.00976562 0.0568542
0 0.963281 0.822266 0.0140625 0.0234375 0.0549927
0 0.960938 0.820312 0.0171875 0.0292969 0.0549927
0 0.630469 0.580078 0.0234375 0.0273438 0.0545959
0 0.694141 0.270996 0.0195312 0.0336914 0.0544128
0 0.508984 0.613281 0.009375 0.0117188 0.0528259
0 0.744922 0.810059 0.034375 0.0595703 0.0488586
0 0.488281 0.432129 0.00703125 0.0146484 0.0486755
0 0.180664 0.616211 0.0109375 0.0117188 0.0484924
0 0.903906 0.973633 0.0078125 0.0136719 0.0456848
0 0.356055 0.473633 0.0117188 0.0175781 0.0433655
0 0.180859 0.619141 0.0101562 0.015625 0.0430298
0 0.567187 0.271729 0.00703125 0.00878906 0.042572
0 0.890625 0.318359 0.0140625 0.0258789 0.0413208
0 0.885938 0.041214 0.0203125 0.0330505 0.0409851
0 0.964844 0.573242 0.0421875 0.0703125 0.0394287
0 0.7875 0.286865 0.0109375 0.0185547 0.0386047
0 0.888281 0.0351715 0.01875 0.0431824 0.037262
0 0.904688 0.643066 0.009375 0.0146484 0.0363464
0 0.736719 0.788574 0.0320312 0.0761719 0.0363464
0 0.964063 0.819824 0.0171875 0.0332031 0.0358887
0 0.527344 0.401855 0.00625 0.00927734 0.0348816
0 0.84375 0.714844 0.0109375 0.0126953 0.0344849
0 0.655469 0.77002 0.0476562 0.0546875 0.0340881
0 0.719141 0.833008 0.0171875 0.0205078 0.0340881
0 0.955469 0.24292 0.0140625 0.0239258 0.0335388
0 0.842188 0.71582 0.015625 0.0146484 0.0330811
0 0.404687 0.460449 0.021875 0.0214844 0.0330811
0 0.840625 0.714844 0.0203125 0.0244141 0.0330811
0 0.625781 0.575195 0.0132813 0.015625 0.0319824
0 0.817969 0.791504 0.0125 0.0107422 0.0316162
0 0.93125 0.880371 0.101562 0.135742 0.031311
0 0.550781 0.581055 0.009375 0.0107422 0.0311432
0 0.669922 0.572754 0.0101562 0.0195312 0.0310211
0 0.916406 0.287842 0.03125 0.0595703 0.0307312
0 0.872656 0.929199 0.0390625 0.0537109 0.0306702
0 0.857031 0.90625 0.0421875 0.0449219 0.0302124
0 0.750391 0.814941 0.021875 0.0400391 0.0276337
0 0.4875 0.43335 0.0148437 0.0234375 0.0275879
0 0.816406 0.794922 0.01875 0.0224609 0.0274811
0 0.942969 0.240723 0.0234375 0.0302734 0.0270081
0 0.84375 0.834961 0.0171875 0.0224609 0.0266571
0 0.671094 0.569336 0.0078125 0.0146484 0.0257568
0 0.549609 0.582031 0.0078125 0.0078125 0.0253754
0 0.358594 0.477173 0.015625 0.0192871 0.025177
0 0.835156 0.712891 0.0265625 0.0283203 0.0247955
0 0.434766 0.464355 0.0203125 0.0224609 0.0245667
0 0.672266 0.604492 0.0359375 0.0488281 0.0243835
0 0.566797 0.274414 0.015625 0.019043 0.0240021
0 0.188281 0.616699 0.0175781 0.0214844 0.0239563
0 0.403125 0.45874 0.0109375 0.0131836 0.0236969
0 0.486328 0.428955 0.0117188 0.0131836 0.0229797
0 0.464063 0.447754 0.0101562 0.0151367 0.0227966
0 0.403125 0.668457 0.0195312 0.0224609 0.0227661
0 0.957812 0.571289 0.0609375 0.0800781 0.0226746
0 0.567187 0.27417 0.0078125 0.0112305 0.0223694
0 0.940625 0.192627 0.0109375 0.0146484 0.02211
0 0.697266 0.268555 0.0109375 0.0214844 0.0220337
0 0.789844 0.287598 0.0125 0.0185547 0.0220337
0 0.840625 0.833984 0.0078125 0.0117188 0.0214539
0 0.814844 0.791504 0.021875 0.0234375 0.0213623
0 0.641016 0.687988 0.00859375 0.0107422 0.0212097
0 0.696875 0.264893 0.01875 0.0380859 0.0210419
0 0.175146 0.672363 0.0141602 0.0253906 0.0209656
0 0.778906 0.657227 0.0296875 0.0361328 0.0200958
0 0.172607 0.669434 0.0231445 0.03125 0.0193481
0 0.853125 0.597656 0.0171875 0.0136719 0.0192719
0 0.398828 0.461426 0.0210938 0.0205078 0.0191956
0 0.664844 0.586914 0.0421875 0.0429688 0.0190582
0 0.313672 0.565918 0.00742187 0.015625 0.0189056
0 0.541406 0.584961 0.015625 0.0205078 0.0187683
0 0.173584 0.664551 0.0129883 0.0224609 0.018692
0 0.405078 0.67041 0.0125 0.0136719 0.018692
0 0.656641 0.308105 0.0273438 0.0263672 0.018692
0 0.720312 0.834473 0.0148437 0.0136719 0.0186157
0 0.93125 0.609863 0.0265625 0.0332031 0.0180511
0 0.896875 0.907715 0.015625 0.0205078 0.0177765
0 0.488281 0.429199 0.00859375 0.0117188 0.0175171
0 0.355859 0.477051 0.0105469 0.015625 0.0174408
0 0.841406 0.837402 0.009375 0.0107422 0.0174408
0 0.76875 0.053894 0.04375 0.107788 0.0174408
0 0.666797 0.620117 0.0453125 0.0429688 0.0174408
0 0.478125 0.454102 0.0078125 0.0166016 0.0173798
0 0.553125 0.380371 0.00703125 0.0126953 0.0167236
0 0.889844 0.0267792 0.0171875 0.0314026 0.0161591
0 0.468359 0.458496 0.0226563 0.0400391 0.0156708
0 0.410547 0.669434 0.01875 0.0244141 0.0156021
0 0.358203 0.469849 0.0148437 0.0163574 0.0154877
0 0.9375 0.952393 0.0640625 0.0913086 0.0153046
0 0.889844 0.0471191 0.01875 0.0251465 0.0152512
0 0.557813 0.513672 0.0109375 0.00976562 0.0152512
0 0.735547 0.76123 0.0210938 0.0244141 0.0151901
0 0.814844 0.794922 0.0125 0.0126953 0.0150146
0 0.651953 0.748047 0.0320312 0.0322266 0.0149536
0 0.415625 0.460938 0.0234375 0.0224609 0.0148392
0 0.838281 0.693359 0.0203125 0.0302734 0.0148392
0 0.516406 0.421143 0.0195312 0.0234375 0.0144501
0 0.892969 0.317139 0.0109375 0.0185547 0.014389
0 0.836719 0.83252 0.0203125 0.0283203 0.014389
0 0.671094 0.788574 0.0382813 0.0253906 0.0143356
0 0.404297 0.665039 0.0125 0.0146484 0.0142288
0 0.83125 0.696777 0.0359375 0.0439453 0.0141144
0 0.782031 0.664551 0.0265625 0.0537109 0.0137939
0 0.903125 0.975586 0.009375 0.0117188 0.013588
0 0.763086 0.6875 0.0410156 0.0585938 0.0135345
0 0.5625 0.276611 0.01875 0.0229492 0.0135345
0 0.508594 0.616699 0.015625 0.0205078 0.0135345
0 0.654688 0.704102 0.015625 0.0224609 0.0135345
0 0.355078 0.46814 0.0132813 0.0148926 0.0133286
0 0.778125 0.912598 0.1 0.137695 0.0132217
0 0.177979 0.619141 0.0217773 0.0244141 0.0131226
0 0.435547 0.46582 0.0117188 0.015625 0.0130692
0 0.678516 0.623535 0.0242187 0.0302734 0.0130234
0 0.398828 0.459229 0.0117188 0.0112305 0.01297
0 0.192773 0.619629 0.00859375 0.0117188 0.01297
0 0.794531 0.937744 0.10625 0.124512 0.0129242
0 0.65625 0.705078 0.0117188 0.0146484 0.0127716
0 0.0589355 0.632812 0.00732422 0.0107422 0.0126266
0 0.789844 0.288574 0.0171875 0.0283203 0.0126266
0 0.364551 0.470215 0.0240234 0.0244141 0.0126266
0 0.9 0.910645 0.0171875 0.0292969 0.0126266
0 0.876562 0.9375 0.0265625 0.0371094 0.0124283
0 0.419922 0.45752 0.00859375 0.00830078 0.0123825
0 0.735156 0.759277 0.015625 0.0146484 0.0123825
0 0.858594 0.415527 0.0328125 0.0830078 0.0123825
0 0.609375 0.44165 0.00546875 0.00683594 0.0123367
0 0.489453 0.44043 0.009375 0.0146484 0.012291
0 0.623438 0.85791 0.015625 0.0244141 0.0121002
0 0.413672 0.673828 0.0210938 0.0244141 0.0120544
0 0.519922 0.420166 0.009375 0.0102539 0.0120087
0 0.437891 0.464478 0.0195312 0.026123 0.0119629
0 0.936719 0.23877 0.0125 0.0214844 0.0119171
0 0.669531 0.572754 0.0179687 0.0253906 0.0117798
0 0.622656 0.682129 0.00859375 0.00976562 0.0115967
0 0.935156 0.24292 0.009375 0.0180664 0.0115051
0 0.489844 0.435547 0.0132813 0.0258789 0.0115051
0 0.487109 0.431885 0.0109375 0.0170898 0.0114212
0 0.56875 0.351074 0.021875 0.0395508 0.0113297
0 0.938281 0.607422 0.0078125 0.0146484 0.011116
0 0.182812 0.621582 0.0183594 0.0302734 0.011116
0 0.643359 0.693848 0.01875 0.0224609 0.0109863
0 0.489453 0.44458 0.00859375 0.012207 0.0109482
0 0.821875 0.712402 0.0078125 0.0146484 0.0108566
0 0.690234 0.274414 0.021875 0.0317383 0.0108185
0 0.526953 0.410156 0.0171875 0.0253906 0.0106964
0 0.478906 0.452148 0.00703125 0.012207 0.0104065
0 0.416406 0.457764 0.0132813 0.012207 0.0104065
0 0.65 0.762695 0.028125 0.0400391 0.0104065
0 0.407813 0.665039 0.0117188 0.015625 0.0103302
0 0.572656 0.70752 0.0078125 0.0078125 0.0103302
0 0.536328 0.58252 0.0078125 0.00976562 0.01017
0 0.554297 0.514648 0.0164062 0.0126953 0.0101318
0 0.551562 0.584473 0.0179687 0.0214844 0.0100937
0 0.768555 0.694336 0.0488281 0.0546875 0.0100098
0 0.902344 0.754395 0.0328125 0.0390625 0.0100098
0 0.948438 0.951904 0.04375 0.0629883 0.00997162
0 0.707031 0.587402 0.01875 0.0263672 0.00997162
0 0.888281 0.0238037 0.0125 0.020874 0.00993347
0 0.505469 0.426514 0.0234375 0.0263672 0.00993347
0 0.596875 0.530273 0.00859375 0.00976562 0.00989532
0 0.841406 0.686035 0.0078125 0.0136719 0.00989532
0 0.516406 0.60498 0.0125 0.0166016 0.00981903
0 0.8125 0.79834 0.0234375 0.0283203 0.00967407
0 0.905469 0.972656 0.015625 0.0234375 0.00967407
0 0.577734 0.890625 0.0171875 0.0214844 0.00963593
0 0.975 0.582031 0.021875 0.0488281 0.00959778
0 0.554297 0.380127 0.015625 0.0209961 0.00955963
0 0.503125 0.628906 0.00546875 0.0078125 0.00952148
0 0.240234 0.539062 0.0203125 0.0605469 0.00952148
0 0.353711 0.475098 0.0214844 0.0253906 0.00941467
0 0.467187 0.449707 0.0203125 0.0268555 0.00933838
0 0.834375 0.821777 0.0109375 0.0126953 0.00926971
0 0.568359 0.272705 0.0109375 0.0107422 0.00923157
0 0.974219 0.992188 0.0296875 0.015625 0.00923157
0 0.4375 0.464233 0.0109375 0.0119629 0.00919342
0 0.750391 0.822754 0.021875 0.0292969 0.00919342
0 0.832812 0.820312 0.0203125 0.0234375 0.00919342
0 0.514844 0.603516 0.0210938 0.03125 0.00912476
0 0.479688 0.458252 0.0164062 0.034668 0.00905609
0 0.717188 0.835449 0.0171875 0.0166016 0.00898743
0 0.903906 0.640137 0.0125 0.0185547 0.00891876
0 0.684766 0.786621 0.01875 0.0283203 0.00891876
0 0.886719 0.0229187 0.009375 0.0162964 0.00888062
0 0.680469 0.783691 0.0171875 0.0234375 0.0088501
0 0.507031 0.419922 0.0234375 0.0253906 0.00881195
0 0.694141 0.306152 0.0257812 0.0415039 0.00874329
0 0.516797 0.423096 0.0125 0.0136719 0.00871277
0 0.434766 0.470215 0.0078125 0.0107422 0.00871277
0 0.616797 0.3396 0.0078125 0.00927734 0.00867462
0 0.552734 0.382568 0.00703125 0.0126953 0.00867462
0 0.558594 0.290283 0.0078125 0.0117188 0.0086441
0 0.821875 0.81543 0.0109375 0.00976562 0.0086441
0 0.8875 0.0379028 0.0265625 0.0423584 0.0086441
0 0.656641 0.738281 0.0234375 0.0263672 0.0086441
0 0.620703 0.631348 0.0164062 0.015625 0.00861359
0 0.779688 0.67627 0.0359375 0.0585938 0.0085144
0 0.738281 0.762695 0.0171875 0.0195312 0.00847626
0 0.907812 0.75 0.025 0.0332031 0.00844574
0 0.513672 0.611816 0.0210938 0.0273438 0.00844574
0 0.627344 0.571289 0.0164062 0.0175781 0.00837708
0 0.700391 0.259766 0.00859375 0.0170898 0.00834656
0 0.548828 0.381348 0.01875 0.0229492 0.00834656
0 0.314453 0.565918 0.0128906 0.0273438 0.00815582
0 0.698828 0.262695 0.0109375 0.0219727 0.00812531
0 0.675391 0.789062 0.028125 0.0214844 0.00812531
0 0.182764 0.613281 0.0208008 0.0253906 0.00812531
0 0.204492 0.61084 0.0230469 0.0283203 0.00812531
0 0.851562 0.838379 0.021875 0.0273438 0.00806427
0 0.692187 0.279541 0.0226563 0.0327148 0.00800323
0 0.716016 0.831543 0.0289063 0.0195312 0.00793457
0 0.853906 0.597168 0.021875 0.0224609 0.00793457
0 0.775781 0.0430908 0.04375 0.0861816 0.0078125
0 0.816406 0.753906 0.05625 0.0761719 0.0078125
0 0.654297 0.306641 0.021875 0.0180664 0.0077858
0 0.602344 0.348145 0.00703125 0.00878906 0.0077858
0 0.407031 0.669434 0.0210938 0.0185547 0.0077858
0 0.465234 0.443848 0.00859375 0.0112305 0.00775528
0 0.850781 0.899414 0.034375 0.0322266 0.00775528
0 0.349023 0.64209 0.00742187 0.00976562 0.00772476
0 0.903906 0.64209 0.0171875 0.0244141 0.00772476
0 0.517187 0.421631 0.00859375 0.00927734 0.00766754
0 0.558984 0.289795 0.0148437 0.0239258 0.00766754
0 0.830469 0.804688 0.0328125 0.0332031 0.00766754
0 0.961719 0.243164 0.01875 0.0288086 0.00763702
0 0.576563 0.35083 0.0265625 0.0410156 0.00763702
0 0.621875 0.854492 0.0195312 0.0341797 0.00763702
0 0.407031 0.458496 0.0140625 0.0136719 0.00748825
0 0.996094 0.0682373 0.0078125 0.136475 0.00748825
0 0.364062 0.472656 0.0128906 0.0166016 0.00746155
0 0.965625 0.500488 0.0078125 0.015625 0.00740433
0 0.888281 0.317139 0.0125 0.0205078 0.00734711
0 0.605078 0.3396 0.0203125 0.0229492 0.00734711
0 0.736328 0.813477 0.0304688 0.0507812 0.00731659
0 0.372559 0.470825 0.00878906 0.0114746 0.00728989
0 0.480469 0.447021 0.015625 0.027832 0.00723267
0 0.846875 0.840332 0.0140625 0.0136719 0.00720596
0 0.195508 0.609375 0.0226563 0.0283203 0.00720596
0 0.195508 0.618652 0.00703125 0.0107422 0.00717545
0 0.815625 0.788086 0.015625 0.015625 0.00717545
0 0.609375 0.554688 0.00859375 0.0117188 0.00714874
0 0.627734 0.572754 0.0242187 0.0214844 0.00714874
0 0.848437 0.895996 0.021875 0.0166016 0.00709534
0 0.779102 0.0276489 0.0339844 0.0552979 0.00706482
0 0.939062 0.238525 0.0171875 0.0302734 0.00706482
0 0.559375 0.317627 0.0179687 0.0395508 0.00701141
0 0.520312 0.404541 0.0210938 0.0239258 0.00695801
0 0.700781 0.26123 0.0179687 0.0449219 0.0069313
0 0.642969 0.542969 0.00703125 0.0117188 0.0069046
0 0.936719 0.609375 0.0171875 0.0273438 0.0068779
0 0.683594 0.616699 0.01875 0.0380859 0.0068512
0 0.772852 0.659668 0.0355469 0.0449219 0.0068512
0 0.757812 0.702637 0.0265625 0.03125 0.00679779
0 0.307813 0.568848 0.0226563 0.0341797 0.00677109
0 0.0390137 1 0.0780273 0 0.00674438
0 0.162695 0.668457 0.0222656 0.0302734 0.00669098
0 0.534766 0.564941 0.00625 0.0078125 0.00666809
0 0.0359375 0.999023 0.071875 0.00195312 0.00664139
0 0.964063 0.82666 0.0125 0.0185547 0.00658798
0 0.0567505 1 0.0993896 0 0.00658798
0 0.892969 0.321289 0.0140625 0.0200195 0.00653839
0 0.405859 0.456543 0.0234375 0.0239258 0.00653839
0 0.839844 0.82666 0.0171875 0.0322266 0.00653839
0 0.541797 0.577637 0.01875 0.0244141 0.0064888
0 0.900781 0.974609 0.021875 0.0253906 0.0064888
0 0.715625 0.631348 0.0382813 0.0830078 0.00641251
0 0.615625 0.552734 0.00859375 0.0126953 0.00638962
0 0.817383 0.939453 0.110547 0.121094 0.00634003
