0 0.215039 0.570312 0.0449219 0.0429688 0.932129
0 0.567187 0.316406 0.040625 0.034668 0.878906
0 0.0341797 0.0257263 0.0683594 0.0514526 0.671387
0 0.648438 0.135864 0.0132813 0.0168457 0.620605
0 0.496484 0.0216064 0.0507812 0.0432129 0.505859
0 0.782031 0.0827637 0.0859375 0.126709 0.5
0 0.159375 0.0133362 0.0332031 0.0266724 0.476562
0 0.391113 0.0206299 0.0521484 0.0412598 0.377441
0 0.348047 0.0106506 0.0226563 0.0213013 0.36377
0 0.351758 0.00769043 0.0175781 0.0153809 0.281494
0 0.445312 0.0267334 0.05 0.0534668 0.2323
0 0.500781 0.0155487 0.040625 0.0310974 0.230225
0 0.928125 0.95166 0.0359375 0.0830078 0.213989
0 0.384277 0.0187988 0.0384766 0.0375977 0.206909
0 0.853125 0.148193 0.06875 0.0893555 0.184204
0 0.648438 0.135986 0.015625 0.0227051 0.183594
0 0.706641 0.779785 0.009375 0.0107422 0.156128
0 0.366602 0.00706482 0.00859375 0.0141296 0.147095
0 0.31543 0.0107117 0.0238281 0.0214233 0.145142
0 0.560938 0.313721 0.028125 0.0288086 0.140381
0 0.466016 0.0230103 0.034375 0.0460205 0.137939
0 0.827344 0.769043 0.0078125 0.0078125 0.137573
0 0.308008 0.0114136 0.0179687 0.0228271 0.134277
0 0.251172 0.0110779 0.0148437 0.0221558 0.130249
0 0.637109 0.78125 0.0125 0.0126953 0.129395
0 0.32793 0.00970459 0.0164062 0.0184937 0.106689
0 0.330664 0.010498 0.0210938 0.0209961 0.105957
0 0.409766 0.0210266 0.0242187 0.0420532 0.093689
0 0.827344 0.197876 0.0078125 0.0183105 0.0900879
0 0.342578 0.0108948 0.0175781 0.019104 0.0881958
0 0.308789 0.0167847 0.0179687 0.0167236 0.0869141
0 0.367969 0.0127258 0.0164062 0.0254517 0.085083
0 0.248437 0.0103149 0.0128906 0.0206299 0.0847778
0 0.841406 0.0877991 0.0390625 0.0578003 0.0817871
0 0.932031 0.11145 0.06875 0.130615 0.0800781
0 0.057959 0.0271606 0.0208984 0.0366211 0.078064
0 0.958594 0.882324 0.0234375 0.0517578 0.0775146
0 0.729297 0.0165405 0.0273438 0.0202637 0.0755615
0 0.910156 0.174927 0.0078125 0.0134277 0.0736694
0 0.972266 0.0903931 0.0554687 0.180786 0.072876
0 0.164502 0.0110474 0.0233398 0.0192261 0.0726318
0 0.119434 0.0742798 0.0652344 0.0843506 0.0705566
0 0.354688 0.0130005 0.0253906 0.026001 0.0661011
0 0.706641 0.780273 0.0148437 0.0205078 0.0605164
0 0.366016 0.0109558 0.009375 0.0219116 0.0589905
0 0.414844 0.0231934 0.0210938 0.0463867 0.0587769
0 0.266602 0.0119019 0.0351562 0.0238037 0.0585632
0 0.555469 0.198486 0.0164062 0.0229492 0.0577087
0 0.572656 0.313965 0.0289063 0.0297852 0.0566406
0 0.556641 0.3125 0.021875 0.0239258 0.0545959
0 0.432813 0.0310059 0.0257812 0.0518799 0.053009
0 0.732422 0.0160217 0.0179687 0.00958252 0.0522461
0 0.555859 0.199829 0.0109375 0.0134277 0.0518494
0 0.333789 0.0123901 0.0191406 0.019104 0.0507202
0 0.0309082 0.0820312 0.0575195 0.09375 0.0490417
0 0.249609 0.00732422 0.00664063 0.0131836 0.0460205
0 0.305273 0.0163574 0.0121094 0.0146484 0.0458679
0 0.958594 0.885254 0.0203125 0.0380859 0.0455322
0 0.248047 0.0107422 0.00742187 0.0180664 0.0448608
0 0.619531 0.917969 0.0078125 0.00878906 0.0435181
0 0.941406 0.697266 0.015625 0.0136719 0.0423889
0 0.304883 0.0120544 0.0113281 0.0178833 0.0413208
0 0.295117 0.0107727 0.0210938 0.0215454 0.0411377
0 0.974609 0.0770874 0.0507812 0.127319 0.0409851
0 0.0609375 0.0235138 0.0188477 0.0364685 0.0402527
0 0.639063 0.895996 0.0195312 0.0136719 0.0379028
0 0.211133 0.563965 0.0386719 0.03125 0.0375977
0 0.412891 0.0140381 0.021875 0.0280762 0.0370483
0 0.865625 0.768555 0.03125 0.0322266 0.0363464
0 0.804688 0.138062 0.0140625 0.0183105 0.0359497
0 0.637109 0.897461 0.025 0.0244141 0.0352783
0 0.467578 0.0169678 0.0304688 0.0339355 0.0346069
0 0.0583496 0.0271149 0.0133789 0.0270691 0.0333252
0 0.860156 0.100586 0.0109375 0.0119629 0.0332031
0 0.867188 0.762207 0.0265625 0.0273438 0.032959
0 0.348437 0.847168 0.0199219 0.0185547 0.0327148
0 0.482031 0.0219727 0.028125 0.0439453 0.0318604
0 0.344336 0.00827026 0.0164062 0.0165405 0.0314941
0 0.561719 0.318604 0.0335938 0.0292969 0.0313721
0 0.828906 0.193237 0.0125 0.0270996 0.0309601
0 0.460547 0.0182495 0.0320312 0.036499 0.0305634
0 0.510156 0.868164 0.0078125 0.00878906 0.0299835
0 0.208008 0.0461731 0.0695312 0.0923462 0.0293732
0 0.889844 0.108765 0.0171875 0.026123 0.0282135
0 0.853125 0.406738 0.009375 0.00976562 0.0280151
0 0.767383 0.161621 0.0683594 0.0966797 0.0272675
0 0.73125 0.0572205 0.0296875 0.0828247 0.0261993
0 0.637891 0.780762 0.015625 0.0205078 0.0258026
0 0.263477 0.89502 0.009375 0.0214844 0.0256653
0 0.889844 0.112183 0.0203125 0.0349121 0.0254669
0 0.30332 0.00720215 0.00859375 0.0136719 0.0250854
0 0.619531 0.917969 0.0101562 0.0107422 0.0245209
0 0.27793 0.0115356 0.0335938 0.0230713 0.0244751
0 0.0612793 0.0305481 0.0162109 0.0274048 0.0241852
0 0.356641 0.0110779 0.0199219 0.0221558 0.0241394
0 0.536328 0.91748 0.00625 0.0078125 0.0239563
0 0.914062 0.64209 0.00625 0.00878906 0.0236969
0 0.197266 0.0539398 0.0421875 0.0708313 0.0235596
0 0.860156 0.101807 0.015625 0.0224609 0.022934
0 0.255859 0.013855 0.0207031 0.02771 0.0227661
0 0.828906 0.192139 0.0078125 0.0222168 0.0226288
0 0.0104614 0.0237427 0.0209229 0.0474854 0.0217438
0 0.496484 0.0282593 0.046875 0.0478516 0.0209656
0 0.441797 0.0171509 0.0351562 0.0343018 0.0208435
0 0.250586 0.00924683 0.009375 0.0176392 0.0207214
0 0.222461 0.564453 0.0320312 0.0332031 0.0202942
0 0.219727 0.57666 0.0429688 0.0410156 0.0202484
0 0.37041 0.0078125 0.0146484 0.015625 0.0201721
0 0.942187 0.109619 0.096875 0.149902 0.0200958
0 0.347852 0.00820923 0.0257812 0.0164185 0.0200195
0 0.356836 0.00700378 0.0179687 0.0140076 0.0199432
0 0.891406 0.887207 0.00625 0.00683594 0.0197906
0 0.646094 0.13562 0.0140625 0.0187988 0.0196381
0 0.707812 0.18811 0.0140625 0.015625 0.0191193
0 0.970312 0.114105 0.059375 0.136536 0.018692
0 0.36582 0.0178833 0.0078125 0.0205078 0.0186157
0 0.225781 0.576172 0.0246094 0.0341797 0.0184784
0 0.352344 0.0145874 0.0179687 0.0180664 0.0184021
0 0.424609 0.0325317 0.0195312 0.0444336 0.0183411
0 0.803125 0.140747 0.0125 0.0231934 0.0176392
0 0.804688 0.144897 0.0203125 0.0373535 0.0176392
0 0.782031 0.810059 0.00625 0.00976562 0.0175781
0 0.30918 0.00735474 0.0140625 0.0147095 0.0173035
0 0.975391 0.123627 0.0492188 0.127258 0.0172424
0 0.829687 0.19873 0.0140625 0.0224609 0.0167847
0 0.34043 0.0147705 0.0179687 0.0174561 0.0166626
0 0.849219 0.0902405 0.0296875 0.0441284 0.0165863
0 0.648047 0.136963 0.0234375 0.0217285 0.0163422
0 0.094458 0.0238953 0.0720215 0.0477905 0.0162811
0 0.932031 0.0925293 0.053125 0.109863 0.0155411
0 0.825 0.192627 0.0171875 0.0288086 0.0154266
0 0.105762 0.838867 0.0251953 0.0273438 0.0151901
0 0.435547 0.014679 0.0335938 0.0293579 0.0150757
0 0.940625 0.696289 0.01875 0.0224609 0.0150146
0 0.0446777 0.354492 0.00908203 0.0166016 0.0147858
0 0.910937 0.174194 0.0140625 0.020752 0.0141754
0 0.766992 0.651855 0.0222656 0.0283203 0.0141754
0 0.646875 0.129761 0.0195312 0.0258789 0.0141144
0 0.158936 0.00932312 0.0387695 0.0186462 0.0139542
0 0.510156 0.868164 0.0125 0.0126953 0.0136337
0 0.144629 0.174438 0.0166016 0.0141602 0.013588
0 0.410937 0.00987244 0.0195312 0.0197449 0.0134277
0 0.706641 0.159424 0.0328125 0.0786133 0.0134277
0 0.552344 0.31665 0.0164062 0.0297852 0.0134277
0 0.709766 0.779785 0.01875 0.0234375 0.0133743
0 0.168262 0.0106201 0.0169922 0.0147095 0.0132751
0 0.310156 0.012207 0.0253906 0.0234985 0.0130692
0 0.971875 0.069931 0.053125 0.091095 0.0130234
0 0.914844 0.174561 0.0203125 0.0239258 0.0130234
0 0.347656 0.0148926 0.0203125 0.0192871 0.01297
0 0.998047 0.0321045 0.00390625 0.064209 0.0129242
0 0.986719 0.176025 0.01875 0.0317383 0.0129242
0 0.827344 0.201904 0.0078125 0.0131836 0.0128708
0 0.32832 0.0151672 0.0171875 0.0175171 0.0127716
0 0.370996 0.0155334 0.0267578 0.0310669 0.0126266
0 0.786719 0.678223 0.0109375 0.0117188 0.0125275
0 0.508203 0.0134735 0.0320312 0.026947 0.0124817
0 0.183398 0.0546265 0.0160156 0.0489502 0.0124283
0 0.322852 0.0067749 0.0171875 0.0135498 0.0123367
0 0.83125 0.181885 0.009375 0.0222168 0.0123367
0 0.155176 0.016922 0.034375 0.0325623 0.0122375
0 0.45625 0.0293579 0.04375 0.0511475 0.0120544
0 0.921094 0.972656 0.0265625 0.046875 0.0120087
0 0.108203 0.078949 0.0550781 0.0784302 0.0119629
0 0.411328 0.0259552 0.0179687 0.0350037 0.0119171
0 0.833594 0.0951233 0.0578125 0.0665894 0.0118713
0 0.560156 0.197754 0.0179687 0.0253906 0.0117798
0 0.466016 0.00842285 0.01875 0.0168457 0.0116882
0 0.519922 0.253906 0.00703125 0.0136719 0.0116882
0 0.159863 0.037384 0.0380859 0.0747681 0.0115967
0 0.992188 0.172852 0.015625 0.0349121 0.011467
0 0.314453 0.006073 0.0160156 0.012146 0.0113754
0 0.552734 0.310791 0.0171875 0.027832 0.0113297
0 0.208008 0.572754 0.0394531 0.0390625 0.0112
0 0.612109 0.504395 0.0148437 0.0244141 0.0112
0 0.332227 0.00830078 0.01875 0.0166016 0.011116
0 0.932031 0.939941 0.03125 0.0595703 0.0110703
0 0.312891 0.0177002 0.0195312 0.0158081 0.0109024
0 0.621094 0.406738 0.009375 0.0102539 0.0109024
0 0.619141 0.915527 0.015625 0.0205078 0.0109024
0 0.263281 0.894531 0.0148437 0.0263672 0.0108185
0 0.826563 0.769531 0.009375 0.0107422 0.0107346
0 0.503125 0.03125 0.0382813 0.041748 0.0106964
0 0.783398 0.0805359 0.0660156 0.10553 0.0105286
0 0.380078 0.303223 0.009375 0.00830078 0.0104523
0 0.435156 0.0285645 0.0398437 0.0571289 0.0104523
0 0.826563 0.77002 0.0140625 0.0185547 0.0104065
0 0.83125 0.180176 0.015625 0.041748 0.0103302
0 0.194922 0.0148926 0.0359375 0.0297852 0.0100937
0 0.767773 0.657715 0.0269531 0.0400391 0.0100937
0 0.617969 0.912598 0.0164062 0.0146484 0.0100555
0 0.788281 0.677246 0.00625 0.00878906 0.0100098
0 0.0669922 0.269043 0.0138672 0.0209961 0.00993347
0 0.409375 0.0164795 0.034375 0.032959 0.00993347
0 0.557422 0.195679 0.009375 0.0114746 0.00981903
0 0.866406 0.160034 0.0421875 0.0690918 0.00959778
0 0.925781 0.104401 0.0484375 0.111511 0.00955963
0 0.777539 0.172729 0.0652344 0.083252 0.00955963
0 0.703125 0.776367 0.0226563 0.0263672 0.00952148
0 0.819531 0.716797 0.00625 0.0078125 0.00948334
0 0.574219 0.320801 0.028125 0.0322266 0.00941467
0 0.638672 0.136108 0.0234375 0.0270996 0.00941467
0 0.141797 0.221985 0.0316406 0.0438232 0.00933838
0 0.0666504 0.853027 0.018457 0.0253906 0.00926971
0 0.467187 0.029953 0.0289063 0.0406799 0.00923157
0 0.246289 0.0128174 0.015625 0.0256348 0.00919342
0 0.885156 0.73291 0.0078125 0.0107422 0.0091629
0 0.537109 0.916504 0.0046875 0.0078125 0.0091629
0 0.964063 0.871582 0.028125 0.0664062 0.0091629
0 0.203711 0.366455 0.0363281 0.0649414 0.00905609
0 0.883594 0.00857544 0.11875 0.0171509 0.00894928
0 0.70625 0.780273 0.0132813 0.0126953 0.0088501
0 0.237109 0.0122986 0.0273438 0.0245972 0.00878143
0 0.541406 0.0245209 0.0226563 0.0327454 0.00878143
0 0.86875 0.177246 0.025 0.0317383 0.00878143
0 0.471875 0.00895691 0.0203125 0.0179138 0.00867462
0 0.551172 0.849609 0.00703125 0.00976562 0.0086441
0 0.926562 0.0895691 0.040625 0.0855103 0.0086441
0 0.4625 0.00587463 0.0132813 0.0117493 0.00857544
0 0.957812 0.890137 0.0171875 0.03125 0.00857544
0 0.25625 0.0131378 0.0300781 0.0262756 0.00857544
0 0.378906 0.0281677 0.0210938 0.0283813 0.00857544
0 0.735937 0.196045 0.009375 0.0158691 0.00841522
0 0.423828 0.0328369 0.03125 0.0488281 0.00837708
0 0.232617 0.235596 0.0765625 0.0644531 0.00831604
0 0.0235596 0.0217896 0.0471191 0.0435791 0.00831604
0 0.166943 0.0528564 0.0333008 0.0666504 0.00831604
0 0.509375 0.867188 0.0179687 0.0205078 0.00831604
0 0.0583984 0.904785 0.0296875 0.0302734 0.008255
0 0.505078 0.00915527 0.0351562 0.0183105 0.00812531
0 0.275977 0.306152 0.00742187 0.00976562 0.00806427
0 0.333594 0.0115662 0.0316406 0.0231323 0.00800323
0 0.0551758 0.0188599 0.028418 0.0377197 0.00800323
0 0.479688 0.945068 0.0460938 0.0473633 0.00796509
0 0.910937 0.170898 0.0109375 0.0148926 0.0078125
0 0.201758 0.570801 0.0226563 0.0390625 0.0078125
0 0.579687 0.310059 0.0179687 0.0170898 0.00775528
0 0.230273 0.0519104 0.0792969 0.0997925 0.00775528
0 0.317773 0.00860596 0.0300781 0.0172119 0.00775528
0 0.143555 0.290527 0.0246094 0.0439453 0.00769424
0 0.863281 0.763184 0.0296875 0.0322266 0.00769424
0 0.434375 0.0391235 0.025 0.0356445 0.00757599
0 0.707422 0.779297 0.0210938 0.0166016 0.00757599
0 0.573047 0.875 0.00703125 0.00976562 0.00751877
0 0.00621338 0.304688 0.0124268 0.151367 0.00743103
0 0.244922 0.00846863 0.0222656 0.0169373 0.00740433
0 0.00559082 0.944336 0.0111816 0.111328 0.00734711
0 0.371777 0.0131683 0.0173828 0.0263367 0.00728989
0 0.0705078 0.0811768 0.0738281 0.079834 0.00728989
0 0.651563 0.129028 0.0195312 0.026123 0.00728989
0 0.51875 0.253174 0.0171875 0.0224609 0.00725937
0 0.885156 0.108276 0.0234375 0.0302734 0.00723267
0 0.942187 0.919922 0.0078125 0.0136719 0.00720596
0 0.307813 0.00820923 0.0269531 0.0164185 0.00720596
0 0.511328 0.0230713 0.0351562 0.0390625 0.00720596
0 0.401953 0.606445 0.0101562 0.00878906 0.00717545
0 0.181836 0.011795 0.0269531 0.0235901 0.00717545
0 0.263281 0.0896912 0.00820312 0.0161743 0.00714874
0 0.555859 0.202148 0.0234375 0.0251465 0.00712204
0 0.773633 0.0634613 0.0871094 0.0896301 0.00712204
0 0.719922 0.0871582 0.0164062 0.0361328 0.00712204
0 0.296289 0.00753784 0.0164062 0.0150757 0.00706482
0 0.957812 1 0.084375 0 0.00706482
0 0.800781 0.0718536 0.0359375 0.0843201 0.00701141
0 0.131934 0.28833 0.0183594 0.0371094 0.00695801
0 0.729688 0.0152893 0.025 0.0108032 0.0069046
0 0.885938 0.115112 0.028125 0.0424805 0.0069046
0 0.466406 0.772949 0.0078125 0.00976562 0.0068512
0 0.611719 0.500488 0.009375 0.0117188 0.00677109
0 0.503125 0.85791 0.00859375 0.00878906 0.00677109
0 0.556641 0.189819 0.01875 0.0251465 0.00677109
0 0.832031 0.175293 0.0109375 0.0268555 0.00674438
0 0.358398 0.0160522 0.0191406 0.0223389 0.00671768
0 0.734375 0.0154419 0.025 0.0222168 0.00671768
0 0.838281 0.19519 0.0234375 0.0285645 0.00669098
0 0.73125 0.0800781 0.0203125 0.0512695 0.00664139
0 0.857813 0.182373 0.0078125 0.0178223 0.00661469
0 0.0559814 0.0813599 0.0880371 0.0882568 0.00661469
0 0.90625 0.538086 0.0265625 0.0429688 0.00658798
0 0.844531 0.0847778 0.028125 0.0457764 0.00656509
0 0.263281 0.889648 0.00859375 0.0166016 0.00653839
0 0.799023 0.0853424 0.0503906 0.109833 0.00651169
0 0.203906 0.0625458 0.0472656 0.0672913 0.0064888
0 0.26543 0.0173035 0.0394531 0.0346069 0.00643921
0 0.560547 0.323975 0.0304688 0.0322266 0.00643921
0 0.576953 0.324463 0.021875 0.03125 0.00643921
0 0.877344 0.176392 0.0171875 0.0292969 0.00641251
0 0.847656 0.00799561 0.117188 0.0159912 0.00636292
0 1 0.0231934 0 0.0463867 0.00634003
0 0.533203 0.0258026 0.0273438 0.0350647 0.00634003
0 0.410937 0.0311127 0.0140625 0.0250549 0.00631332
0 0.381152 0.0181122 0.0267578 0.0348206 0.00626373
0 0.0625 0.0338745 0.0108398 0.0186768 0.00626373
0 0.780664 0.814453 0.0183594 0.0253906 0.00624084
0 0.63125 0.910645 0.0257812 0.0283203 0.00624084
0 0.554688 0.306885 0.0148437 0.0141602 0.00619125
0 0.476953 0.942871 0.0414063 0.0322266 0.00619125
0 0.0831299 0.0224915 0.0583496 0.0449829 0.00616837
0 0.981641 0.113281 0.0367187 0.135986 0.00614548
0 0.636719 0.782227 0.0234375 0.0185547 0.00612259
