0 0.517187 0.378662 0.0453125 0.0419922 0.927734
0 0.0276855 0.962646 0.0553711 0.074707 0.871094
0 0.0404663 0.341553 0.0409424 0.0385742 0.791016
0 0.0641113 0.180664 0.0245117 0.0273438 0.782227
0 0.751953 0.0196228 0.0242187 0.019104 0.770508
0 0.149902 0.179932 0.0248047 0.0305176 0.725586
0 0.090918 0.0101624 0.0185547 0.015564 0.71875
0 0.0392578 0.177734 0.0259766 0.0366211 0.697754
0 0.536719 0.652344 0.0382813 0.0839844 0.663574
0 0.19668 0.388428 0.0359375 0.0717773 0.650391
0 0.193555 0.039505 0.0308594 0.0212097 0.600098
0 0.990625 0.0791626 0.0109375 0.0115967 0.482422
0 0.9625 0.0750122 0.03125 0.0174561 0.462891
0 0.870313 0.0226746 0.015625 0.00970459 0.455078
0 0.245312 0.0109253 0.0121094 0.0153198 0.430176
0 0.710156 0.0221863 0.0148437 0.0105591 0.368408
0 0.436719 0.00543213 0.0117188 0.0108643 0.355713
0 0.510547 0.00344849 0.0109375 0.00689697 0.336426
0 0.196094 0.962402 0.0316406 0.0283203 0.330322
0 0.901563 0.0232239 0.021875 0.0131226 0.325928
0 0.900781 0.0237427 0.025 0.0197754 0.272705
0 0.283008 0.00665283 0.009375 0.00817871 0.262939
0 0.669922 0.00616455 0.0320312 0.0123291 0.216064
0 0.304492 0.00842285 0.0128906 0.00964355 0.196777
0 0.0671875 0.17749 0.0193359 0.0244141 0.188354
0 0.0910156 0.0108337 0.0205078 0.0216675 0.181885
0 0.125586 0.505859 0.0191406 0.0166016 0.178955
0 0.232422 0.00714111 0.00976562 0.00872803 0.177856
0 0.245508 0.0107422 0.0164062 0.0214844 0.167725
0 0.870313 0.0237274 0.0203125 0.019928 0.166138
0 0.711328 0.0241089 0.0203125 0.0195312 0.163452
0 0.233398 0.00732422 0.0125 0.0106812 0.158203
0 0.357812 0.54541 0.0132813 0.0117188 0.142212
0 0.14541 0.182373 0.0195312 0.0275879 0.124207
0 0.304883 0.0088501 0.0195312 0.0177002 0.101929
0 0.296875 0.00944519 0.0242187 0.0188904 0.100891
0 0.4375 0.00799561 0.015625 0.0159912 0.0991211
0 0.194727 0.967773 0.0351562 0.0429688 0.0991211
0 0.484766 0.00537109 0.00703125 0.00860596 0.0977173
0 0.967188 0.0737915 0.025 0.0161133 0.0917358
0 0.0700928 0.180542 0.0219238 0.027832 0.0830078
0 0.751172 0.723633 0.0171875 0.0175781 0.0817871
0 0.0930664 0.00793457 0.0134766 0.012207 0.0786133
0 0.0479004 0.343506 0.028125 0.0336914 0.0753174
0 0.0353882 0.966064 0.0464111 0.0678711 0.0680542
0 0.757812 0.0198364 0.021875 0.0244141 0.0670776
0 0.230664 0.00756836 0.00976562 0.00793457 0.0643921
0 0.512109 0.383057 0.0382813 0.0375977 0.0639648
0 0.504297 0.679688 0.0101562 0.0166016 0.0587769
0 0.197656 0.378418 0.0320312 0.0546875 0.0562439
0 0.04375 0.180664 0.0255859 0.0366211 0.055603
0 0.154297 0.176636 0.0185547 0.0266113 0.0541992
0 0.942969 0.929688 0.025 0.0400391 0.0520325
0 0.355664 0.546875 0.0214844 0.0195312 0.0512695
0 0.283398 0.00839233 0.0175781 0.0167847 0.0492249
0 0.512109 0.00656128 0.0164062 0.0131226 0.0492249
0 0.511328 0.00447083 0.0132813 0.00894165 0.0469055
0 0.232617 0.0101013 0.0183594 0.0188599 0.0456848
0 0.0653809 0.186035 0.0204102 0.0236816 0.0453491
0 0.721094 0.73291 0.0164062 0.0175781 0.044342
0 0.230859 0.952148 0.0132813 0.0107422 0.0440063
0 0.755859 0.0175171 0.0203125 0.0172119 0.0413208
0 0.0865234 0.697266 0.0125 0.0107422 0.0411377
0 0.623828 0.949219 0.0117188 0.0107422 0.0409851
0 0.356055 0.546387 0.0171875 0.0146484 0.0408325
0 0.751953 0.726074 0.01875 0.0283203 0.0405273
0 0.964844 0.994141 0.015625 0.0117188 0.0399475
0 0.0453613 0.337158 0.0360352 0.0336914 0.0397949
0 0.542578 0.658203 0.0382813 0.0742188 0.0397949
0 0.904688 0.022644 0.015625 0.010376 0.0381775
0 0.150977 0.174316 0.0230469 0.0222168 0.0363464
0 0.736328 0.584961 0.009375 0.0117188 0.0363464
0 0.188281 0.0393066 0.0277344 0.0135498 0.035675
0 0.0542969 0.175903 0.0246094 0.0305176 0.0344238
0 0.141602 0.181763 0.0207031 0.0297852 0.0340271
0 0.988281 0.0800171 0.0203125 0.0198975 0.033844
0 0.198828 0.0378265 0.0242187 0.0133362 0.0328369
0 0.0955078 0.0109863 0.0210938 0.0219727 0.0327148
0 0.0613281 0.187378 0.019043 0.0205078 0.0324707
0 0.722266 0.735352 0.0195312 0.0332031 0.031311
0 0.488672 0.00820923 0.0195312 0.0164185 0.0306702
0 0.240625 0.00918579 0.0152344 0.0134277 0.0301056
0 0.0379883 0.182739 0.031543 0.0412598 0.0290833
0 0.484375 0.0075531 0.0171875 0.0151062 0.0289307
0 0.0359375 0.187012 0.0171875 0.0314941 0.0285492
0 0.974219 0.0762939 0.0203125 0.0235596 0.0285492
0 0.9125 0.856934 0.009375 0.0126953 0.0283356
0 0.671875 0.0035553 0.028125 0.0071106 0.0282135
0 0.928906 0.995117 0.0078125 0.00976562 0.0281067
0 0.997266 0.0469971 0.00546875 0.0939941 0.0270691
0 0.618359 0.92627 0.0382813 0.0527344 0.0267029
0 0.043457 0.172363 0.0209961 0.0236816 0.0266571
0 0.0395996 0.186035 0.0235352 0.0356445 0.0263519
0 0.158496 0.180786 0.0210938 0.0288086 0.0263519
0 0.675391 0.00352478 0.0179687 0.00704956 0.0255585
0 0.484375 0.00631714 0.009375 0.0112915 0.0240479
0 0.965625 0.991699 0.021875 0.0166016 0.023819
0 0.0356934 0.954102 0.0416016 0.0625 0.0232391
0 0.991406 0.0795288 0.0171875 0.0240479 0.0231476
0 0.540234 0.961182 0.0242187 0.0249023 0.0222931
0 0.0889648 0.696777 0.0166016 0.0136719 0.0220337
0 0.909375 0.856445 0.0171875 0.0224609 0.0204926
0 0.199805 0.961182 0.0265625 0.0229492 0.0204163
0 0.622656 0.946777 0.0210938 0.0244141 0.0202179
0 0.535937 0.962891 0.0171875 0.0175781 0.0201721
0 0.847656 0.135498 0.00625 0.00878906 0.0195618
0 0.143262 0.187012 0.0146484 0.0209961 0.0195618
0 0.160449 0.806641 0.0128906 0.0214844 0.0195618
0 0.552344 0.95459 0.00546875 0.0078125 0.0195618
0 0.737109 0.586914 0.015625 0.0214844 0.0190582
0 0.0916016 0.00917053 0.0220703 0.0183411 0.0189362
0 0.218945 0.00997925 0.0351562 0.0199585 0.0187225
0 0.0244385 0.971924 0.048877 0.0561523 0.0173798
0 0.664844 0.00564575 0.0335938 0.0112915 0.0173798
0 0.969531 0.0718994 0.0171875 0.0133057 0.0173035
0 0.149512 0.544434 0.0130859 0.0136719 0.0171814
0 0.309375 0.00952148 0.0226563 0.019043 0.0171814
0 0.191797 0.00866699 0.0160156 0.00891113 0.016922
0 0.963281 0.992676 0.015625 0.0146484 0.0167847
0 0.726562 0.740723 0.0289063 0.0380859 0.0167236
0 0.533203 0.38208 0.01875 0.0385742 0.0166626
0 0.527734 0.386475 0.025 0.0283203 0.0165863
0 0.227734 0.518066 0.0136719 0.0107422 0.0164032
0 0.064917 0.174438 0.0209473 0.019043 0.0163422
0 0.245898 0.0116577 0.0230469 0.0187378 0.0162201
0 0.523828 0.374512 0.0359375 0.0361328 0.0158997
0 0.0883789 0.00830078 0.0179687 0.0162354 0.0154266
0 0.754297 0.0256958 0.0234375 0.0330811 0.0154266
0 0.0334961 0.177734 0.0174805 0.0280762 0.0148392
0 0.708984 0.0202026 0.021875 0.0231934 0.0146179
0 0.667578 0.00297546 0.0273438 0.00595093 0.014389
0 0.851562 0.132812 0.0171875 0.0236816 0.0143356
0 0.151855 0.186279 0.0210938 0.0244141 0.0142288
0 0.243359 0.014801 0.0183594 0.0167847 0.0141754
0 0.0365234 0.337402 0.0361328 0.0283203 0.0141754
0 0.0894531 0.0127258 0.0267578 0.0252075 0.0141144
0 0.909375 0.0233154 0.0234375 0.0224609 0.0139542
0 0.248242 0.0111084 0.0148437 0.0170288 0.0138474
0 0.848437 0.134644 0.0140625 0.0200195 0.0136871
0 0.192188 0.398438 0.0304688 0.0625 0.013588
0 0.230469 0.00775146 0.0132813 0.0100708 0.0135345
0 0.761719 0.662109 0.009375 0.0146484 0.0132751
0 0.20625 0.00996399 0.0414063 0.019928 0.0131226
0 0.960938 0.0725708 0.025 0.0174561 0.012825
0 0.904688 0.0242615 0.01875 0.0128784 0.0127258
0 0.379395 0.540039 0.0123047 0.0107422 0.0127258
0 0.0555664 0.180908 0.025 0.0280762 0.0126724
0 0.0328125 0.341064 0.0364258 0.0297852 0.0124817
0 0.513281 0.375 0.0375 0.0322266 0.0123825
0 0.829687 0.995605 0.0140625 0.00878906 0.0123825
0 0.758984 0.665527 0.0171875 0.0273438 0.0123367
0 0.0032959 0.0500488 0.0065918 0.100098 0.0122375
0 0.274219 0.00935364 0.0269531 0.0187073 0.012146
0 0.350977 0.541016 0.0238281 0.0234375 0.0120544
0 0.936719 0.920898 0.0125 0.0175781 0.0119629
0 0.992969 0.0776367 0.009375 0.0150146 0.0119171
0 0.207617 0.385254 0.0292969 0.0639648 0.0117798
0 0.738281 0.585938 0.0132813 0.015625 0.0116882
0 0.486719 0.0043335 0.0109375 0.00866699 0.011467
0 0.874219 0.0223083 0.015625 0.00982666 0.011467
0 0.913281 0.856934 0.015625 0.0234375 0.0114212
0 0.249805 0.0140076 0.0183594 0.0256958 0.0110703
0 0.507031 0.385742 0.028125 0.0317383 0.0109024
0 0.992969 0.0811768 0.0125 0.0145264 0.0106964
0 0.243945 0.00849915 0.0238281 0.0169983 0.0105286
0 0.989062 0.0808105 0.0140625 0.0135498 0.0102463
0 0.190234 0.962402 0.0496094 0.0458984 0.0102463
0 0.124121 0.506836 0.0257812 0.0195312 0.01017
0 0.305078 0.00813293 0.021875 0.0162659 0.01017
0 0.19707 0.00762939 0.0175781 0.00860596 0.00997162
0 0.267383 0.885742 0.0132813 0.0263672 0.00997162
0 0.362695 0.543457 0.0210938 0.0224609 0.00993347
0 0.938281 0.856445 0.00625 0.00976562 0.00981903
0 0.762109 0.664551 0.015625 0.0263672 0.00971222
0 0.542969 0.669434 0.0304688 0.0595703 0.00971222
0 0.753516 0.735352 0.021875 0.0449219 0.00971222
0 0.604688 0.512207 0.0101562 0.0117188 0.00967407
0 0.198828 0.045166 0.0261719 0.0301514 0.00952148
0 0.281641 0.00836182 0.0144531 0.0123901 0.00948334
0 0.910937 0.859863 0.009375 0.0146484 0.00948334
0 0.200586 0.397949 0.028125 0.0581055 0.00933838
0 0.0499023 0.33252 0.0228516 0.0253906 0.00933838
0 0.528125 0.648438 0.0328125 0.0830078 0.00912476
0 0.847656 0.993164 0.009375 0.0117188 0.00905609
0 0.0872314 0.00891113 0.0286621 0.0178223 0.00905609
0 0.539062 0.963867 0.0195312 0.0175781 0.00901794
0 0.292578 0.515625 0.00976562 0.0117188 0.00898743
0 0.709375 0.673828 0.0109375 0.0166016 0.0088501
0 0.196289 0.00958252 0.0277344 0.019165 0.0088501
0 0.510547 0.00553894 0.0234375 0.0110779 0.00881195
0 0.267383 0.881348 0.0117188 0.0273438 0.00878143
0 0.533203 0.372314 0.01875 0.0341797 0.00878143
0 0.569141 0.73877 0.0640625 0.0849609 0.00874329
0 0.386328 0.722168 0.0148437 0.0185547 0.00857544
0 0.525391 0.383545 0.03125 0.0371094 0.0085144
0 0.0176514 0.96167 0.0353027 0.0766602 0.0085144
0 0.231055 0.953613 0.0230469 0.0234375 0.00831604
0 0.877344 0.849609 0.0125 0.0195312 0.00828552
0 0.283203 0.00738525 0.0226563 0.0147705 0.00809479
0 0.14082 0.181274 0.0328125 0.0263672 0.00803375
0 0.952344 0.0742798 0.0203125 0.0240479 0.00800323
0 0.308984 0.943359 0.0171875 0.00976562 0.00796509
0 0.188477 0.0330658 0.0265625 0.0293274 0.00793457
0 0.610937 0.924805 0.0351562 0.0566406 0.00787354
0 0.282227 0.00782776 0.0226563 0.0156555 0.0077858
0 0.702344 0.0236359 0.0242187 0.0231628 0.00772476
0 0.651563 0.70459 0.00625 0.00878906 0.00769424
0 0.347852 0.875977 0.0195312 0.015625 0.00769424
0 0.127441 0.498047 0.0207031 0.0224609 0.00769424
0 0.530078 0.378906 0.0226563 0.0356445 0.00763702
0 0.9625 0.0667725 0.0296875 0.029541 0.00763702
0 0.94375 0.938721 0.03125 0.0698242 0.00763702
0 0.749609 0.727051 0.0140625 0.0224609 0.00760651
0 0.341211 0.945312 0.0078125 0.00878906 0.00757599
0 0.21582 0.776367 0.0480469 0.0703125 0.00754929
0 0.620703 0.951172 0.021875 0.0283203 0.00754929
0 0.711719 0.0281677 0.0265625 0.0214233 0.00751877
0 0.746094 0.0191345 0.0171875 0.0160522 0.00748825
0 0.0988281 0.0163574 0.0216797 0.0270996 0.00746155
0 0.208398 0.820801 0.0148437 0.0175781 0.00743103
0 0.902344 0.0274658 0.028125 0.0222168 0.00734711
0 0.706641 0.677734 0.0203125 0.0351562 0.00734711
0 0.0723145 0.171021 0.0219727 0.0273438 0.00728989
0 0.754687 0.0261993 0.0304688 0.0263367 0.00725937
0 0.342383 0.224854 0.0238281 0.0297852 0.00717545
0 0.208008 0.772949 0.0394531 0.0576172 0.00717545
0 0.710938 0.671387 0.0101562 0.0117188 0.00714874
0 0.945312 0.978516 0.0109375 0.0117188 0.00703812
0 0.39541 0.494141 0.0607422 0.0761719 0.00695801
0 0.0057251 0.0675049 0.0114502 0.13501 0.0069046
0 0.9375 0.924805 0.0171875 0.0263672 0.00677109
0 0.516797 0.736328 0.00859375 0.0078125 0.00674438
0 0.204297 0.00720215 0.0195312 0.00964355 0.00671768
0 0.232812 0.00967407 0.0242187 0.0140991 0.00671768
0 0.294922 0.00770569 0.0300781 0.0154114 0.00669098
0 0.661328 0.708008 0.00859375 0.00878906 0.00666809
0 0.94375 0.929199 0.01875 0.0302734 0.00666809
0 0.482422 0.00721741 0.0265625 0.0144348 0.00661469
0 0.305859 0.941895 0.0113281 0.00683594 0.00651169
0 0.726172 0.73291 0.0242187 0.0292969 0.00651169
0 0.438281 0.00708008 0.0117188 0.0141602 0.0064621
0 0.9 0.0195312 0.025 0.0252686 0.00638962
0 0.626172 0.952148 0.0242187 0.0302734 0.00638962
0 0.848437 0.989258 0.0125 0.0195312 0.00634003
0 0.189844 0.395508 0.0429688 0.0712891 0.00634003
0 0.114355 0.449707 0.0441406 0.0673828 0.00629044
0 0.0873047 0.01474 0.0162109 0.0162964 0.00621796
0 0.947656 0.786621 0.01875 0.0224609 0.00616837
0 0.501953 0.470093 0.00625 0.00805664 0.00614548
0 0.721094 0.726562 0.0117188 0.0136719 0.00612259
0 0.106543 0.457031 0.0615234 0.0849609 0.00612259
0 0.965234 0.457764 0.0695312 0.109863 0.00609589
0 0.635547 0.480957 0.0109375 0.0107422 0.00605011
0 0.0322266 0.648438 0.0101562 0.0136719 0.00605011
0 0.719141 0.735352 0.0117188 0.0175781 0.00605011
0 0.466797 0.832031 0.0421875 0.0585938 0.00605011
0 0.852344 0.130981 0.0078125 0.0114746 0.00600433
0 0.713281 0.679688 0.0226563 0.0371094 0.00600433
0 0.209375 0.00744629 0.0214844 0.0101318 0.00598145
0 0.287109 0.00643921 0.0132813 0.00805664 0.00598145
0 0.471484 0.00888062 0.0289063 0.0177612 0.00598145
0 0.526953 0.801758 0.0703125 0.115234 0.00591278
0 0.124219 0.501465 0.0158203 0.015625 0.00588989
0 0.452734 0.00912476 0.0257812 0.0182495 0.00588989
0 0.20918 0.764648 0.0203125 0.0244141 0.00584412
0 0.671094 0.0165405 0.0335938 0.0330811 0.00582123
0 0.283594 0.0122681 0.0199219 0.0245361 0.00577545
0 0.9875 0.0780029 0.015625 0.0142822 0.00572968
0 0.0688721 0.173706 0.0155762 0.0166016 0.00570679
0 0.95625 0.0769653 0.0234375 0.0136719 0.00568771
0 0.658594 0.611328 0.0140625 0.0146484 0.00568771
0 0.753906 0.674316 0.0296875 0.0449219 0.00564194
0 0.470313 0.576172 0.00859375 0.00878906 0.00559998
0 0.553125 0.999023 0.144531 0.00195312 0.00559998
0 0.55 0.955566 0.01875 0.0234375 0.00559998
0 0.0412598 0.349854 0.0364258 0.0405273 0.00557709
0 0.259766 0.403076 0.00742187 0.0107422 0.0055542
0 0.467187 0.577148 0.0117188 0.0107422 0.00551224
0 0.624219 0.931152 0.0289063 0.0478516 0.00551224
0 0.295508 0.518066 0.0152344 0.0166016 0.00548935
0 0.339258 0.528809 0.00664063 0.0078125 0.00548935
0 0.535547 0.634766 0.0304688 0.0507812 0.00548935
0 0.0764648 0.187256 0.0199219 0.0273438 0.00548935
0 0.153906 0.541992 0.0238281 0.0302734 0.00547028
0 0.6625 0.00253296 0.0210938 0.00506592 0.00542831
0 0.552344 0.952637 0.00703125 0.0107422 0.00538635
0 0.760547 0.666016 0.0109375 0.0166016 0.00536346
0 0.673828 0.916016 0.009375 0.0146484 0.00534439
0 0.753125 0.721191 0.0203125 0.0283203 0.00534439
0 0.297266 0.0149536 0.0300781 0.0280762 0.00530243
0 0.352539 0.549805 0.0269531 0.0273438 0.00530243
0 0.576953 0.99707 0.157031 0.00585938 0.00526047
0 0.382422 0.538574 0.0234375 0.0224609 0.00526047
0 0.634766 0.741699 0.0109375 0.0126953 0.00519943
0 0.187695 0.00784302 0.0125 0.00933838 0.00518036
0 0.768359 0.957275 0.0570313 0.0737305 0.00518036
0 0.0600586 0.172485 0.0166016 0.0175781 0.00516129
0 0.871875 0.0281525 0.0265625 0.0213318 0.0051384
0 0.00469971 0.413574 0.00939941 0.131836 0.0051384
0 0.542578 0.95459 0.0242187 0.0263672 0.00510025
