0 0.732031 0.743164 0.025 0.0410156 0.856445
0 0.564844 0.568359 0.0195312 0.0283203 0.829102
0 0.576563 0.628906 0.0195312 0.0322266 0.82666
0 0.502734 0.482544 0.0179687 0.0280762 0.794434
0 0.466406 0.447998 0.0171875 0.0249023 0.778809
0 0.639844 0.648926 0.01875 0.0263672 0.726562
0 0.680469 0.666504 0.0195312 0.0341797 0.705078
0 0.620703 0.61084 0.021875 0.0302734 0.699219
0 0.467187 0.583984 0.0140625 0.0332031 0.668945
0 0.51875 0.506836 0.0117188 0.0273438 0.645996
0 0.513281 0.569824 0.0179687 0.0292969 0.602051
0 0.495703 0.626953 0.0125 0.0283203 0.562012
0 0.559375 0.73877 0.0078125 0.0107422 0.511719
0 0.583594 0.604492 0.0179687 0.0322266 0.480469
0 0.592969 0.590332 0.0164062 0.0224609 0.462891
0 0.517187 0.648926 0.0117188 0.0263672 0.462891
0 0.446875 0.580566 0.0101562 0.0234375 0.451416
0 0.655469 0.639648 0.0195312 0.0351562 0.449463
0 0.495313 0.583008 0.0148437 0.0322266 0.368408
0 0.535937 0.706543 0.00859375 0.0195312 0.339844
0 0.48125 0.46228 0.0101562 0.0187988 0.299072
0 0.582031 0.611816 0.0171875 0.0361328 0.286133
0 0.591406 0.591309 0.0179687 0.0302734 0.281494
0 0.591406 0.586914 0.0140625 0.0185547 0.259766
0 0.499609 0.477051 0.0132813 0.0185547 0.2323
0 0.580859 0.600098 0.015625 0.0283203 0.226807
0 0.860937 0.609863 0.009375 0.0273438 0.217285
0 0.464453 0.444336 0.0148437 0.0234375 0.19812
0 0.561719 0.562988 0.015625 0.0185547 0.19812
0 0.860937 0.607422 0.0125 0.0322266 0.194946
0 0.567578 0.570801 0.0164062 0.0273438 0.185913
0 0.501172 0.478149 0.0164062 0.026123 0.180054
0 0.574219 0.624512 0.0179687 0.0283203 0.172119
0 0.479688 0.460449 0.0132813 0.0224609 0.171021
0 0.642969 0.650391 0.0164062 0.0263672 0.169922
0 0.860937 0.602051 0.009375 0.0205078 0.165649
0 0.497656 0.631348 0.0164062 0.03125 0.165039
0 0.501172 0.558594 0.0117188 0.0185547 0.160278
0 0.546094 0.722168 0.00625 0.0107422 0.141235
0 0.467187 0.579102 0.0117188 0.0283203 0.135742
0 0.539062 0.710938 0.00859375 0.015625 0.131226
0 0.464063 0.583496 0.0242187 0.03125 0.128906
0 0.676562 0.661133 0.0140625 0.0273438 0.125122
0 0.517969 0.641113 0.00859375 0.0214844 0.119995
0 0.674219 0.65625 0.0109375 0.0136719 0.119202
0 0.49375 0.587402 0.0132813 0.0322266 0.105225
0 0.646094 0.645508 0.0179687 0.0263672 0.100525
0 0.576563 0.755371 0.00703125 0.00976562 0.100159
0 0.640625 0.653809 0.0195312 0.0283203 0.0997925
0 0.510547 0.563477 0.0148437 0.0195312 0.0984497
0 0.576953 0.756836 0.00859375 0.0117188 0.0984497
0 0.594922 0.592773 0.0140625 0.0244141 0.0957031
0 0.466406 0.591797 0.0125 0.0273438 0.0946655
0 0.447266 0.581055 0.0140625 0.0273438 0.0923462
0 0.521484 0.645996 0.0171875 0.0302734 0.0907593
0 0.852344 0.808594 0.0046875 0.00683594 0.0866089
0 0.516406 0.503906 0.0164062 0.0292969 0.0820923
0 0.5375 0.709961 0.0132813 0.0273438 0.0809326
0 0.514453 0.575684 0.015625 0.0244141 0.0800781
0 0.469531 0.451904 0.0164062 0.0244141 0.0789185
0 0.65 0.640625 0.0179687 0.0302734 0.078064
0 0.594922 0.591309 0.0195312 0.0283203 0.0747681
0 0.533984 0.703613 0.00703125 0.0166016 0.0731812
0 0.644141 0.654785 0.0148437 0.0253906 0.0726318
0 0.639453 0.647461 0.0242187 0.0332031 0.0663452
0 0.580078 0.632812 0.0164062 0.0302734 0.0656128
0 0.571094 0.572754 0.0226563 0.0292969 0.064209
0 0.490234 0.602051 0.009375 0.0273438 0.0634766
0 0.561328 0.740723 0.015625 0.0195312 0.0623169
0 0.587109 0.603027 0.0171875 0.0292969 0.0609741
0 0.584766 0.596191 0.01875 0.0283203 0.0594177
0 0.5375 0.708496 0.0101562 0.0214844 0.0583496
0 0.501562 0.5625 0.0140625 0.0263672 0.058136
0 0.491797 0.597656 0.0117188 0.03125 0.0566406
0 0.635156 0.640137 0.0164062 0.0234375 0.0558167
0 0.516797 0.572266 0.0140625 0.0263672 0.055603
0 0.558594 0.740234 0.00859375 0.0117188 0.0554199
0 0.728906 0.735352 0.01875 0.0292969 0.0548096
0 0.589063 0.766602 0.00546875 0.00878906 0.0539856
0 0.575 0.62793 0.0226563 0.0429688 0.0535889
0 0.615625 0.603516 0.0140625 0.0166016 0.0526123
0 0.663672 0.651367 0.01875 0.0302734 0.0526123
0 0.653125 0.646973 0.0195312 0.0322266 0.0524292
0 0.726172 0.732422 0.0132813 0.0214844 0.0520325
0 0.495703 0.57666 0.0132813 0.0322266 0.0514526
0 0.736328 0.748047 0.0171875 0.0332031 0.0514526
0 0.467969 0.449707 0.025 0.0317383 0.0512695
0 0.517578 0.567871 0.0125 0.0253906 0.0490417
0 0.566406 0.57666 0.015625 0.0205078 0.0488586
0 0.500781 0.556152 0.0101562 0.0146484 0.0484924
0 0.517969 0.501953 0.0109375 0.0214844 0.0465393
0 0.582812 0.62207 0.0148437 0.0302734 0.0458679
0 0.675781 0.657227 0.0125 0.0185547 0.0446777
0 0.451172 0.580566 0.015625 0.0302734 0.044342
0 0.502734 0.481445 0.0265625 0.0322266 0.0438538
0 0.605469 0.601074 0.01875 0.0273438 0.0422363
0 0.652344 0.633789 0.0140625 0.0273438 0.0420837
0 0.578906 0.760742 0.0164062 0.0205078 0.0406799
0 0.624219 0.610352 0.0195312 0.0253906 0.0403748
0 0.49375 0.592773 0.015625 0.0410156 0.0386047
0 0.683203 0.67334 0.01875 0.0361328 0.037384
0 0.498437 0.62793 0.0140625 0.0224609 0.0367737
0 0.658203 0.646484 0.0132813 0.0283203 0.0367737
0 0.622266 0.612793 0.0296875 0.0361328 0.0360718
0 0.476562 0.587891 0.021875 0.0361328 0.035553
0 0.5 0.579102 0.0171875 0.0341797 0.0354919
0 0.464453 0.586914 0.01875 0.0322266 0.0352783
0 0.473437 0.453125 0.0195312 0.0283203 0.0343018
0 0.483594 0.463867 0.015625 0.0253906 0.0333862
0 0.632031 0.637695 0.0117188 0.0175781 0.0306702
0 0.491406 0.62793 0.0195312 0.0332031 0.0304413
0 0.498828 0.566406 0.0109375 0.0253906 0.0301056
0 0.575391 0.758301 0.0179687 0.0205078 0.0301056
0 0.617969 0.615723 0.0234375 0.0322266 0.0298767
0 0.582031 0.603516 0.0265625 0.0351562 0.0298157
0 0.487109 0.466797 0.0203125 0.0253906 0.0292511
0 0.860156 0.608398 0.021875 0.0371094 0.0281677
0 0.546094 0.725586 0.00859375 0.0117188 0.0280151
0 0.731641 0.736816 0.021875 0.0351562 0.0278015
0 0.494141 0.578613 0.0117188 0.0253906 0.0273743
0 0.448828 0.577148 0.0125 0.015625 0.0268555
0 0.679688 0.691406 0.0078125 0.0126953 0.0268555
0 0.519922 0.507324 0.0210938 0.03125 0.0267029
0 0.518359 0.646973 0.0203125 0.0341797 0.0261993
0 0.499609 0.55957 0.0125 0.0244141 0.0261078
0 0.51875 0.644531 0.0140625 0.0292969 0.0255127
0 0.49375 0.632324 0.0171875 0.0302734 0.0254669
0 0.54375 0.72168 0.0132813 0.0214844 0.0252686
0 0.515625 0.676758 0.009375 0.0136719 0.0243378
0 0.497656 0.57373 0.0148437 0.0410156 0.0241394
0 0.514844 0.645996 0.0257812 0.0263672 0.0231934
0 0.578125 0.595703 0.0109375 0.0166016 0.0230713
0 0.583203 0.765137 0.0195312 0.0234375 0.0227966
0 0.508203 0.482422 0.0234375 0.03125 0.0227661
0 0.625781 0.616699 0.0210938 0.0302734 0.0225372
0 0.520312 0.51416 0.009375 0.0195312 0.0219421
0 0.503125 0.490234 0.0164062 0.0273438 0.0200958
0 0.676953 0.669922 0.0320312 0.0390625 0.0200958
0 0.482812 0.467896 0.0109375 0.017334 0.0198669
0 0.515234 0.503418 0.0296875 0.0273438 0.0196381
0 0.649609 0.631836 0.0117188 0.0146484 0.0188293
0 0.504297 0.56543 0.015625 0.0253906 0.018692
0 0.5875 0.586914 0.0117188 0.0126953 0.0182648
0 0.516406 0.655273 0.0125 0.0234375 0.0180511
0 0.521875 0.570312 0.0242187 0.0283203 0.0179901
0 0.680469 0.691406 0.0140625 0.0244141 0.0179901
0 0.00339355 0.0605469 0.00678711 0.121094 0.0178528
0 0.633203 0.643066 0.0164062 0.0263672 0.0177765
0 0.690625 0.707031 0.0078125 0.0117188 0.0174408
0 0.555859 0.736816 0.0164062 0.0214844 0.016922
0 0.578906 0.634766 0.0234375 0.0332031 0.0168457
0 0.558594 0.736328 0.0117188 0.015625 0.0166626
0 0.621875 0.621582 0.0210938 0.0380859 0.0162201
0 0.634766 0.62793 0.0140625 0.0214844 0.016098
0 0.514844 0.572754 0.0242187 0.0302734 0.016098
0 0.533984 0.704102 0.0140625 0.0234375 0.016098
0 0.578516 0.639648 0.0132813 0.0224609 0.0155411
0 0.633594 0.635254 0.01875 0.0302734 0.0154266
0 0.497656 0.628418 0.0242187 0.03125 0.0153656
0 0.0381348 0.00839233 0.0762695 0.0167847 0.0151901
0 0.859375 0.615723 0.0109375 0.0224609 0.0150757
0 0.441016 0.583984 0.021875 0.0283203 0.014389
0 0.518359 0.515137 0.0140625 0.0224609 0.0142288
0 0.616016 0.610352 0.0335938 0.0302734 0.014061
0 0.588281 0.765137 0.015625 0.0205078 0.014061
0 0.496094 0.584473 0.0210938 0.0361328 0.0136337
0 0.490625 0.627441 0.03125 0.0322266 0.0134277
0 0.844531 0.804688 0.021875 0.0234375 0.0132217
0 0.4625 0.441406 0.0203125 0.0273438 0.0130234
0 0.5375 0.709473 0.0203125 0.03125 0.012825
0 0.588281 0.765137 0.00703125 0.0126953 0.0126266
0 0.562891 0.57373 0.0234375 0.0341797 0.0124817
0 0.6 0.59082 0.0132813 0.015625 0.0124283
0 0.633203 0.621094 0.015625 0.0234375 0.0123825
0 0.65 0.640625 0.0289063 0.0332031 0.0122375
0 0.727734 0.747559 0.0304688 0.0458984 0.0122375
0 0.484375 0.463989 0.0257812 0.0251465 0.012146
0 0.479688 0.46814 0.015625 0.0187988 0.0120544
0 0.586719 0.766602 0.0117188 0.0146484 0.0120544
0 0.461719 0.897461 0.00859375 0.0117188 0.0115967
0 0.6125 0.602051 0.0132813 0.0136719 0.0115509
0 0.494531 0.594238 0.0226563 0.0429688 0.011467
0 0.858594 0.598145 0.01875 0.0273438 0.0114212
0 0.569531 0.577148 0.0140625 0.0224609 0.0113754
0 0.633594 0.0096283 0.134375 0.0192566 0.0112457
0 0.50625 0.476929 0.0125 0.0217285 0.0110321
0 0.557813 0.565918 0.0179687 0.0214844 0.0109863
0 0.561328 0.73877 0.0117188 0.0117188 0.0109482
0 0.513281 0.650391 0.0148437 0.0234375 0.0106506
0 0.732813 0.851562 0.00703125 0.0107422 0.0104523
0 0.461719 0.591309 0.0304688 0.0341797 0.0102463
0 0.00452881 0.945801 0.00905762 0.108398 0.01017
0 0.934375 0.0115051 0.115625 0.0230103 0.0100937
0 0.461719 0.439453 0.0132813 0.0146484 0.00985718
0 0.683984 0.697754 0.0117188 0.0175781 0.00985718
0 0.851562 0.607422 0.0265625 0.0371094 0.00967407
0 0.6375 0.619141 0.0210938 0.0332031 0.00955963
0 0.586719 0.609863 0.0132813 0.0253906 0.00948334
0 0.596484 0.0090332 0.132031 0.0180664 0.00948334
0 0.671094 0.0101776 0.133594 0.0203552 0.00945282
0 0.562891 0.574707 0.0351562 0.0322266 0.00945282
0 0.996094 0.0537109 0.0078125 0.107422 0.00926971
0 0.605859 0.600098 0.0320312 0.0292969 0.00912476
0 0.489062 0.600586 0.0171875 0.0292969 0.00888062
0 0.511328 0.577148 0.0179687 0.0244141 0.00874329
0 0.445312 0.585938 0.015625 0.0234375 0.00871277
0 0.591016 0.583496 0.0210938 0.0283203 0.00857544
0 0.538281 0.705078 0.0164062 0.0283203 0.00857544
0 0.463281 0.453125 0.01875 0.0268555 0.00844574
0 0 0.0414734 0 0.0829468 0.00844574
0 0.735937 0.748535 0.0265625 0.0351562 0.00837708
0 0.685547 0.667969 0.0148437 0.0292969 0.00831604
0 0.572266 0.617676 0.0125 0.0205078 0.00828552
0 0.569141 0.564453 0.0171875 0.0224609 0.00821686
0 0.476562 0.926758 0.00625 0.00976562 0.00821686
0 0.502734 0.473511 0.0210938 0.0285645 0.00818634
0 0.482422 0.57666 0.0273438 0.0371094 0.00815582
0 0.499609 0.624512 0.0117188 0.0214844 0.00809479
0 0.00646973 0.0775146 0.0129395 0.155029 0.00809479
0 0.683594 0.678711 0.0164062 0.03125 0.00800323
0 0.909375 0.0108643 0.11875 0.0217285 0.00800323
0 0.466016 0.572266 0.0078125 0.0146484 0.00796509
0 0.79707 0.0106812 0.118359 0.0213623 0.00793457
0 0.508984 0.492188 0.0148437 0.0283203 0.00790405
0 0.522656 0.5 0.0195312 0.0292969 0.00787354
0 0.6625 0.643555 0.0140625 0.0214844 0.0078125
0 0.00720215 0.923096 0.0144043 0.153809 0.0078125
0 0.505078 0.573242 0.0171875 0.0302734 0.00763702
0 0.639063 0.640137 0.0171875 0.0244141 0.00763702
0 0.5375 0.716797 0.01875 0.0332031 0.00763702
0 0.491406 0.612793 0.0125 0.0273438 0.00760651
0 0.524219 0.505371 0.0117188 0.0214844 0.00754929
0 0.575391 0.566895 0.0117188 0.0166016 0.00748825
0 0.708594 0.0100098 0.126563 0.0200195 0.00734711
0 0.729688 0.850586 0.015625 0.0195312 0.00734711
0 0.550391 0.737305 0.0195312 0.0244141 0.00731659
0 0.526953 0.688965 0.009375 0.0136719 0.00728989
0 0.678906 0.678711 0.0195312 0.03125 0.00725937
0 0.664062 0.649414 0.0304688 0.0292969 0.00723267
0 0.0496094 0.00915527 0.0992187 0.0183105 0.00720596
0 0.476172 0.453125 0.0132813 0.0234375 0.00717545
0 0.850781 0.808105 0.0171875 0.0214844 0.00714874
0 0.966016 0.0139923 0.0679687 0.0279846 0.00712204
0 0.00153809 0.934082 0.00307617 0.131836 0.00709534
0 0.0583984 0.999023 0.116797 0.00195312 0.00706482
0 0.657812 0.634277 0.0117188 0.0244141 0.00703812
0 0.6625 0.638672 0.0117188 0.0185547 0.00698471
0 0.838281 0.79834 0.009375 0.0107422 0.00695801
0 0.499609 0.579102 0.025 0.0390625 0.00695801
0 0.834375 0.792969 0.0109375 0.0117188 0.0069046
0 0.884375 0.0107117 0.117188 0.0214233 0.0069046
0 0.575391 0.636719 0.034375 0.0371094 0.0069046
0 0.0442871 1 0.0885742 0 0.0069046
0 0.68125 0.690918 0.00859375 0.0146484 0.00682449
0 0.526563 0.685059 0.00703125 0.0107422 0.00679779
0 0.82207 0.0105896 0.119922 0.0211792 0.00679779
0 0.477344 0.587891 0.0367187 0.0371094 0.00679779
0 0.513672 0.654785 0.0203125 0.0322266 0.00679779
0 0.583594 0.595215 0.0296875 0.0253906 0.00677109
0 0.846875 0.0108337 0.11875 0.0216675 0.00671768
0 0.731641 0.849609 0.00625 0.0107422 0.00669098
0 0.496094 0.00570679 0.110156 0.0114136 0.00666809
0 0.77168 0.0108643 0.120703 0.0217285 0.00664139
0 0 0.959473 0 0.0810547 0.00664139
0 0.550781 0.567871 0.0195312 0.0263672 0.00658798
0 0.897656 1 0.0859375 0 0.00658798
0 0.679688 0.695801 0.0117188 0.0175781 0.00656509
0 0.746484 0.0105286 0.121094 0.0210571 0.00653839
0 0.852344 0.658691 0.00625 0.0126953 0.0064888
0 0.440234 0.583496 0.0335938 0.0263672 0.00643921
0 0.051416 0.998535 0.0948242 0.00292969 0.00643921
0 0.489453 0.618164 0.0195312 0.0351562 0.00638962
0 0.834375 0.800781 0.025 0.0273438 0.00638962
0 0.576953 0.597168 0.0140625 0.0234375 0.00634003
0 0.90625 1 0.101562 0 0.00629044
0 0.832031 0.790039 0.0265625 0.03125 0.00629044
0 0.857031 0.610352 0.015625 0.0283203 0.00626373
0 0.488281 0.45874 0.0117188 0.0136719 0.00624084
0 0.596094 0.601562 0.0125 0.0214844 0.00616837
0 0.959766 1 0.0804688 0 0.00614548
0 0.5625 0.56543 0.025 0.0263672 0.00609589
0 0.905469 1 0.120312 0 0.00609589
0 0.872656 1 0.084375 0 0.00609589
0 0.952344 0.0119324 0.0953125 0.0238647 0.006073
0 0.447266 0.589355 0.0171875 0.0263672 0.006073
0 0.518359 0.578125 0.0125 0.0214844 0.00602722
0 0.515625 0.679688 0.0109375 0.015625 0.00600433
0 0.523047 0.641602 0.0179687 0.0302734 0.00600433
0 0.544922 0.717773 0.0109375 0.0185547 0.00598145
0 0.0550781 1 0.110156 0 0.00595856
0 0.88125 1 0.0953125 0 0.00595856
0 0.0780029 0.999512 0.129932 0.000976562 0.00595856
0 0.658203 0.65625 0.0203125 0.0273438 0.00595856
0 0.716992 1 0.117578 0 0.00591278
0 0.816406 0.781738 0.00625 0.00878906 0.00588989
0 0.129468 1 0.122314 0 0.005867
0 0.42998 1 0.118164 0 0.005867
0 0.464453 0.440186 0.0140625 0.0185547 0.00584412
0 0.473437 0.460571 0.0179687 0.0241699 0.00584412
0 0.167187 1 0.121094 0 0.00584412
