0 0.663281 0.618652 0.0226563 0.0292969 0.747559
0 0.411328 0.376465 0.01875 0.0244141 0.741699
0 0.516016 0.495605 0.0117188 0.0253906 0.651367
0 0.603125 0.561523 0.015625 0.0332031 0.607422
0 0.472266 0.428467 0.0125 0.0205078 0.598145
0 0.377246 0.352051 0.0150391 0.0283203 0.588867
0 0.452344 0.410889 0.0140625 0.0219727 0.571777
0 0.503906 0.473511 0.0125 0.020752 0.488281
0 0.463281 0.449463 0.0109375 0.0200195 0.486328
0 0.523438 0.476074 0.01875 0.0253906 0.464844
0 0.548437 0.500977 0.0179687 0.03125 0.462891
0 0.429297 0.392822 0.0125 0.0258789 0.44165
0 0.897656 0.581543 0.0078125 0.0234375 0.405518
0 0.644922 0.769043 0.0078125 0.0117188 0.399902
0 0.430078 0.389648 0.0117188 0.0185547 0.373779
0 0.571484 0.509277 0.0203125 0.0214844 0.364746
0 0.485156 0.447021 0.0148437 0.0263672 0.361084
0 0.172021 0.0802002 0.00751953 0.0135498 0.332764
0 0.424609 0.401611 0.009375 0.0185547 0.284668
0 0.582422 0.53418 0.0164062 0.0380859 0.265869
0 0.525 0.479614 0.0210938 0.0349121 0.233765
0 0.450781 0.416504 0.0140625 0.0322266 0.225464
0 0.520312 0.474731 0.0164062 0.0231934 0.218628
0 0.378613 0.357178 0.0169922 0.0371094 0.212769
0 0.568359 0.505859 0.01875 0.0205078 0.194336
0 0.488281 0.456055 0.0132813 0.03125 0.188965
0 0.197852 0.0648193 0.0113281 0.00952148 0.178955
0 0.437109 0.417969 0.00859375 0.0136719 0.177856
0 0.601172 0.558594 0.0132813 0.0273438 0.151978
0 0.505859 0.474243 0.0132813 0.017334 0.142212
0 0.515625 0.490234 0.015625 0.0263672 0.137939
0 0.407813 0.374023 0.0148437 0.019043 0.135742
0 0.896875 0.580566 0.0125 0.0302734 0.135742
0 0.426172 0.399902 0.0117188 0.0219727 0.132935
0 0.527734 0.484497 0.0210938 0.0339355 0.131592
0 0.490625 0.462769 0.009375 0.0197754 0.129395
0 0.666797 0.620117 0.0171875 0.0292969 0.12085
0 0.453516 0.42041 0.015625 0.0302734 0.111633
0 0.605078 0.562012 0.0125 0.0283203 0.110474
0 0.462891 0.448486 0.0148437 0.0239258 0.108582
0 0.473437 0.43335 0.0148437 0.0263672 0.103394
0 0.503125 0.468628 0.0101562 0.0158691 0.0994873
0 0.895312 0.578613 0.0109375 0.0224609 0.0991211
0 0.621875 0.742188 0.00625 0.0126953 0.0980835
0 0.519141 0.495117 0.0148437 0.0263672 0.0950317
0 0.500391 0.46875 0.015625 0.0253906 0.093689
0 0.573047 0.512207 0.025 0.0302734 0.092041
0 0.382031 0.362061 0.0117188 0.0224609 0.0903931
0 0.474609 0.428955 0.0140625 0.0224609 0.0853882
0 0.505859 0.476196 0.0171875 0.026123 0.083313
0 0.448828 0.42041 0.0164062 0.0268555 0.0769653
0 0.6 0.554199 0.0101562 0.0175781 0.076416
0 0.471484 0.43042 0.0148437 0.027832 0.0713501
0 0.621875 0.594727 0.0132813 0.0146484 0.0705566
0 0.448828 0.424561 0.0125 0.0214844 0.0700684
0 0.45 0.406494 0.0117188 0.012207 0.0698242
0 0.896875 0.584961 0.009375 0.0214844 0.0643921
0 0.602734 0.567871 0.015625 0.03125 0.0621033
0 0.658594 0.611816 0.015625 0.0185547 0.0605164
0 0.89375 0.57373 0.009375 0.0185547 0.0603027
0 0.4625 0.446533 0.0109375 0.0170898 0.0592041
0 0.521875 0.487793 0.0148437 0.0322266 0.0585632
0 0.633984 0.606445 0.00859375 0.00976562 0.0579224
0 0.584375 0.538574 0.015625 0.0380859 0.0564575
0 0.621484 0.740723 0.00859375 0.0175781 0.055603
0 0.517187 0.470215 0.0109375 0.0117188 0.0535889
0 0.382812 0.365479 0.0101562 0.0175781 0.0518494
0 0.434766 0.415527 0.015625 0.0234375 0.0518494
0 0.550781 0.506348 0.0125 0.0224609 0.0497742
0 0.380469 0.350342 0.0117188 0.0268555 0.0484924
0 0.464063 0.444824 0.0125 0.0229492 0.0474243
0 0.485938 0.453613 0.0179687 0.0297852 0.0469055
0 0.617188 0.592285 0.0101562 0.0126953 0.0450134
0 0.625781 0.599609 0.0078125 0.0107422 0.0438538
0 0.645312 0.769043 0.0101562 0.0146484 0.0435181
0 0.572656 0.516113 0.028125 0.0488281 0.0423889
0 0.761328 0.720215 0.00625 0.00878906 0.0422363
0 0.561719 0.503906 0.015625 0.0244141 0.0414734
0 0.644922 0.77002 0.0140625 0.0195312 0.0389099
0 0.544141 0.496582 0.0164062 0.0253906 0.0384521
0 0.601562 0.560547 0.0242187 0.0332031 0.0384521
0 0.627344 0.601074 0.009375 0.0107422 0.0381775
0 0.413281 0.380859 0.0132813 0.0214844 0.0372009
0 0.63125 0.754395 0.0078125 0.0107422 0.0372009
0 0.533594 0.487305 0.0117188 0.0195312 0.0370483
0 0.619531 0.593262 0.0101562 0.0136719 0.0362244
0 0.609375 0.564941 0.0226563 0.03125 0.0360107
0 0.622656 0.598145 0.0179687 0.0234375 0.0358276
0 0.665625 0.786621 0.00703125 0.00878906 0.035553
0 0.515234 0.497559 0.0171875 0.0292969 0.0353394
0 0.564844 0.930176 0.00546875 0.00878906 0.0342407
0 0.667578 0.616699 0.0140625 0.0263672 0.0332031
0 0.466797 0.425049 0.0171875 0.0249023 0.0320435
0 0.622266 0.740723 0.0140625 0.0263672 0.031311
0 0.581641 0.533203 0.0234375 0.0488281 0.0312042
0 0.660156 0.614258 0.01875 0.0253906 0.0312042
0 0.173047 0.0780029 0.0148437 0.022583 0.0309601
0 0.48125 0.44165 0.0164062 0.0263672 0.0303345
0 0.648828 0.770508 0.0171875 0.0214844 0.0298157
0 0.442578 0.407471 0.0210938 0.0249023 0.0297089
0 0.373926 0.345703 0.0115234 0.015625 0.0279083
0 0.625391 0.602051 0.015625 0.0214844 0.0279083
0 0.471094 0.424072 0.0125 0.0166016 0.0278015
0 0.176709 0.074646 0.0196289 0.0235596 0.0270691
0 0.528125 0.483887 0.0304688 0.0400391 0.0269623
0 0.430078 0.389893 0.0164062 0.0249023 0.0269623
0 0.677344 0.797363 0.00703125 0.00976562 0.0267639
0 0.65625 0.610352 0.0101562 0.0126953 0.0264587
0 0.383496 0.355957 0.0220703 0.0332031 0.026062
0 0.499609 0.468262 0.0242187 0.0253906 0.0257111
0 0.545313 0.500488 0.0195312 0.0273438 0.0256653
0 0.899219 0.582031 0.009375 0.0195312 0.0255585
0 0.194727 0.067749 0.0230469 0.0206299 0.0255127
0 0.3875 0.365967 0.0195312 0.0283203 0.0255127
0 0.487891 0.454102 0.0257812 0.0332031 0.025177
0 0.423828 0.406006 0.0117188 0.0195312 0.0245209
0 0.583203 0.527344 0.0164062 0.0390625 0.0245209
0 0.496875 0.463989 0.0148437 0.0231934 0.0244293
0 0.428516 0.38501 0.0132813 0.0170898 0.0243378
0 0.628516 0.521973 0.01875 0.0322266 0.0241852
0 0.491406 0.468628 0.009375 0.0178223 0.0240479
0 0.896875 0.57666 0.015625 0.03125 0.0239105
0 0.481641 0.447754 0.0203125 0.0268555 0.0235138
0 0.376074 0.357666 0.0275391 0.0395508 0.023468
0 0.449609 0.417725 0.025 0.03125 0.023468
0 0.45625 0.415039 0.0140625 0.0229492 0.0225372
0 0.455469 0.419922 0.025 0.0336914 0.0220337
0 0.423047 0.404297 0.0140625 0.0263672 0.0218201
0 0.4625 0.449707 0.0226563 0.0268555 0.0205994
0 0.651953 0.616699 0.01875 0.0253906 0.0200958
0 0.534375 0.491699 0.0140625 0.0195312 0.0200195
0 0.426953 0.406006 0.0117188 0.0185547 0.0199432
0 0.0373779 0.0119934 0.0747559 0.0239868 0.0190887
0 0.584375 0.545898 0.0109375 0.0195312 0.0190582
0 0.00393066 0.0626221 0.00786133 0.125244 0.0187225
0 0.514844 0.498047 0.0265625 0.0292969 0.0184784
0 0.547266 0.493652 0.0132813 0.0185547 0.0177765
0 0.608203 0.55957 0.0226563 0.0322266 0.0175171
0 0.435937 0.419678 0.015625 0.0258789 0.0174408
0 0.576563 0.533203 0.0296875 0.0537109 0.016922
0 0.582422 0.54248 0.0148437 0.0283203 0.016922
0 0.667969 0.624512 0.0140625 0.0244141 0.0165863
0 0.519141 0.480347 0.015625 0.029541 0.0164642
0 0.37998 0.365967 0.0166016 0.0239258 0.0157776
0 0.483594 0.4375 0.0148437 0.0234375 0.0157776
0 0.535937 0.500977 0.025 0.0292969 0.0157776
0 0.623047 0.521484 0.0289063 0.0371094 0.0155411
0 0.374902 0.347656 0.0181641 0.0263672 0.0154266
0 0.645312 0.771484 0.00859375 0.0107422 0.0151291
0 0.440234 0.422363 0.0125 0.0200195 0.0148392
0 0.526172 0.473267 0.0242187 0.0319824 0.0146179
0 0.436328 0.421875 0.0117188 0.019043 0.0145035
0 0.926562 0.820801 0.0078125 0.0107422 0.0144501
0 0.892187 0.571289 0.009375 0.015625 0.0142822
0 0.403125 0.37793 0.0226563 0.0244141 0.0142822
0 0.199219 0.0672607 0.0179687 0.0213623 0.0141754
0 0.428906 0.393799 0.0234375 0.0327148 0.014061
0 0.669531 0.791992 0.0179687 0.0205078 0.0139542
0 0.423438 0.385498 0.0164062 0.0219727 0.0136871
0 0.530859 0.474487 0.0125 0.0227051 0.0130692
0 0.762891 0.720703 0.00546875 0.00878906 0.0130234
0 0.53125 0.480835 0.0148437 0.0285645 0.0129242
0 0.536328 0.483398 0.025 0.0322266 0.0126266
0 0.566797 0.503418 0.021875 0.0273438 0.0125275
0 0.617969 0.59375 0.0148437 0.0175781 0.0124817
0 0.630859 0.756836 0.015625 0.0195312 0.0124817
0 0.447656 0.429443 0.0140625 0.0175781 0.0124283
0 0.471875 0.431152 0.0242187 0.0292969 0.0123367
0 0.0423828 0.0177612 0.0847656 0.0355225 0.0121002
0 0.517578 0.493164 0.021875 0.0322266 0.0119171
0 0.488281 0.46167 0.0140625 0.0239258 0.011734
0 0.634766 0.610352 0.0109375 0.0126953 0.0113297
0 0.505469 0.474609 0.0242187 0.0263672 0.0112457
0 0.503516 0.472534 0.0179687 0.0236816 0.0112457
0 0.586328 0.535156 0.0148437 0.0283203 0.011116
0 0.942969 0.833984 0.0046875 0.0078125 0.011116
0 0.419531 0.379395 0.0171875 0.0214844 0.0109482
0 0.00441895 0.945801 0.00883789 0.108398 0.0105667
0 0.375684 0.359131 0.0181641 0.0307617 0.0105286
0 0.541406 0.492188 0.0140625 0.0205078 0.0104065
0 0.471094 0.437988 0.0132813 0.0258789 0.0102081
0 0.480078 0.454102 0.0195312 0.0244141 0.0101318
0 0.666016 0.789062 0.0109375 0.0136719 0.0101318
0 0.197852 0.0637207 0.0144531 0.0140381 0.0100098
0 2.44141e-05 0.043457 4.88281e-05 0.0869141 0.00985718
0 0.508594 0.470703 0.0132813 0.0136719 0.00978088
0 0.577344 0.52002 0.021875 0.0341797 0.00978088
0 0.5 0.47644 0.0171875 0.0187988 0.00959778
0 0.926562 0.819336 0.00625 0.0107422 0.00955963
0 0.638281 0.769043 0.0210938 0.0234375 0.00955963
0 0.376172 0.346436 0.0140625 0.0195312 0.00937653
0 0.435547 0.414307 0.0132813 0.0151367 0.00937653
0 0.0541504 0.0116882 0.108301 0.0233765 0.00926971
0 0.527344 0.492188 0.0203125 0.0244141 0.0091629
0 0.828906 0.877441 0.00625 0.00878906 0.00908661
0 0.642578 0.766113 0.0148437 0.015625 0.00891876
0 0.889844 0.577148 0.021875 0.0341797 0.00888062
0 0.424219 0.39917 0.0226563 0.0288086 0.0088501
0 0.147559 0.00906372 0.129492 0.0181274 0.00881195
0 0.433594 0.00967407 0.134375 0.0193481 0.00878143
0 0.896875 0.580566 0.0203125 0.0302734 0.00878143
0 0.333789 0.00994873 0.135547 0.0198975 0.0086441
0 0.411328 0.391357 0.021875 0.0288086 0.0086441
0 0.619531 0.737305 0.0101562 0.0205078 0.00847626
0 0.5125 0.489746 0.015625 0.0234375 0.00844574
0 0.470703 0.449463 0.0132813 0.0209961 0.00841522
0 0.435156 0.388672 0.0203125 0.0268555 0.00831604
0 0.370898 0.00971985 0.134766 0.0194397 0.00812531
0 0.296289 0.0101013 0.133594 0.0202026 0.00800323
0 0.0439941 1 0.0879883 0 0.00800323
0 0.606641 0.569824 0.0132813 0.0283203 0.00796509
0 0.619531 0.592285 0.0171875 0.0253906 0.00787354
0 0.759375 0.721191 0.0171875 0.0214844 0.00769424
0 0.19624 0.0104675 0.13877 0.0209351 0.00766754
0 0.258398 0.010437 0.133984 0.020874 0.00763702
0 0.888281 0.583496 0.025 0.0390625 0.00757599
0 0.637891 0.522461 0.0179687 0.03125 0.00751877
0 0.676172 0.795898 0.01875 0.0205078 0.00751877
0 0.422656 0.405029 0.0234375 0.0288086 0.00746155
0 0.00141602 0.934326 0.00283203 0.131348 0.00746155
0 0.883594 0.0123596 0.117188 0.0247192 0.00743103
0 0.619922 0.736328 0.015625 0.0273438 0.00740433
0 0.405078 0.367676 0.0140625 0.0151367 0.00731659
0 0.513281 0.501465 0.0179687 0.0253906 0.00731659
0 0.434375 0.415039 0.0226563 0.0209961 0.00728989
0 0.435547 0.42041 0.0234375 0.0263672 0.00728989
0 0.0970703 0.0101624 0.119531 0.0203247 0.00725937
0 0.0522461 0.999512 0.104492 0.000976562 0.00723267
0 0.670703 0.798828 0.0242187 0.0253906 0.00723267
0 0.2 0.0634766 0.0101562 0.00952148 0.00706482
0 0.175195 0.0754395 0.0101562 0.0131836 0.00706482
0 0.0654297 0.998535 0.130859 0.00292969 0.00701141
0 0.741406 0.688477 0.0078125 0.00976562 0.00698471
0 0.534766 0.500977 0.0375 0.0263672 0.00695801
0 0.00703125 0.0778809 0.0140625 0.155762 0.00695801
0 0.763281 0.723145 0.0171875 0.0214844 0.00695801
0 0 0.959229 0 0.081543 0.00695801
0 0.0372559 1 0.0745117 0 0.00695801
0 0.0700439 0.0112 0.122412 0.0223999 0.0069046
0 0.470703 0.0100098 0.135156 0.0200195 0.0068512
0 0.995313 0.0646973 0.009375 0.129395 0.0068512
0 0.757031 0.714844 0.0179687 0.0244141 0.0068512
0 0.533594 0.0102844 0.13125 0.0205688 0.00679779
0 0.172803 0.0801392 0.0208008 0.0212402 0.00679779
0 0.402344 0.377441 0.0328125 0.0219727 0.00679779
0 0.475391 0.424805 0.021875 0.0268555 0.00679779
0 0.0072876 0.922607 0.0145752 0.154785 0.00674438
0 0.928125 0.681641 0.00625 0.00878906 0.00671768
0 0.928125 0.821777 0.021875 0.0263672 0.00669098
0 0.971484 0.999023 0.0570313 0.00195312 0.00669098
0 0.0510498 0.997559 0.095166 0.00488281 0.00669098
0 0.904688 1 0.123438 0 0.00661469
0 0.573047 0.67334 0.0078125 0.0107422 0.00658798
0 0.451562 0.408203 0.0171875 0.019043 0.00653839
0 0.542188 1 0.119531 0 0.00653839
0 0.596094 0.0107727 0.130469 0.0215454 0.00651169
0 0.616797 1 0.119531 0 0.0064888
0 0.0907959 1 0.129346 0 0.00638962
0 0.657812 0.618652 0.021875 0.0292969 0.00631332
0 0.171484 0.0843506 0.009375 0.0131836 0.00629044
0 0.0552246 1 0.110449 0 0.00626373
0 0.431641 0.399414 0.0132813 0.0205078 0.00624084
0 0.867188 1 0.120312 0 0.00621796
0 0.667188 1 0.120312 0 0.00619125
0 0.174316 0.0806885 0.0107422 0.0145264 0.00614548
0 0.565234 0.501953 0.0148437 0.0175781 0.00614548
0 0.696484 0.0111389 0.125 0.0222778 0.00614548
0 0.908594 0.0119324 0.117188 0.0238647 0.00614548
0 0.94375 0.83252 0.00625 0.00878906 0.00612259
0 0.5875 0.541016 0.0148437 0.0244141 0.00609589
0 0.691797 1 0.122656 0 0.00609589
0 0.547266 1 0.0867188 0 0.00609589
0 0.597266 0.708984 0.0078125 0.0107422 0.006073
0 0.584766 0.536621 0.0242187 0.0380859 0.006073
0 0.944531 1 0.107813 0 0.00605011
0 0.89375 1 0.103125 0 0.00602722
0 0.0331055 1 0.0662109 0 0.00602722
0 0.582812 0.542969 0.0265625 0.0322266 0.00600433
0 0.154785 1 0.119336 0 0.00600433
0 0.996875 0.95874 0.00625 0.0825195 0.00600433
0 0.758984 0.0106812 0.122656 0.0213623 0.00595856
0 0.566797 1 0.121875 0 0.00595856
0 0.957031 1 0.0859375 0 0.00595856
0 0.676172 0.626953 0.0203125 0.0273438 0.00595856
0 0.895312 0.56543 0.01875 0.0263672 0.00593567
0 0.622266 0.741211 0.021875 0.0283203 0.00591278
0 0.242383 1 0.119922 0 0.00591278
0 0.486719 0.439209 0.0203125 0.0292969 0.00591278
0 0.607422 0.57666 0.015625 0.0283203 0.00591278
0 0.716797 1 0.121094 0 0.00588989
0 0.564844 0.930176 0.0164062 0.0214844 0.00588989
0 0.543359 1 0.0984375 0 0.005867
0 0.616406 1 0.0882813 0 0.00584412
0 0.651172 0.616699 0.0304688 0.0234375 0.00582123
0 0.605859 1 0.0984375 0 0.00582123
0 0.480078 1 0.117969 0 0.00577545
0 0.388281 0.363037 0.009375 0.0136719 0.00572968
0 0.428516 0.376465 0.0226563 0.0258789 0.00568771
0 0.193164 0.0657959 0.0152344 0.010376 0.00564194
0 0.494141 0.442627 0.0101562 0.0175781 0.00564194
