0 0.619531 0.024292 0.0335938 0.0472412 0.714844
0 0.142578 0.313721 0.0345703 0.0830078 0.638672
0 0.554688 0.668457 0.0125 0.0175781 0.460938
0 0.545313 0.0498199 0.0945313 0.0990906 0.357666
0 0.182031 0.637695 0.00859375 0.0195312 0.315674
0 0.233203 0.327393 0.00820312 0.0131836 0.24939
0 0.204492 0.0447998 0.0125 0.0181885 0.178955
0 0.614844 0.0266113 0.0492188 0.0532227 0.160278
0 0.220313 0.39209 0.0167969 0.015625 0.138428
0 0.491797 0.995117 0.0109375 0.00976562 0.130249
0 0.330859 0.0128784 0.0105469 0.0211182 0.125122
0 0.594922 0.109375 0.034375 0.0305176 0.118408
0 0.466406 0.477539 0.0132813 0.0195312 0.0984497
0 0.0276855 0.434082 0.00634766 0.00976562 0.0847778
0 0.219531 0.394531 0.0207031 0.0234375 0.0809326
0 0.507031 0.0120544 0.0492188 0.0241089 0.0806274
0 0.236523 0.425781 0.0109375 0.0126953 0.0753174
0 0.764844 0.508789 0.009375 0.0117188 0.0718384
0 0.358594 0.00979614 0.0226563 0.0195923 0.0703125
0 0.555469 0.667969 0.0140625 0.0244141 0.0670776
0 0.516406 0.00990295 0.0328125 0.0198059 0.0637207
0 0.145605 0.307617 0.0304688 0.0639648 0.0623169
0 0.182422 0.637695 0.0117188 0.0244141 0.0583496
0 0.689453 0.675293 0.00859375 0.00976562 0.0534058
0 0.329102 0.0166931 0.0113281 0.0239868 0.0486755
0 0.465234 0.475586 0.0148437 0.0283203 0.0453491
0 0.143457 0.297119 0.0259766 0.0424805 0.044342
0 0.764063 0.507324 0.00703125 0.00976562 0.0437012
0 0.280273 0.940186 0.0402344 0.119629 0.0428772
0 0.204297 0.0446777 0.0148437 0.0252686 0.042572
0 0.522266 0.585938 0.0117188 0.0195312 0.0413208
0 0.490234 0.919922 0.00625 0.0146484 0.0409851
0 0.330664 0.0132446 0.0128906 0.0264893 0.0406799
0 0.521484 0.579102 0.015625 0.03125 0.0401001
0 0.517969 0.572754 0.00859375 0.0205078 0.0397949
0 0.601172 0.111816 0.0328125 0.0314941 0.0397949
0 0.492969 0.992676 0.0171875 0.0146484 0.0396423
0 0.233008 0.326904 0.0128906 0.0224609 0.0393372
0 0.732813 0.0288086 0.075 0.0576172 0.0391235
0 0.489062 0.922852 0.00859375 0.0166016 0.0379028
0 0.671094 0.0307922 0.0726563 0.0615845 0.0351562
0 0.362402 0.633301 0.0384766 0.0810547 0.0335999
0 0.355273 0.0045166 0.0128906 0.0090332 0.0333252
0 0.624609 0.0285339 0.0226563 0.0393677 0.0325928
0 0.774609 0.518555 0.0132813 0.0175781 0.0311432
0 0.534375 0.0593109 0.06875 0.0881653 0.0297089
0 0.617188 0.192261 0.08125 0.126221 0.0297089
0 0.522656 0.0545197 0.0421875 0.0787048 0.0293732
0 0.358789 0.00624084 0.0191406 0.0124817 0.0283356
0 0.51875 0.573242 0.0125 0.0322266 0.0280151
0 0.772266 0.516602 0.0101562 0.0136719 0.0276947
0 0.342187 0.0117645 0.0242187 0.0235291 0.0271149
0 0.522266 0.0067749 0.0210938 0.0135498 0.0267639
0 0.514844 0.553711 0.0164062 0.0439453 0.0261536
0 0.610547 0.0176086 0.0476562 0.0352173 0.0241394
0 0.591016 0.108398 0.028125 0.0222168 0.0239563
0 0.601562 0.113892 0.0257812 0.0253906 0.0238647
0 0.489844 0.92334 0.0148437 0.0253906 0.0237274
0 0.623438 0.0183411 0.0289063 0.0366821 0.0230713
0 0.438672 0.57959 0.0109375 0.0146484 0.0227203
0 0.257617 0.536621 0.00664063 0.00878906 0.0220337
0 0.691016 0.677734 0.0179687 0.0214844 0.0219879
0 0.508594 0.00787354 0.0335938 0.0157471 0.0219421
0 0.777344 0.526855 0.009375 0.0185547 0.021286
0 0.774414 0.521484 0.0167969 0.0283203 0.0210419
0 0.777148 0.523438 0.0144531 0.0263672 0.0208893
0 0.516797 0.566895 0.00859375 0.0195312 0.0206451
0 0.821875 0.0137939 0.01875 0.0210571 0.0200195
0 0.2375 0.424805 0.0148437 0.0146484 0.0195007
0 0.463281 0.474121 0.0125 0.0214844 0.0191193
0 0.146582 0.289307 0.0193359 0.0283203 0.0186157
0 0.491016 0.992676 0.0117188 0.0146484 0.0182648
0 0.371289 0.959961 0.0535156 0.0722656 0.0182648
0 0.185352 0.635742 0.0167969 0.0263672 0.0171814
0 0.259375 0.470581 0.0160156 0.0158691 0.0171051
0 0.821094 0.0134583 0.034375 0.0269165 0.016922
0 0.516016 0.550781 0.0140625 0.0283203 0.0167847
0 0.485938 0.922852 0.0179687 0.0253906 0.0165253
0 0.182812 0.633789 0.00859375 0.0175781 0.0162201
0 0.491016 0.996582 0.0117188 0.00683594 0.0162201
0 0.330273 0.0088501 0.0105469 0.0169678 0.0161591
0 0.519141 0.580078 0.0125 0.0244141 0.0158386
0 0.365234 0.596191 0.00546875 0.0117188 0.0157166
0 0.472656 0.709961 0.009375 0.0117188 0.0157166
0 0.336719 0.363281 0.0109375 0.0117188 0.0152512
0 0.213672 0.396729 0.0328125 0.0307617 0.0151901
0 0.564844 0.0509033 0.090625 0.101807 0.0151291
0 0.445312 0.0581665 0.121875 0.116333 0.014389
0 0.498828 0.0137024 0.0585938 0.0244141 0.0142822
0 0.49375 0.993164 0.0242187 0.0136719 0.0141754
0 0.523828 0.583496 0.0179687 0.0322266 0.014061
0 0.639844 0.549805 0.009375 0.0166016 0.0139542
0 0.305469 0.307861 0.025 0.0424805 0.0139542
0 0.356836 0.642578 0.0488281 0.0976562 0.0139542
0 0.0275391 0.435791 0.00810547 0.012207 0.0139008
0 0.830469 0.306152 0.034375 0.0512695 0.0136871
0 0.301758 0.772461 0.0410156 0.125977 0.0136337
0 0.910937 0.401855 0.0140625 0.0229492 0.0134277
0 0.648438 0.608398 0.009375 0.0117188 0.0131683
0 0.235938 0.323975 0.0160156 0.027832 0.012825
0 0.55625 0.668457 0.0210938 0.0234375 0.0126266
0 0.701563 0.708008 0.00859375 0.0146484 0.0124817
0 0.555859 0.665039 0.0109375 0.015625 0.012146
0 0.514453 0.00740051 0.028125 0.014801 0.0120544
0 0.470313 0.710449 0.0179687 0.0234375 0.0120544
0 0.0060791 0.0635986 0.0121582 0.127197 0.0119629
0 0.291211 0.85498 0.0375 0.130859 0.0119629
0 0.324219 0.0211029 0.021875 0.040802 0.0115967
0 0.363867 0.00656128 0.0191406 0.0131226 0.011467
0 0.932813 0.660645 0.0078125 0.00976562 0.0114212
0 0.524219 0.00967407 0.0226563 0.0193481 0.0114212
0 0.577344 0.989258 0.00546875 0.00976562 0.011116
0 0.30918 0.301025 0.0160156 0.0224609 0.0110703
0 0.521484 0.0810547 0.0296875 0.0332031 0.0109863
0 0.255273 0.539062 0.0136719 0.0205078 0.0108185
0 0.356641 0.0153046 0.0203125 0.0306091 0.0106506
0 0.766797 0.510742 0.0148437 0.0224609 0.0106125
0 0.468359 0.474609 0.0101562 0.0175781 0.0105667
0 0.326953 0.0147705 0.0207031 0.029541 0.0105667
0 0.187305 0.640137 0.0207031 0.0283203 0.0104904
0 0.560156 0.666992 0.0195312 0.0292969 0.0104904
0 0.644531 0.0955811 0.0859375 0.0837402 0.0104523
0 0.853906 0.380615 0.009375 0.0126953 0.0104065
0 0.0294922 1 0.0589844 0 0.0104065
0 0.237305 0.328613 0.01875 0.0253906 0.0103302
0 0.137891 0.320801 0.034375 0.0698242 0.0102463
0 0.369043 0.0834808 0.0798828 0.119659 0.0102463
0 0.752734 0.754883 0.00859375 0.00976562 0.0100098
0 0.696094 0.708496 0.021875 0.03125 0.00993347
0 0.0907227 0.597656 0.00566406 0.00976562 0.00985718
0 0.482812 0.380859 0.0210938 0.0444336 0.00978088
0 0.630859 0.273438 0.065625 0.0786133 0.00974274
0 0.525781 0.00680542 0.015625 0.0114136 0.00967407
0 0.467187 0.654297 0.00546875 0.0117188 0.00967407
0 0.344727 0.0166016 0.0269531 0.0286865 0.00967407
0 0.487109 0.924805 0.0117188 0.0166016 0.00955963
0 0.343359 0.479004 0.0484375 0.131836 0.00955963
0 0.971094 0.30127 0.05625 0.115723 0.00948334
0 0.202344 0.0410156 0.0246094 0.0368652 0.00945282
0 0.519141 0.0070343 0.0328125 0.0140686 0.00926971
0 0.676953 0.338867 0.00859375 0.0107422 0.00912476
0 0.0326172 1 0.0652344 0 0.00908661
0 0.0279297 0.433105 0.012207 0.0229492 0.00901794
0 0.205664 0.0440674 0.0210938 0.0220947 0.00898743
0 0.342187 0.478516 0.0621094 0.172852 0.00888062
0 0.464063 0.475586 0.021875 0.0263672 0.0088501
0 0.678516 0.0407715 0.0851562 0.081543 0.00871277
0 0.0431152 1 0.0862305 0 0.00871277
0 0.335547 0.368652 0.0179687 0.0263672 0.00871277
0 0.5125 0.553223 0.0226563 0.0517578 0.0086441
0 0.466406 0.658203 0.0046875 0.0146484 0.00847626
0 0.475391 0.711426 0.00703125 0.0126953 0.00837708
0 0.735937 0.564453 0.0078125 0.0117188 0.00831604
0 0.0914062 0.254395 0.00585938 0.0126953 0.008255
0 0.716406 0.462646 0.0132813 0.0170898 0.008255
0 0.514844 0.546387 0.015625 0.0283203 0.00818634
0 0.475 0.711426 0.0148437 0.0263672 0.00818634
0 0.733984 0.0376587 0.0835937 0.0753174 0.00812531
0 0.661719 0.699707 0.00703125 0.0117188 0.00809479
0 0.702734 0.710449 0.0148437 0.0273438 0.00806427
0 0.586719 0.106079 0.0242187 0.020752 0.00803375
0 0.508984 0.0103455 0.0375 0.0195312 0.00800323
0 0.327344 0.0226898 0.0105469 0.0212708 0.00790405
0 0.383984 0.884277 0.00703125 0.015625 0.00775528
0 0.825 0.0137329 0.0140625 0.0169678 0.00772476
0 0.383984 0.880859 0.00625 0.0117188 0.00769424
0 0.116992 0.300293 0.0125 0.0151367 0.00766754
0 0.610156 0.0323181 0.0695312 0.0646362 0.00757599
0 0.552734 0.665039 0.0265625 0.0234375 0.00751877
0 0.00234375 0.960449 0.0046875 0.0791016 0.00751877
0 0.702344 0.711426 0.0101562 0.0166016 0.00737381
0 0.497656 0.00695801 0.0351562 0.013855 0.00734711
0 0.95625 0.414551 0.0796875 0.12793 0.00734711
0 0.366992 0.600098 0.0152344 0.0283203 0.00723267
0 0.4625 0.478027 0.015625 0.0244141 0.00720596
0 0.357227 0.00796509 0.0265625 0.0159302 0.00717545
0 0.000146484 0.94751 0.000292969 0.10498 0.00712204
0 0.234766 0.312012 0.00859375 0.0117188 0.00709534
0 0.239258 0.425781 0.0203125 0.0234375 0.00701141
0 0.51875 0.0145416 0.028125 0.0290833 0.00695801
0 0.729688 0.3479 0.00625 0.00830078 0.0069046
0 0.489844 0.993652 0.028125 0.0126953 0.0069046
0 0.509766 0.00796509 0.0484375 0.0159302 0.0069046
0 0.498828 0.991211 0.0242187 0.0175781 0.0068512
0 0.640234 0.55127 0.0148437 0.0322266 0.00679779
0 0.551953 0.666992 0.0148437 0.0214844 0.00677109
0 0.694531 0.695801 0.0257812 0.0390625 0.00669098
0 0.697266 0.706055 0.0164062 0.0195312 0.00666809
0 0.473437 0.711914 0.0109375 0.0146484 0.00658798
0 0.382422 0.885742 0.0140625 0.0263672 0.00656509
0 0.698047 0.456055 0.009375 0.0195312 0.0064888
0 0.233984 0.317139 0.0101562 0.0200195 0.00643921
0 0.339258 0.367676 0.0207031 0.027832 0.00638962
0 0.519141 0.567871 0.009375 0.0224609 0.00636292
0 0.13877 0.293701 0.0257812 0.0405273 0.00631332
0 0.0538452 1 0.0911377 0 0.00626373
0 0.483594 0.902344 0.00625 0.00976562 0.00624084
0 0.753516 0.759277 0.0132813 0.0136719 0.00619125
0 0.77793 0.53125 0.00976562 0.0166016 0.00616837
0 0.362988 0.0105286 0.0326172 0.0210571 0.00614548
0 0.00501709 0.0556641 0.0100342 0.111328 0.00609589
0 0.882031 0.275635 0.05625 0.09375 0.00609589
0 0.0958984 0.544434 0.00566406 0.0078125 0.00593567
0 0.588281 0.11145 0.0335938 0.0322266 0.005867
0 0.998828 0.975342 0.00234375 0.0493164 0.005867
0 0.533984 1 0.0632813 0 0.005867
0 0.373242 0.572266 0.00976562 0.00878906 0.00584412
0 0.262891 0.473145 0.0171875 0.0253906 0.00582123
0 0.998047 0.962402 0.00390625 0.0751953 0.00577545
0 0.832031 1 0.09375 0 0.00577545
0 0.95625 0.340576 0.00625 0.0117188 0.00572968
0 0.5125 0.569824 0.0203125 0.0410156 0.00572968
0 0.827344 0.0153198 0.03125 0.0284424 0.00570679
0 0.852344 0.380615 0.0171875 0.0258789 0.00568771
0 0.45625 1 0.0671875 0 0.00568771
0 1.2207e-05 0.0420532 2.44141e-05 0.0841064 0.00561905
0 0.203906 0.0400543 0.0113281 0.0197449 0.00559998
0 0.255859 0.0365601 0.103906 0.0731201 0.00559998
0 0.442969 0.524902 0.040625 0.0869141 0.0055542
0 0.5625 0.677246 0.0203125 0.03125 0.0055542
0 0.289453 0.879395 0.0414063 0.140625 0.0055542
0 0.00650635 0.934814 0.0130127 0.130371 0.0055542
0 0.558203 0.950195 0.0125 0.0234375 0.00547028
0 0.292969 0.111481 0.0246094 0.0387573 0.00547028
0 0.773828 0.521484 0.0242187 0.0253906 0.00544739
0 0.233984 0.326904 0.0214844 0.0185547 0.00542831
0 0.586719 0.105194 0.0265625 0.0298462 0.00542831
0 0.433594 1 0.0820312 0 0.00542831
0 0.621094 0.0110321 0.028125 0.0220642 0.00540543
0 0.49375 0.987793 0.01875 0.0244141 0.00540543
0 0.617188 0.114624 0.04375 0.036377 0.00538635
0 0.651953 0.615723 0.015625 0.0302734 0.00538635
0 0.551172 0.672363 0.0210938 0.0322266 0.00538635
0 0.620703 0.126343 0.01875 0.0158691 0.00536346
0 0.646094 0.61377 0.0179687 0.0283203 0.00534439
0 0.308984 0.297607 0.0105469 0.0166016 0.0053215
0 0.964453 1 0.0710938 0 0.0053215
0 0.439844 0.58252 0.015625 0.0292969 0.00530243
0 0.66875 0.0173645 0.0507812 0.034729 0.00526047
0 0.367773 0.0193176 0.0378906 0.0386353 0.00526047
0 0.635156 0.554199 0.0203125 0.0341797 0.00526047
0 0.299805 0.315674 0.0257812 0.0395508 0.00524139
0 0.518359 0.550781 0.0109375 0.0253906 0.00516129
0 0.171094 0.10083 0.00683594 0.010498 0.0051384
0 0.483984 0.378906 0.0179687 0.0322266 0.00508118
0 0.367969 0.59375 0.015625 0.0263672 0.00508118
0 0.378516 0.952637 0.0515625 0.0712891 0.00508118
0 0.223438 0.393066 0.0179687 0.0170898 0.00503922
0 0.555078 0.659668 0.0148437 0.0292969 0.00502014
0 0.465625 0.468384 0.0109375 0.0202637 0.00500107
0 0.654688 0.768066 0.00703125 0.0117188 0.00500107
0 0.558594 0.942383 0.009375 0.0175781 0.00500107
0 0.42334 0.0457153 0.101758 0.0914307 0.00500107
0 0.409375 1 0.0804688 0 0.00498199
0 0.429688 1 0.096875 0 0.00492477
0 0.592969 0.0560303 0.0796875 0.112061 0.0049057
0 0.0796875 1 0.117969 0 0.0049057
0 0.201758 0.0436401 0.0140625 0.019165 0.00486755
0 0.639844 0.54541 0.009375 0.0185547 0.00486755
0 0.490625 0.92334 0.021875 0.0234375 0.00486755
0 0.055542 1 0.0908691 0 0.00486755
0 0.287305 0.941162 0.0457031 0.102051 0.00484848
0 0.364453 0.631348 0.0367187 0.0566406 0.00481033
0 0.492969 0.223877 0.096875 0.136719 0.00477219
0 0.110645 0.142822 0.0126953 0.0168457 0.00475693
0 0.338086 0.36377 0.0148437 0.0136719 0.00475693
0 0.642187 1 0.124219 0 0.00475693
0 0.318555 1 0.101953 0 0.00473785
0 0.667188 1 0.123438 0 0.00473785
0 0.788281 0.521484 0.015625 0.0302734 0.00473785
0 0.258203 0.473267 0.0234375 0.0319824 0.00471878
0 0.255664 0.537109 0.0128906 0.0126953 0.00469971
0 0.6375 0.550293 0.009375 0.015625 0.00469971
0 0.330859 0.0125732 0.0210938 0.0251465 0.00468063
0 0.531641 0.410156 0.0648438 0.113281 0.00468063
0 0.532812 1 0.0867188 0 0.00468063
0 0.30957 0.0443115 0.0125 0.0183105 0.00466537
0 0.829687 1 0.1125 0 0.00466537
0 0.525391 0.587891 0.0101562 0.0146484 0.0046463
0 0.467969 0.055603 0.108594 0.111206 0.0046463
0 0.671875 1 0.0898438 0 0.0046463
0 0.808008 1 0.0886719 0 0.0046463
0 0.667578 1 0.107031 0 0.00457382
0 0.405469 1 0.0945313 0 0.00455475
0 0.654297 0.381104 0.0523437 0.0825195 0.00453949
0 0.263672 0.473267 0.00820312 0.0124512 0.00452042
0 0.216211 0.397705 0.0171875 0.019043 0.00450516
0 0.664453 0.699219 0.009375 0.0136719 0.00450516
0 0.274609 0.953125 0.0445312 0.09375 0.00450516
0 0.38125 1 0.110937 0 0.00448608
0 0.405469 1 0.11875 0 0.00448608
0 0.680859 0.0158691 0.0445312 0.0317383 0.00446701
0 0.763281 0.508789 0.0171875 0.0253906 0.00446701
0 0.00202637 0.926025 0.00405273 0.147949 0.00446701
0 0.833594 0.308594 0.0265625 0.0405273 0.00445175
0 0.754687 0.758301 0.0226563 0.0253906 0.00445175
0 0.317383 0.0373993 0.0261719 0.0406799 0.00443268
0 0.655469 0.209778 0.0578125 0.0882568 0.00443268
0 0.634766 1 0.0882813 0 0.00443268
0 0.312891 0.307129 0.034375 0.0507812 0.00441742
