0 0.891406 0.554199 0.0640625 0.0957031 0.944336
0 0.706641 0.451782 0.0429688 0.0446777 0.902832
0 0.541016 0.192505 0.0382813 0.0305176 0.879395
0 0.733594 0.211853 0.0289063 0.0426025 0.813477
0 0.858594 0.221863 0.0265625 0.0333252 0.805176
0 0.0109863 0.100586 0.0219727 0.0229492 0.791992
0 0.814062 0.00648499 0.0171875 0.01297 0.631836
0 0.222266 0.201599 0.0234375 0.0426025 0.626953
0 0.10293 0.102509 0.0164062 0.0188599 0.622559
0 0.921094 0.0447998 0.0359375 0.0236816 0.550781
0 0.762109 0.214539 0.0273438 0.0289307 0.539062
0 0.980469 0.0128479 0.0140625 0.0177612 0.519531
0 0.273242 0.87793 0.0183594 0.015625 0.503906
0 0.156104 0.0260468 0.0381836 0.0301819 0.377441
0 0.814062 0.00837708 0.0203125 0.0167542 0.332764
0 0.782617 0.731445 0.0269531 0.0302734 0.19812
0 0.201562 0.737305 0.00898437 0.0107422 0.180054
0 0.966406 0.0072937 0.0109375 0.00860596 0.169922
0 0.965625 0.00701904 0.0140625 0.010437 0.149048
0 0.967188 0.0101013 0.01875 0.0183716 0.146606
0 0.917969 0.0455322 0.0375 0.017334 0.144165
0 0.979688 0.0127563 0.0171875 0.0230713 0.115173
0 0.286133 0.71582 0.0148437 0.0126953 0.10968
0 0.034375 0.788086 0.0158203 0.0185547 0.104126
0 0.0105469 0.096405 0.0210938 0.0178833 0.101257
0 0.402344 0.758789 0.0109375 0.0175781 0.0987549
0 0.971875 0.00939941 0.01875 0.0129395 0.0946655
0 0.684375 0.979492 0.0132813 0.0136719 0.0783691
0 0.564844 0.546875 0.0171875 0.0136719 0.0761108
0 0.0325562 0.776367 0.0212158 0.0234375 0.072876
0 0.0335938 0.78418 0.0188477 0.0253906 0.0690308
0 0.96875 0.00762939 0.0140625 0.00976562 0.0687866
0 0.917188 0.771484 0.01875 0.0117188 0.0678101
0 0.224609 0.196289 0.0242187 0.0373535 0.0665894
0 0.707812 0.443115 0.040625 0.0332031 0.0653687
0 0.223242 0.0787964 0.0121094 0.0129395 0.0618896
0 0.130078 0.572266 0.0193359 0.0136719 0.0585632
0 0.792188 0.698242 0.0171875 0.0146484 0.0585632
0 0.284375 0.71582 0.0210938 0.0214844 0.0516663
0 0.162744 0.0253143 0.0635742 0.0348206 0.0472412
0 0.132715 0.570801 0.0269531 0.0224609 0.0460205
0 0.978906 0.010498 0.0140625 0.0151978 0.0458679
0 0.0330933 0.772461 0.0170166 0.0107422 0.0458679
0 0.619141 0.979492 0.0203125 0.0253906 0.0446777
0 0.756641 0.215881 0.028125 0.0262451 0.041626
0 0.982031 0.00991821 0.0109375 0.0136719 0.0402527
0 0.861719 0.226074 0.025 0.0322266 0.0391846
0 0.922656 0.00671387 0.0171875 0.00860596 0.0390625
0 0.741016 0.21582 0.0320312 0.0371094 0.0389099
0 0.216406 0.200623 0.0246094 0.0411377 0.0372009
0 0.247266 0.716309 0.0160156 0.0195312 0.0360718
0 0.121289 0.0424194 0.0230469 0.017334 0.0359497
0 0.535937 0.189087 0.0296875 0.0219727 0.0352783
0 0.494531 0.328125 0.0109375 0.00878906 0.0350037
0 0.206641 0.00674438 0.00742187 0.0134888 0.0346069
0 0.924219 0.0461426 0.0359375 0.015625 0.032959
0 0.0625488 0.633789 0.0134766 0.0136719 0.0325928
0 0.00804443 0.100983 0.0160889 0.02948 0.0315552
0 0.0122803 0.104462 0.0221191 0.0300903 0.031311
0 0.548047 0.192261 0.0265625 0.0273438 0.0304413
0 0.153418 0.0236816 0.0302734 0.0229492 0.0302124
0 0.108887 0.101318 0.0224609 0.026123 0.0299225
0 0.103223 0.106567 0.0162109 0.0180664 0.0297546
0 0.206836 0.00900269 0.00820312 0.0136108 0.0296478
0 0.150586 0.0295105 0.0359375 0.0297241 0.0291443
0 0.558594 0.551758 0.0226563 0.0253906 0.0288086
0 0.767383 0.214111 0.0199219 0.0283203 0.0283356
0 0.10332 0.102173 0.0207031 0.0234375 0.0281067
0 0.564062 0.548828 0.0203125 0.0224609 0.0280151
0 0.653516 0.438965 0.0125 0.015625 0.0276947
0 0.991797 0.758301 0.0164062 0.0195312 0.0272675
0 0.323242 0.739258 0.00742187 0.00976562 0.0265503
0 0.192773 0.0120239 0.0289063 0.0238647 0.026413
0 0.247461 0.72168 0.0101562 0.0136719 0.0262604
0 0.375781 0.933594 0.0203125 0.0224609 0.0258636
0 0.121777 0.0395508 0.0292969 0.0241699 0.0257111
0 0.913281 0.0446777 0.025 0.0134277 0.0249939
0 0.221484 0.192627 0.0214844 0.0268555 0.0249329
0 0.989062 0.756348 0.021875 0.0253906 0.0249329
0 0.763281 0.208618 0.025 0.0266113 0.0242767
0 0.560156 0.546387 0.0265625 0.0224609 0.024231
0 0.189844 0.0245819 0.034375 0.025177 0.0236969
0 0.109863 0.632324 0.00898437 0.00976562 0.0233307
0 0.039502 0.733887 0.0133789 0.00976562 0.0231476
0 0.736328 0.204102 0.0265625 0.0268555 0.0229797
0 0.200977 0.737305 0.0117188 0.0126953 0.0227966
0 0.899219 0.546875 0.0453125 0.0751953 0.0227203
0 0.767773 0.209717 0.0160156 0.0229492 0.0226288
0 0.972656 0.0131531 0.0203125 0.0249023 0.0222015
0 0.55 0.195923 0.021875 0.0246582 0.0215302
0 0.180859 0.0246582 0.0558594 0.0310059 0.0212402
0 0.401172 0.760742 0.015625 0.0263672 0.0210876
0 0.0631348 0.632324 0.009375 0.0078125 0.0210419
0 0.853125 0.21875 0.025 0.0356445 0.0208893
0 0.786719 0.0814819 0.0078125 0.00769043 0.0206451
0 0.224805 0.210327 0.0203125 0.0344238 0.0206451
0 0.721484 0.770996 0.009375 0.00976562 0.0201721
0 0.205469 0.00968933 0.0136719 0.0193787 0.0199432
0 0.7125 0.441406 0.0304688 0.0263672 0.0196381
0 0.0138916 0.102997 0.0277832 0.0278931 0.0194244
0 0.983594 0.0135193 0.0265625 0.0270386 0.0192413
0 0.79375 0.699219 0.021875 0.0224609 0.0191193
0 0.0775391 0.625488 0.0078125 0.00878906 0.0179901
0 0.174268 0.597656 0.00966797 0.0146484 0.016983
0 0.932031 0.00946045 0.0375 0.0189209 0.0167847
0 0.0334106 0.774902 0.018042 0.015625 0.0164642
0 0.0642578 0.635254 0.0182617 0.0205078 0.0162811
0 0.908594 0.552246 0.0328125 0.0742188 0.0161591
0 0.202148 0.737793 0.015625 0.0195312 0.0156708
0 0.383203 0.790527 0.0242187 0.0263672 0.0155411
0 0.929688 0.0435791 0.0203125 0.0137939 0.0151291
0 0.0223267 0.100555 0.0228271 0.0259399 0.0150757
0 0.821875 0.00918579 0.025 0.0183716 0.0147858
0 0.398438 0.767578 0.0195312 0.0371094 0.0146179
0 0.654297 0.438232 0.0101562 0.0107422 0.014389
0 0.0617676 0.633789 0.00986328 0.00976562 0.0141754
0 0.225 0.0803223 0.0164062 0.0209961 0.014061
0 0.700781 0.455688 0.0351562 0.0397949 0.0139008
0 0.527344 0.452881 0.0125 0.00927734 0.0137405
0 0.224805 0.919922 0.01875 0.0205078 0.0133286
0 0.187305 0.598633 0.0078125 0.00976562 0.0130692
0 0.204102 0.0110168 0.0105469 0.0140381 0.0130234
0 0.780469 0.726562 0.025 0.0263672 0.0130234
0 0.922656 0.0340424 0.034375 0.0296936 0.0130234
0 0.964063 0.00881958 0.0234375 0.0151978 0.01297
0 0.217383 0.0118713 0.021875 0.0237427 0.012825
0 0.443359 0.759277 0.0273438 0.0351562 0.012825
0 0.814844 0.0129395 0.0203125 0.0258789 0.0127258
0 0.726953 0.217957 0.0203125 0.0377197 0.0126266
0 0.0380371 0.036377 0.0760742 0.0727539 0.0123367
0 0.536719 0.198242 0.0289063 0.0317383 0.0123367
0 0.198047 0.739746 0.0203125 0.0205078 0.0123367
0 0.73125 0.204346 0.0257812 0.0292969 0.012291
0 0.0660156 0.0932922 0.0078125 0.00750732 0.0121918
0 0.384375 0.790039 0.0148437 0.0136719 0.0121918
0 0.101172 0.106323 0.0222656 0.0307617 0.0118713
0 0.548828 0.187744 0.0242187 0.0197754 0.011734
0 0.917969 0.00720215 0.0109375 0.00714111 0.0115509
0 0.221484 0.190063 0.0191406 0.0183105 0.0115051
0 0.181445 0.0154419 0.0511719 0.0290527 0.0113297
0 0.682422 0.980225 0.0234375 0.0258789 0.0113297
0 0.177344 0.600586 0.015625 0.0214844 0.0112457
0 0.979688 0.0130005 0.025 0.0181885 0.0110703
0 0.155859 0.710449 0.0136719 0.0126953 0.0110321
0 0.175586 0.596191 0.00898437 0.0107422 0.0109024
0 0.807031 0.804688 0.0234375 0.0253906 0.0109024
0 0.100098 0.0976868 0.0220703 0.0275269 0.0108566
0 0.374512 0.933594 0.0228516 0.0322266 0.0108566
0 0.030481 0.773926 0.0174561 0.015625 0.0108185
0 0.19043 0.0332184 0.0355469 0.0262146 0.0108185
0 0.219922 0.816406 0.0296875 0.0273438 0.0107346
0 0.902344 0.532715 0.04375 0.0556641 0.0106506
0 0.435937 0.202271 0.0101562 0.00830078 0.0103302
0 0.972656 0.0133057 0.0296875 0.0228882 0.01017
0 0.567578 0.54834 0.0132813 0.0117188 0.0100555
0 0.707031 0.463623 0.0421875 0.0424805 0.0100098
0 0.333789 0.621582 0.0140625 0.0107422 0.00993347
0 0.758594 0.206909 0.0265625 0.0300293 0.00985718
0 0.0107178 0.0997009 0.0214355 0.0237427 0.00981903
0 0.927344 0.00765991 0.0234375 0.010376 0.00978088
0 0.214844 0.206299 0.0382813 0.0424805 0.00963593
0 0.802344 0.701172 0.009375 0.0107422 0.00945282
0 0.191406 0.0134583 0.0183594 0.0114136 0.00941467
0 0.800781 0.418457 0.078125 0.258789 0.00937653
0 0.0737305 0.653809 0.0121094 0.0117188 0.00912476
0 0.998047 0.060791 0.00390625 0.121582 0.00898743
0 0.0656738 0.119019 0.00839844 0.0078125 0.00891876
0 0.917969 0.771973 0.021875 0.0205078 0.00891876
0 0.654297 0.44043 0.015625 0.0224609 0.00878143
0 0.720703 0.447998 0.0195312 0.0380859 0.00871277
0 0.767969 0.219421 0.01875 0.0264893 0.00841522
0 0.77832 0.72998 0.0386719 0.0341797 0.00834656
0 0.171094 0.0184937 0.0675781 0.0330811 0.00821686
0 0.0688232 0.646973 0.0203613 0.0263672 0.00818634
0 0.139648 0.880371 0.0138672 0.00976562 0.00806427
0 0.00401611 0.16864 0.00803223 0.154907 0.00806427
0 0.287695 0.718262 0.0152344 0.0146484 0.00800323
0 0.531641 0.18811 0.0195312 0.0158691 0.00796509
0 0.792969 0.592285 0.015625 0.0117188 0.00790405
0 0.923437 0.00918579 0.0265625 0.0183716 0.00790405
0 0.0388672 0.736816 0.0204102 0.0253906 0.00790405
0 0.79375 0.59082 0.021875 0.0224609 0.00787354
0 0.811719 0.00592041 0.0171875 0.0118408 0.0077858
0 0.805469 0.806641 0.01875 0.0175781 0.00775528
0 0.804688 0.804199 0.015625 0.015625 0.00772476
0 0.22168 0.0169983 0.0242187 0.0236816 0.00769424
0 0.528125 0.194702 0.0195312 0.0275879 0.00757599
0 0.595703 0.0530396 0.009375 0.00793457 0.00751877
0 0.9625 0.00750732 0.0125 0.00915527 0.00746155
0 0.381738 0.79541 0.0255859 0.03125 0.00740433
0 0.934375 0.00744629 0.0234375 0.0105591 0.00737381
0 0.935156 0.648438 0.0125 0.0117188 0.00737381
0 0.879687 0.92627 0.0046875 0.00878906 0.00737381
0 0.494141 0.328125 0.0210938 0.0214844 0.00728989
0 0.198047 0.995117 0.0121094 0.00976562 0.00720596
0 0.726562 0.203247 0.025 0.0368652 0.00706482
0 0.111719 0.801758 0.00859375 0.0078125 0.00703812
0 0.988281 0.0181122 0.0234375 0.0348206 0.00701141
0 0.971094 0.747559 0.0125 0.0146484 0.00695801
0 0.219141 0.209839 0.0214844 0.0349121 0.0069313
0 0.720703 0.773438 0.0125 0.0136719 0.0069046
0 0.16543 0.0311279 0.0464844 0.03125 0.0068512
0 0.880469 0.00619507 0.0765625 0.0123901 0.00682449
0 0.967969 0.00848389 0.0234375 0.0169678 0.00679779
0 0.864062 0.230896 0.021875 0.0323486 0.00643921
0 0.32168 0.740723 0.0160156 0.0205078 0.00643921
0 0.817969 0.0090332 0.0171875 0.0169678 0.00638962
0 0.173047 0.601074 0.01875 0.0244141 0.00638962
0 0.719141 0.773438 0.01875 0.0234375 0.00638962
0 0.592969 0.0534668 0.00859375 0.00744629 0.00636292
0 0.756641 0.212769 0.01875 0.020752 0.00636292
0 0.795313 0.592285 0.0140625 0.00976562 0.00636292
0 0.000170898 0.14978 0.000341797 0.123779 0.00634003
0 0.442187 0.744141 0.0210938 0.0253906 0.00634003
0 0.726953 0.218811 0.03125 0.039917 0.00631332
0 0.801562 0.00979614 0.0234375 0.0195923 0.00629044
0 0.00771484 0.045105 0.0154297 0.09021 0.00624084
0 0.227539 0.918945 0.0226563 0.0341797 0.00621796
0 0.723437 0.458984 0.01875 0.0361328 0.00619125
0 0.0222656 0.0408936 0.0445312 0.0817871 0.00614548
0 0.00726318 0.0955505 0.0145264 0.0161743 0.00612259
0 0.249219 0.720215 0.0175781 0.0263672 0.006073
0 0.8125 0.0128021 0.03125 0.0256042 0.00605011
0 0.783594 0.72168 0.025 0.0322266 0.00605011
0 0.246094 0.719238 0.0242187 0.0214844 0.00598145
0 0.732031 0.803711 0.0367187 0.0634766 0.00595856
0 0.980469 0.00987244 0.0265625 0.0197449 0.00591278
0 0.997266 0.0350342 0.00546875 0.0700684 0.00584412
0 0.939844 0.00970459 0.0359375 0.0194092 0.00582123
0 0.714844 0.463745 0.0242187 0.029541 0.00582123
0 0.121875 0.0452881 0.0205078 0.013916 0.00575256
0 0.791406 0.987305 0.0078125 0.00976562 0.00572968
0 0.5 0.415527 1 0.831055 0.00572968
0 0.440625 0.737793 0.00859375 0.0078125 0.00570679
0 0.059082 0.0309448 0.118164 0.0618896 0.00566483
0 0.0046875 0.264893 0.00722656 0.369141 0.00566483
0 0.523828 0.451904 0.0109375 0.00927734 0.00547028
0 0.0276367 0.773926 0.0264648 0.0332031 0.00547028
0 0.713281 0.438965 0.025 0.0195312 0.00544739
0 0.147266 0.692383 0.0119141 0.0146484 0.00542831
0 0.993359 0.0133972 0.0132813 0.0267944 0.00538635
0 0.202539 0.0153198 0.0210938 0.0267334 0.00536346
0 0.310742 0.749023 0.00859375 0.00878906 0.0053215
0 0.922656 0.384033 0.0125 0.00976562 0.00530243
0 0.786719 0.737305 0.0203125 0.0302734 0.00530243
0 0.388281 0.789062 0.0140625 0.0136719 0.00527954
0 0.646094 0.44043 0.0273438 0.0263672 0.00526047
0 0.79375 0.702637 0.028125 0.0244141 0.00524139
0 0.0828125 0.031311 0.15625 0.0626221 0.00521851
0 0.0667969 0.100342 0.0183594 0.0266113 0.00521851
0 0.387891 0.789062 0.021875 0.0283203 0.00521851
0 0.816406 0.979736 0.015625 0.0268555 0.00519943
0 0.960938 0.00749207 0.03125 0.0149841 0.00519943
0 0.0371094 0.771973 0.0125977 0.0078125 0.00508118
0 0.0781982 0.630859 0.0230957 0.0234375 0.0050621
0 0.032312 0.767578 0.0244385 0.0292969 0.00502014
0 0.680078 0.984375 0.0273438 0.03125 0.00500107
0 0.0167969 0.0981445 0.0155273 0.0195312 0.00498199
0 0.249023 0.72168 0.0121094 0.0175781 0.00496292
0 0.873438 0.224182 0.021875 0.0311279 0.0049057
0 0.394531 0.233643 0.789062 0.467285 0.0049057
0 0.8625 0.21344 0.0203125 0.0213623 0.00486755
0 0.965625 0.940186 0.06875 0.119629 0.00486755
0 0.872656 0.581543 0.0203125 0.0332031 0.00486755
0 0.00722656 0.335205 0.0144531 0.631348 0.00486755
0 0.0346191 0.53418 0.0172852 0.0107422 0.00481033
0 0.5625 0.194946 0.0171875 0.027832 0.00481033
0 0.930469 0.00849915 0.0390625 0.0169983 0.00479126
0 0.618359 0.981201 0.0242187 0.0356445 0.00479126
0 0.617188 0.983398 0.01875 0.0253906 0.00477219
0 0.224023 0.0192261 0.0199219 0.0141602 0.00473785
0 0.975781 0.0166016 0.021875 0.0164795 0.00473785
0 0.328711 0.630371 0.03125 0.0371094 0.00473785
0 0.686719 0.979492 0.0164062 0.015625 0.00471878
0 0.132422 0.575195 0.0349609 0.0224609 0.00471878
0 0.867188 0.221619 0.0171875 0.026001 0.00469971
0 0.105859 0.108276 0.015625 0.019043 0.00468063
0 0.700391 0.438721 0.0320312 0.0336914 0.00468063
0 0.798437 0.700195 0.021875 0.0263672 0.00468063
0 0.106934 0.721191 0.0144531 0.0136719 0.0046463
0 0.708203 0.439209 0.0304688 0.0234375 0.00460815
0 0.234961 0.198608 0.021875 0.0349121 0.00460815
0 0.149609 0.0332642 0.0275391 0.0205078 0.00452042
0 0.586328 0.291016 0.0125 0.0107422 0.00452042
0 0.775586 0.22052 0.0191406 0.0286865 0.00452042
0 0.184717 0.0299988 0.0235352 0.013855 0.00450516
0 0.0349609 0.739258 0.0280273 0.0302734 0.00450516
0 0.4375 0.758789 0.03125 0.0390625 0.00448608
0 0.857813 0.206726 0.0265625 0.0328369 0.00446701
0 0.322266 0.741211 0.00742187 0.0107422 0.00445175
0 0.682031 0.980469 0.0164062 0.0175781 0.00443268
0 0.037207 0.734863 0.0147461 0.0117188 0.00439835
0 0.971094 0.75 0.0109375 0.0146484 0.00438309
0 0.811719 0.00720215 0.0265625 0.0144043 0.00438309
0 0.285937 0.711914 0.0148437 0.015625 0.00436401
0 0.0674072 0.116211 0.0175293 0.0231934 0.00436401
0 0.914062 0.770996 0.0265625 0.0253906 0.00436401
0 0.895312 0.568848 0.059375 0.0664062 0.00434875
0 0.643359 0.435059 0.0328125 0.0283203 0.00432968
0 0.0144531 0.108154 0.0200195 0.0217285 0.00429916
