0 0.643359 0.653809 0.0492188 0.0517578 0.947754
0 0.717578 0.722656 0.0585938 0.0390625 0.922363
0 0.801562 0.879883 0.0625 0.0507812 0.900391
0 0.362109 0.903809 0.0703125 0.046875 0.890625
0 0.686719 0.701172 0.059375 0.0566406 0.788574
0 0.702734 0.76416 0.0648438 0.0654297 0.722656
0 0.54375 0.458984 0.0265625 0.0449219 0.610352
0 0.638672 0.146606 0.0242187 0.041748 0.583984
0 0.776758 0.853516 0.0636719 0.0722656 0.413086
0 0.500781 0.443237 0.05 0.0725098 0.405518
0 0.540625 0.494629 0.0195312 0.0244141 0.399902
0 0.497266 0.433105 0.0375 0.0419922 0.364746
0 0.711328 0.767578 0.0476562 0.0566406 0.246582
0 0.841406 0.808594 0.0171875 0.0146484 0.200562
0 0.374219 0.901855 0.0453125 0.0400391 0.11676
0 0.826563 0.831055 0.0421875 0.0478516 0.105591
0 0.541016 0.449219 0.0210938 0.0244141 0.0953369
0 0.507812 0.454224 0.040625 0.0788574 0.0891113
0 0.513672 0.469727 0.0203125 0.0371094 0.083313
0 0.725 0.722168 0.0445312 0.0332031 0.0809326
0 0.539453 0.459595 0.0367187 0.0524902 0.078064
0 0.84375 0.809082 0.0140625 0.0126953 0.0734253
0 0.682813 0.76123 0.0554687 0.0566406 0.0718384
0 0.821875 0.831543 0.059375 0.0537109 0.0621033
0 0.643359 0.646484 0.0429688 0.0390625 0.058136
0 0.676562 0.705078 0.040625 0.0527344 0.0574951
0 0.809375 0.880371 0.0484375 0.0419922 0.0560303
0 0.543359 0.489746 0.015625 0.0244141 0.0534058
0 0.548828 0.459839 0.0234375 0.0402832 0.053009
0 0.66875 0.757324 0.025 0.0341797 0.049408
0 0.408594 0.962402 0.114063 0.0751953 0.0492249
0 0.734375 0.723633 0.0242187 0.0302734 0.0474243
0 0.648438 0.65918 0.0414063 0.0449219 0.0441895
0 0.841406 0.809082 0.0203125 0.0205078 0.0411377
0 0.349023 0.906738 0.0449219 0.0449219 0.0411377
0 0.8375 0.8125 0.025 0.03125 0.0401001
0 0.662109 0.755859 0.0101562 0.015625 0.0393372
0 0.513281 0.465332 0.025 0.0498047 0.0386047
0 0.538281 0.449463 0.0226563 0.0297852 0.037384
0 0.5375 0.492188 0.028125 0.0341797 0.037323
0 0.505859 0.442627 0.0453125 0.0551758 0.0368958
0 0.361133 0.896973 0.0605469 0.0400391 0.0367737
0 0.490625 0.429443 0.0257812 0.0332031 0.0362854
0 0.377734 0.907715 0.0390625 0.0361328 0.0361633
0 0.795898 0.874023 0.0816406 0.0585938 0.033905
0 0.494141 0.425537 0.0320312 0.0307617 0.033844
0 0.514844 0.904297 0.00546875 0.0117188 0.0324707
0 0.546094 0.453735 0.0226563 0.0388184 0.0324707
0 0.706641 0.758301 0.0515625 0.0527344 0.029541
0 0.374805 0.960449 0.0839844 0.0791016 0.0272675
0 0.644922 0.952637 0.0929687 0.0947266 0.0271149
0 0.541016 0.445068 0.0179687 0.0161133 0.0263519
0 0.227148 0.382568 0.0441406 0.0966797 0.0256653
0 0.724219 0.729004 0.0414063 0.0341797 0.0252686
0 0.0692383 0.94043 0.0431641 0.119141 0.0228424
0 0.715625 0.731445 0.0507812 0.0390625 0.0227661
0 0.139941 0.986328 0.0158203 0.0273438 0.0224609
0 0.761523 0.862305 0.0285156 0.0566406 0.0222473
0 0.664844 0.755371 0.021875 0.0224609 0.0222015
0 0.0421875 0.821289 0.0408203 0.117188 0.0220795
0 0.637109 0.643555 0.0320312 0.0322266 0.0217438
0 0.146094 0.540039 0.0335938 0.078125 0.0214844
0 0.633594 0.14563 0.0234375 0.0395508 0.0204926
0 0.388281 0.959229 0.128906 0.081543 0.0204163
0 0.3875 0.900879 0.0171875 0.0322266 0.0202942
0 0.409766 0.732422 0.00625 0.0136719 0.0195007
0 0.390234 0.907227 0.0148437 0.0263672 0.019455
0 0.690234 0.693359 0.0539063 0.0419922 0.0194244
0 0.764063 0.85498 0.040625 0.0664062 0.0193787
0 0.721875 0.770996 0.0257812 0.0410156 0.0185394
0 0.548047 0.465942 0.01875 0.0407715 0.0176392
0 0.514063 0.475586 0.0164062 0.0292969 0.0174408
0 0.206641 0.415039 0.0238281 0.0449219 0.0170441
0 0.191797 0.538574 0.0628906 0.114258 0.0170441
0 0.699609 0.696777 0.0359375 0.0332031 0.0168457
0 0.514063 0.904785 0.0132813 0.0224609 0.0168457
0 0.675781 0.699219 0.0515625 0.0498047 0.0166626
0 0.663672 0.754883 0.0140625 0.0244141 0.0162811
0 0.141504 0.55127 0.0285156 0.0644531 0.0160217
0 0.135352 0.564941 0.0179687 0.0292969 0.0157166
0 0.139355 0.557129 0.0230469 0.0410156 0.0156708
0 0.702734 0.772461 0.0539063 0.0498047 0.0154877
0 0.835156 0.831055 0.0234375 0.0410156 0.0154877
0 0.544922 0.499512 0.0125 0.0224609 0.0151901
0 0.537891 0.44873 0.01875 0.0195312 0.0149536
0 0.807617 0.95166 0.0863281 0.0966797 0.0149002
0 0.717188 0.780762 0.0320312 0.03125 0.0148392
0 0.191602 0.444092 0.0199219 0.0302734 0.0147324
0 0.0527832 0.790039 0.0383789 0.114258 0.0146713
0 0.186133 0.451172 0.0113281 0.0141602 0.0142288
0 0.832812 0.658203 0.075 0.107422 0.0138474
0 0.459766 0.320068 0.021875 0.0366211 0.0136337
0 0.757812 0.876953 0.0179687 0.0341797 0.0135345
0 0.822656 0.880371 0.021875 0.0361328 0.0134811
0 0.660547 0.0762939 0.0117188 0.0166016 0.0133743
0 0.0804932 0.950684 0.0378418 0.0986328 0.0131226
0 0.708203 0.719727 0.0617188 0.0419922 0.01297
0 0.426562 0.968262 0.0804688 0.0634766 0.0129242
0 0.639844 0.134766 0.0179687 0.0185547 0.0128708
0 0.637109 0.151855 0.0304688 0.0437012 0.0127258
0 0.120996 0.600098 0.0238281 0.0400391 0.0126724
0 0.18457 0.44873 0.0164062 0.0239258 0.0122375
0 0.633203 0.149658 0.01875 0.0336914 0.0120087
0 0.452734 0.741699 0.0671875 0.117188 0.0119629
0 0.136719 0.559082 0.0162109 0.03125 0.0118713
0 0.390625 0.914062 0.0078125 0.00976562 0.0113754
0 0.511719 0.902344 0.0179687 0.0283203 0.0112
0 0.139746 0.980469 0.0181641 0.0390625 0.0110703
0 0.194141 0.851562 0.0597656 0.0302734 0.0109863
0 0.288281 0.444092 0.0234375 0.0292969 0.0108185
0 0.335938 0.910156 0.015625 0.0371094 0.0106506
0 0.710547 0.746582 0.0546875 0.0429688 0.0105667
0 0.230469 0.371826 0.0363281 0.074707 0.0104904
0 0.803125 0.888184 0.0546875 0.0322266 0.0104523
0 0.602344 0.989258 0.0117188 0.0175781 0.0103683
0 0.0803467 0.939209 0.0533691 0.121582 0.0102921
0 0.203711 0.424561 0.0269531 0.0458984 0.0102463
0 0.658984 0.0800781 0.0109375 0.0177002 0.01017
0 0.544141 0.443848 0.0164062 0.0161133 0.0101318
0 0.222656 0.38623 0.0367187 0.0742188 0.00997162
0 0.505078 0.436035 0.0351562 0.0405273 0.00981903
0 0.141797 0.550781 0.0222656 0.0419922 0.00981903
0 0.152441 0.524414 0.0333984 0.078125 0.00978088
0 0.197656 0.429688 0.0203125 0.0371094 0.00974274
0 0.532812 0.885254 0.028125 0.0400391 0.00963593
0 0.103125 0.649414 0.0351562 0.0732422 0.00959778
0 0.217969 0.395752 0.0394531 0.0810547 0.00955963
0 0.769531 0.860352 0.0546875 0.0615234 0.00952148
0 0.642187 0.137695 0.0179687 0.0224609 0.00945282
0 0.660937 0.757812 0.0101562 0.0126953 0.00941467
0 0.407031 0.751465 0.00546875 0.0117188 0.00926971
0 0.853125 0.679688 0.03125 0.0498047 0.00926971
0 0.408594 0.734375 0.00625 0.0146484 0.00894928
0 0.541016 0.873047 0.009375 0.0146484 0.00867462
0 0.4875 0.420654 0.0226563 0.0253906 0.0086441
0 0.361523 0.961182 0.0527344 0.0776367 0.0086441
0 0.703906 0.748535 0.0304688 0.0253906 0.00854492
0 0.5125 0.449707 0.0351562 0.0546875 0.0085144
0 0.14834 0.753418 0.0255859 0.0996094 0.00844574
0 0.308789 0.834473 0.0597656 0.0986328 0.00841522
0 0.5375 0.444336 0.015625 0.0126953 0.00837708
0 0.501562 0.424805 0.0351562 0.0332031 0.00837708
0 0.406641 0.742188 0.0125 0.0273438 0.008255
0 0.789062 0.845703 0.0859375 0.0654297 0.008255
0 0.997656 0.0505371 0.0046875 0.101074 0.00818634
0 0.0982422 0.651367 0.0289063 0.0625 0.00812531
0 0.534766 0.470703 0.0414063 0.0634766 0.00803375
0 0.705859 0.951904 0.0710938 0.0961914 0.00796509
0 0.204492 0.849609 0.0402344 0.0263672 0.00796509
0 0.141309 0.955078 0.0207031 0.0898438 0.00790405
0 0.256055 0.408691 0.053125 0.107422 0.00787354
0 0.500391 0.454834 0.0632813 0.0795898 0.0078125
0 0.0778076 0.708984 0.0299316 0.0810547 0.0078125
0 0.0605469 0.956299 0.0272461 0.0854492 0.00775528
0 0.539453 0.878906 0.0234375 0.0371094 0.00769424
0 0.197656 1 0.0988281 0 0.00766754
0 0.663672 0.673828 0.0132813 0.0175781 0.00763702
0 0.185352 0.45459 0.00976562 0.0136719 0.00760651
0 0.125684 0.599609 0.0291016 0.046875 0.00751877
0 0.671094 0.76416 0.0289063 0.0371094 0.00751877
0 0.815625 0.88916 0.034375 0.0341797 0.00751877
0 0.844531 0.811523 0.015625 0.0175781 0.00734711
0 0.657422 0.667969 0.0203125 0.0283203 0.00734711
0 0.510547 0.909668 0.0195312 0.03125 0.00725937
0 0.0948242 0.661621 0.0318359 0.0751953 0.00712204
0 0.336328 0.901855 0.0183594 0.0351562 0.00712204
0 0.644141 0.666992 0.0398437 0.0419922 0.00706482
0 0.520312 0.449951 0.01875 0.0273438 0.00703812
0 0.547266 0.493652 0.0203125 0.0332031 0.00703812
0 0.738672 0.718262 0.01875 0.0175781 0.00701141
0 0.832031 0.836426 0.0296875 0.0273438 0.00698471
0 0.541406 0.442139 0.0226563 0.0263672 0.0068779
0 0.998828 0.0350952 0.00234375 0.0701904 0.0068512
0 0.511328 0.432861 0.0320312 0.034668 0.0068512
0 0.140137 0.895508 0.0203125 0.0517578 0.00682449
0 0.256641 0.319824 0.0277344 0.0541992 0.00679779
0 0.246289 0.338379 0.0261719 0.046875 0.00674438
0 0.150391 0.535645 0.0414063 0.0966797 0.00674438
0 0.725781 0.782715 0.0210938 0.0244141 0.00671768
0 0.85625 0.688965 0.025 0.0371094 0.0064888
0 0.459766 0.310791 0.021875 0.0283203 0.00634003
0 0.08125 0.697754 0.0267578 0.0703125 0.00634003
0 0.0710938 0.727539 0.0285156 0.0703125 0.00634003
0 0.658203 0.0744019 0.0203125 0.0325928 0.00629044
0 0.0588867 0.971924 0.0225586 0.0561523 0.00629044
0 0.519141 0.456787 0.021875 0.043457 0.00626373
0 0.70625 0.721191 0.0484375 0.0263672 0.00626373
0 0.405469 0.752441 0.0132813 0.0253906 0.00626373
0 0.651563 0.640625 0.028125 0.0371094 0.00624084
0 0.138379 0.563477 0.0191406 0.0332031 0.00619125
0 0.677344 0.757324 0.0320312 0.0400391 0.00619125
0 0.657031 0.0823669 0.01875 0.0339966 0.00614548
0 0.702344 0.688965 0.0257812 0.0283203 0.00614548
0 0.661328 0.663086 0.0195312 0.0380859 0.00612259
0 0.209961 0.401123 0.0242187 0.0498047 0.00609589
0 0.651172 0.664551 0.0328125 0.0390625 0.006073
0 0.191992 1 0.1125 0 0.00602722
0 0.705859 0.777832 0.0429688 0.0429688 0.00600433
0 0.522656 0.48877 0.0203125 0.0302734 0.00595856
0 0.14082 0.931641 0.0251953 0.115234 0.00593567
0 0 0.0426636 0 0.0853271 0.00591278
0 0.0891602 0.952881 0.0285156 0.0942383 0.005867
0 0.0845947 0.96875 0.0245605 0.0625 0.005867
0 0.141406 0.974121 0.0164062 0.0517578 0.005867
0 0.842969 0.673828 0.05625 0.078125 0.00584412
0 0.241016 0.355957 0.0210938 0.0317383 0.00575256
0 0.204297 0.416992 0.0128906 0.0219727 0.00575256
0 0.846094 0.808594 0.021875 0.0273438 0.00568771
0 0.626953 0.149048 0.0265625 0.0395508 0.00564194
0 0.753125 0.884277 0.00703125 0.0146484 0.00559998
0 0.267578 0.303223 0.0300781 0.0605469 0.00559998
0 0.626562 0.648926 0.0171875 0.0351562 0.0055542
0 0.660547 0.673828 0.015625 0.0185547 0.00553513
0 0.242188 0.349121 0.0148437 0.0244141 0.00551224
0 0.378125 0.894043 0.0296875 0.0322266 0.00547028
0 0.00612793 0.967529 0.0122559 0.0649414 0.00547028
0 0.773242 0.845215 0.0503906 0.0478516 0.00544739
0 0.0336548 0.849121 0.0328857 0.0839844 0.00530243
0 0.155664 0.512207 0.0267578 0.0546875 0.00526047
0 0.667578 0.750488 0.0203125 0.0322266 0.00526047
0 0.147656 0.767578 0.0226563 0.0751953 0.00526047
0 0.794531 0.88623 0.0625 0.0478516 0.00524139
0 0.549609 0.452881 0.0195312 0.0297852 0.00521851
0 0.140918 0.837891 0.0154297 0.0283203 0.00519943
0 0.264844 0.999023 0.139844 0.00195312 0.00516129
0 0.235547 0.355225 0.0257812 0.0458984 0.00516129
0 0.785352 0.890137 0.0371094 0.0302734 0.00516129
0 0.571875 0.168213 0.0210938 0.0258789 0.00511932
0 0.241602 0.351318 0.028125 0.0532227 0.00511932
0 0.648047 0.149048 0.028125 0.0437012 0.0050621
0 0.550391 0.468628 0.0148437 0.0285645 0.00502014
0 0.550391 0.499512 0.0210938 0.03125 0.00500107
0 0.198828 0.42627 0.0113281 0.0200195 0.00488663
0 0.632422 0.140381 0.0195312 0.0263672 0.00486755
0 0.137695 0.557617 0.0304688 0.0488281 0.00479126
0 0.0592773 0.762207 0.0279297 0.0732422 0.00479126
0 0.141992 0.832031 0.0222656 0.0410156 0.00479126
0 0.839844 0.812988 0.01875 0.0214844 0.00477219
0 0.998438 0.0202942 0.003125 0.0405884 0.00477219
0 0.213867 0.407227 0.0363281 0.0673828 0.00471878
0 0.231836 0.631836 0.0234375 0.0498047 0.00471878
0 0.5375 0.457764 0.03125 0.0356445 0.00469971
0 0.827344 0.827637 0.03125 0.0351562 0.00469971
0 0.204688 0.998535 0.142578 0.00292969 0.00469971
0 0.655469 0.967041 0.0742188 0.065918 0.00466537
0 0.153711 0.740723 0.0304688 0.121094 0.00466537
0 0.727344 0.733887 0.028125 0.0205078 0.0046463
0 0.826563 0.836914 0.0375 0.0341797 0.00462723
0 0.0633789 0.94458 0.0318359 0.101074 0.00462723
0 0.0660645 0.746094 0.0211914 0.0400391 0.0045929
0 0.201172 0.538086 0.0464844 0.101562 0.00453949
0 0.199414 0.417725 0.0222656 0.0385742 0.00453949
0 0.120996 0.591309 0.0277344 0.046875 0.00452042
0 0.240234 0.99707 0.155469 0.00585938 0.00450516
0 0.863281 0.692383 0.0203125 0.0302734 0.00450516
0 0.442187 0.976807 0.0390625 0.0463867 0.00450516
0 0.50625 0.428955 0.0242187 0.0258789 0.00448608
0 0.271094 0.291992 0.0277344 0.0527344 0.00448608
0 0.066748 0.741211 0.0297852 0.0751953 0.00448608
0 0.836719 0.832031 0.015625 0.0234375 0.00443268
0 0.756641 0.863281 0.0234375 0.0429688 0.00443268
0 0.251953 0.331543 0.0269531 0.0527344 0.00441742
0 0.119238 0.871582 0.0425781 0.0517578 0.00438309
0 0.389453 0.90918 0.0117188 0.0205078 0.00436401
0 0.19043 0.450195 0.0222656 0.0263672 0.00432968
0 0.118945 0.879883 0.05 0.0683594 0.00432968
0 0.66875 0.712402 0.0273438 0.0390625 0.00431442
0 0.189258 0.450928 0.0148437 0.019043 0.00429916
0 0.294727 0.258789 0.0339844 0.0581055 0.00429916
0 0.514844 0.449463 0.0257812 0.0424805 0.00428009
0 0.278906 1 0.115625 0 0.00424957
0 0.260352 0.308594 0.0269531 0.0493164 0.00421524
0 0.405859 0.751953 0.00703125 0.0126953 0.00419998
0 0.0889648 0.971191 0.0193359 0.0576172 0.00419998
0 0.181641 1 0.0859375 0 0.00413513
0 0.0386719 1 0.0773437 0 0.00411606
0 0.389844 0.908691 0.0234375 0.0263672 0.0041008
0 0.757031 0.888672 0.0179687 0.0244141 0.0041008
0 0.548047 0.466919 0.0289063 0.0427246 0.00405502
0 0.571875 0.17981 0.025 0.0366211 0.00405502
0 0.567578 1 0.107031 0 0.00403976
0 0.530469 0.893066 0.0296875 0.0361328 0.00402451
0 0.0789063 0.707031 0.0228516 0.0449219 0.00400543
0 0.649219 0.649414 0.034375 0.0390625 0.00397491
0 0.216016 1 0.146094 0 0.00397491
0 0.409863 0.955566 0.0771484 0.0751953 0.00397491
0 0.131348 0.882812 0.040625 0.0732422 0.0039444
0 0.0941406 0.803223 0.0246094 0.0449219 0.00391388
0 0.755078 0.868652 0.0179687 0.0380859 0.00390053
0 0.268359 0.739746 0.0496094 0.119141 0.00390053
0 0.0374023 0.834473 0.0363281 0.100586 0.00390053
0 0.752734 0.866211 0.0210938 0.0507812 0.00390053
0 0.806445 0.839355 0.0839844 0.0546875 0.00388527
0 0.601953 0.994141 0.009375 0.0117188 0.00387001
0 0.537891 0.500488 0.0148437 0.0214844 0.00385475
0 0.656641 0.668945 0.0289063 0.0332031 0.00385475
0 0.519922 0.443848 0.0132813 0.0195312 0.00382423
0 0.665625 0.749023 0.0117188 0.0185547 0.00382423
0 0.135156 0.566895 0.0267578 0.0400391 0.00380898
0 0.996484 0.0712891 0.00703125 0.140137 0.00380898
