0 0.25625 0.582031 0.0417969 0.0371094 0.839355
0 0.594922 0.363281 0.0226563 0.0512695 0.828613
0 0.781055 0.342529 0.0238281 0.0395508 0.820312
0 0.199023 0.558105 0.0519531 0.0419922 0.67041
0 0.597266 0.870605 0.0140625 0.0244141 0.665527
0 0.507031 0.375977 0.0195312 0.0463867 0.632324
0 0.81875 0.287354 0.0234375 0.0429688 0.618652
0 0.490234 0.415283 0.0351562 0.0356445 0.615234
0 0.461328 0.467529 0.0234375 0.0688477 0.588867
0 0.566016 0.455811 0.021875 0.0571289 0.571777
0 0.349023 0.612305 0.0316406 0.0673828 0.558105
0 0.55625 0.404297 0.01875 0.0463867 0.512695
0 0.679688 0.939941 0.0078125 0.0117188 0.44165
0 0.587109 0.47229 0.0226563 0.0622559 0.44165
0 0.614844 0.881836 0.00703125 0.00976562 0.432129
0 0.626172 0.894531 0.00703125 0.00878906 0.381104
0 0.578906 0.426025 0.009375 0.0141602 0.339844
0 0.619141 0.834961 0.0078125 0.0117188 0.310791
0 0.509375 0.463867 0.0078125 0.0185547 0.284668
0 0.783789 0.337158 0.0199219 0.0307617 0.246582
0 0.816406 0.282227 0.01875 0.03125 0.217285
0 0.83125 0.496094 0.00625 0.00976562 0.213379
0 0.650391 0.917969 0.00703125 0.00878906 0.168823
0 0.533984 0.481445 0.00703125 0.0146484 0.153076
0 0.583984 0.837891 0.00859375 0.0117188 0.149048
0 0.535156 0.487793 0.00703125 0.0126953 0.142212
0 0.777344 0.350586 0.0171875 0.0307617 0.12854
0 0.821094 0.292969 0.0265625 0.0380859 0.125122
0 0.626562 0.89502 0.009375 0.0117188 0.124207
0 0.569141 0.445068 0.0171875 0.043457 0.112793
0 0.193164 0.554688 0.0441406 0.0341797 0.108215
0 0.679688 0.939453 0.0148437 0.0214844 0.107788
0 0.599219 0.867188 0.0132813 0.0205078 0.100159
0 0.825781 0.297363 0.0171875 0.0209961 0.0933228
0 0.340625 0.585449 0.0128906 0.0146484 0.0923462
0 0.554297 0.412354 0.0171875 0.0400391 0.0872803
0 0.639063 0.906738 0.00625 0.00878906 0.083313
0 0.459375 0.439453 0.0140625 0.0141602 0.0803833
0 0.463281 0.476562 0.028125 0.0566406 0.0789185
0 0.61875 0.835938 0.0132813 0.0214844 0.0783691
0 0.608594 0.877441 0.01875 0.0244141 0.0747681
0 0.459766 0.442627 0.0125 0.0195312 0.0673218
0 0.823438 0.297119 0.0234375 0.0249023 0.0634766
0 0.626562 0.897949 0.0164062 0.0195312 0.0623169
0 0.557422 0.39209 0.0148437 0.0244141 0.0596619
0 0.679688 0.939453 0.0109375 0.0146484 0.0596619
0 0.785937 0.334961 0.015625 0.0229492 0.058136
0 0.513672 0.473633 0.0148437 0.0273438 0.0579224
0 0.623828 0.894043 0.0171875 0.0214844 0.0507202
0 0.250586 0.577148 0.0332031 0.0273438 0.0503235
0 0.349414 0.602539 0.0277344 0.0517578 0.0497742
0 0.194922 0.651367 0.00585938 0.0117188 0.0458679
0 0.211719 0.560547 0.0476562 0.0400391 0.0455322
0 0.497656 0.413818 0.0359375 0.0390625 0.0453491
0 0.614844 0.884766 0.0140625 0.0205078 0.0453491
0 0.535156 0.483887 0.015625 0.0224609 0.0441895
0 0.257812 0.588867 0.0480469 0.0400391 0.0438538
0 0.513672 0.401611 0.0109375 0.0146484 0.0432129
0 0.626953 0.897461 0.00859375 0.00976562 0.0430298
0 0.485938 0.418945 0.0296875 0.0361328 0.0430298
0 0.510156 0.46814 0.0101562 0.0256348 0.0428772
0 0.510547 0.469238 0.0132813 0.0302734 0.0420837
0 0.591797 0.365723 0.0328125 0.050293 0.0410767
0 0.217773 0.564941 0.0378906 0.0332031 0.0408325
0 0.83125 0.498047 0.0125 0.0195312 0.0406799
0 0.354297 0.612793 0.0253906 0.0576172 0.0401001
0 0.825 0.295166 0.01875 0.034668 0.0393372
0 0.504297 0.378662 0.0320312 0.0429688 0.0379028
0 0.597656 0.870605 0.0234375 0.0292969 0.0377502
0 0.511719 0.464844 0.0125 0.0283203 0.0359497
0 0.460156 0.452148 0.01875 0.0419922 0.0347595
0 0.596875 0.353271 0.0210938 0.0351562 0.0335999
0 0.579297 0.430908 0.015625 0.0244141 0.0334778
0 0.567578 0.464722 0.01875 0.0461426 0.0324097
0 0.561328 0.411133 0.0203125 0.0366211 0.0320435
0 0.58125 0.445312 0.0164062 0.0439453 0.0317383
0 0.599609 0.350342 0.0132813 0.0239258 0.0313721
0 0.563672 0.461914 0.0203125 0.0449219 0.0310211
0 0.621875 0.834961 0.0171875 0.0234375 0.0304413
0 0.641797 0.912598 0.015625 0.0195312 0.0299225
0 0.896875 0.664551 0.0296875 0.231445 0.0284424
0 0.637891 0.905273 0.00703125 0.00878906 0.0282135
0 0.0427734 0.36792 0.00722656 0.00830078 0.0275879
0 0.26875 0.59375 0.0253906 0.0302734 0.0261993
0 0.502344 0.379395 0.0179687 0.0371094 0.0255585
0 0.557813 0.412598 0.0179687 0.0366211 0.0253754
0 0.589453 0.482788 0.0195312 0.0402832 0.0253754
0 0.344531 0.59375 0.0222656 0.0361328 0.0246582
0 0.261719 0.586914 0.0328125 0.0322266 0.0238647
0 0.505469 0.389404 0.01875 0.0356445 0.0232391
0 0.620313 0.88623 0.0140625 0.0146484 0.0227203
0 0.188135 0.552734 0.0334961 0.0263672 0.0222931
0 0.634766 0.90918 0.0203125 0.0224609 0.0219421
0 0.553516 0.409912 0.0273438 0.0429688 0.0215302
0 0.821875 0.281982 0.0234375 0.0375977 0.0215302
0 0.584766 0.44458 0.0109375 0.0175781 0.0207214
0 0.640625 0.583496 0.00625 0.00976562 0.0201721
0 0.618359 0.882324 0.0101562 0.0117188 0.0201721
0 0.591406 0.374023 0.0164062 0.034668 0.0190582
0 0.481641 0.421875 0.0210938 0.0244141 0.0185394
0 0.814844 0.275879 0.015625 0.0214844 0.0180511
0 0.595703 0.867188 0.0148437 0.0234375 0.0179901
0 0.633984 0.903809 0.0125 0.0117188 0.0174408
0 0.510547 0.378662 0.0210938 0.0429688 0.0165863
0 0.342187 0.589844 0.0160156 0.0214844 0.0162811
0 0.227148 0.566895 0.0191406 0.0185547 0.0161591
0 0.510547 0.401611 0.0132813 0.0136719 0.0158386
0 0.506641 0.364014 0.0195312 0.0302734 0.0158386
0 0.829687 0.299805 0.0109375 0.0170898 0.0157166
0 0.353516 0.621582 0.0191406 0.0429688 0.0156708
0 0.19082 0.54834 0.0292969 0.0195312 0.0153656
0 0.685156 0.941406 0.0203125 0.0244141 0.0153046
0 0.0332031 1 0.0664062 0 0.0149536
0 0.827344 0.30249 0.0140625 0.0151367 0.0148392
0 0.591797 0.472534 0.0195312 0.0539551 0.0146713
0 0.188477 0.561035 0.034375 0.0371094 0.0143356
0 0.536719 0.487793 0.0078125 0.0136719 0.0141754
0 0.591406 0.870117 0.0195312 0.0292969 0.0141754
0 0.532422 0.481445 0.0117188 0.0185547 0.014061
0 0.201758 0.550781 0.0398437 0.0351562 0.014061
0 0.565625 0.451538 0.03125 0.0598145 0.0139542
0 0.583203 0.465576 0.0414063 0.074707 0.0137939
0 0.567578 0.465088 0.0328125 0.0532227 0.0136871
0 0.457812 0.459717 0.021875 0.0561523 0.0132217
0 0.675391 0.936523 0.0203125 0.0244141 0.0132217
0 0.571094 0.437744 0.0179687 0.0273438 0.0131683
0 0.338477 0.584473 0.0140625 0.0136719 0.0131226
0 0.00367432 0.0575562 0.00734863 0.115112 0.0130234
0 0.485938 0.407959 0.021875 0.0205078 0.0129242
0 0.186719 0.546875 0.0265625 0.0234375 0.0127258
0 0.482812 0.413574 0.0242187 0.0292969 0.0126724
0 0.229297 0.568848 0.0246094 0.0263672 0.0124817
0 0.614844 0.835938 0.0171875 0.0234375 0.0123825
0 0.194727 0.650879 0.0101562 0.0136719 0.0122375
0 0.512109 0.459961 0.0101562 0.0166016 0.0121918
0 0.594531 0.874512 0.0164062 0.0263672 0.0121918
0 0.0490234 0.999023 0.0980469 0.00195312 0.0120544
0 0.6 0.875 0.015625 0.0224609 0.0115509
0 0.0444824 0.368164 0.00791016 0.00976562 0.0112457
0 0.6375 0.907715 0.0125 0.0117188 0.0112457
0 0.949609 1 0.100781 0 0.0111618
0 0.584375 0.431641 0.01875 0.0273438 0.0111618
0 0.261914 0.578613 0.0277344 0.0283203 0.0110703
0 0.996094 0.0539551 0.0078125 0.10791 0.0110703
0 0.958594 1 0.0828125 0 0.0110703
0 0.348047 0.620605 0.0265625 0.0546875 0.0109863
0 0.181396 0.547363 0.018457 0.015625 0.0108185
0 0.519141 0.401123 0.00859375 0.0126953 0.0107803
0 0.272266 0.588379 0.0167969 0.0341797 0.0107803
0 0.510156 0.469604 0.0226563 0.0334473 0.0106506
0 0.783594 0.330322 0.0140625 0.0195312 0.0106125
0 0.504297 0.361328 0.0148437 0.0151367 0.0104904
0 0.614062 0.884766 0.0140625 0.0126953 0.0103302
0 0.638281 0.905762 0.0179687 0.0234375 0.0100098
0 0.0438965 0.367676 0.0130859 0.0200195 0.00993347
0 0.835938 0.496094 0.0203125 0.0224609 0.00978088
0 0.571094 0.460449 0.0226563 0.0576172 0.00974274
0 0.22168 0.565918 0.025 0.0214844 0.00974274
0 0.22793 0.571289 0.0195312 0.0175781 0.00971222
0 0.930078 0.99707 0.139844 0.00585938 0.00971222
0 0.573828 0.435303 0.01875 0.0327148 0.00963593
0 0.0595703 0.996094 0.119141 0.0078125 0.00955963
0 0.0400391 0.995605 0.0800781 0.00878906 0.00955963
0 0.560938 0.4021 0.01875 0.0390625 0.00948334
0 0.776758 0.342529 0.0199219 0.0322266 0.00945282
0 0.957812 1 0.084375 0 0.00945282
0 0.453516 0.464844 0.03125 0.0712891 0.00941467
0 0.585547 0.448242 0.0164062 0.0322266 0.00933838
0 0.0577637 0.999512 0.115527 0.000976562 0.00933838
0 0.582812 0.838379 0.0117188 0.0136719 0.00930023
0 0.910937 0.666016 0.0390625 0.132812 0.00930023
0 0.552344 0.4021 0.01875 0.0395508 0.0091629
0 0.595703 0.475708 0.0257812 0.0515137 0.00905609
0 0.276563 0.603027 0.00585938 0.00976562 0.00901794
0 0.514844 0.47168 0.0101562 0.0185547 0.00871277
0 0.458984 0.438477 0.0179687 0.0224609 0.00871277
0 0.466797 0.48291 0.0171875 0.0341797 0.00871277
0 0.650391 0.918945 0.0148437 0.0214844 0.00867462
0 0.275586 0.595703 0.0125 0.0244141 0.00857544
0 0.961719 0.0122681 0.0765625 0.0245361 0.0085144
0 0.0444824 1 0.0889648 0 0.0085144
0 0.4875 0.408691 0.0273438 0.0322266 0.0085144
0 0.895312 0.649902 0.053125 0.21582 0.0085144
0 0.582812 0.471191 0.0265625 0.0556641 0.00844574
0 0.233789 0.568848 0.0171875 0.015625 0.00844574
0 0.519922 0.472656 0.00625 0.00976562 0.00837708
0 0.8125 0.274902 0.0125 0.0175781 0.00834656
0 0.522266 0.484375 0.0195312 0.0244141 0.00831604
0 0.677344 0.941406 0.025 0.0195312 0.00828552
0 0.00568848 0.0758057 0.011377 0.151611 0.008255
0 0.182422 0.551758 0.0246094 0.0234375 0.00818634
0 0.514453 0.471802 0.0226563 0.0270996 0.00818634
0 0.641406 0.622559 0.00703125 0.015625 0.00812531
0 0.786914 0.344971 0.0246094 0.0332031 0.00809479
0 0.790625 0.998047 0.145313 0.00390625 0.00800323
0 0.000292969 0.0402832 0.000585938 0.0805664 0.00800323
0 0.357812 0.604492 0.0304688 0.0576172 0.00800323
0 0.5875 0.443359 0.00859375 0.0131836 0.00793457
0 0.947266 1 0.105469 0 0.00793457
0 0.457812 0.443604 0.0148437 0.0244141 0.00787354
0 0.242578 0.571289 0.0203125 0.015625 0.00784302
0 0.421875 0.0123901 0.117969 0.0247803 0.0078125
0 0.511328 0.478027 0.0101562 0.0185547 0.00775528
0 0.0365723 1 0.0731445 0 0.00775528
0 0.502344 0.997559 0.14375 0.00488281 0.00775528
0 0.614844 0.881836 0.0101562 0.0117188 0.00772476
0 0.533984 0.477539 0.00859375 0.0136719 0.00766754
0 0.205664 0.555664 0.0457031 0.0351562 0.00763702
0 0.0643066 1 0.128613 0 0.00763702
0 0.969531 0.999023 0.0609375 0.00195312 0.00760651
0 0.913672 0.994629 0.172656 0.0107422 0.00751877
0 0.508594 0.390381 0.0148437 0.0244141 0.00748825
0 0.114209 0.995605 0.17002 0.00878906 0.00748825
0 0.582031 0.432373 0.0140625 0.0214844 0.00746155
0 0.539453 0.99707 0.148438 0.00585938 0.00746155
0 0.827344 0.495117 0.01875 0.0224609 0.00743103
0 0.701953 0.99707 0.153906 0.00585938 0.00740433
0 0.440234 0.999023 0.135937 0.00195312 0.00737381
0 0.75332 0.999023 0.141797 0.00195312 0.00737381
0 0.828125 0.0939941 0.109375 0.187988 0.00737381
0 0.559375 0.0116577 0.122656 0.0233154 0.00731659
0 0.0766602 0.994141 0.15332 0.0117188 0.00728989
0 0.467187 0.466064 0.0195312 0.0522461 0.00723267
0 0.493359 0.420166 0.0359375 0.034668 0.00717545
0 0.326855 0.998047 0.141602 0.00390625 0.00717545
0 0.390723 1 0.13418 0 0.00717545
0 0.813281 0.289062 0.0203125 0.0351562 0.00714874
0 0.558984 0.822266 0.00859375 0.0117188 0.00714874
0 0.896875 0.66748 0.121875 0.0722656 0.00714874
0 0.9375 0.994629 0.107813 0.0107422 0.00712204
0 0.534375 0.491211 0.009375 0.0146484 0.00709534
0 0.226758 0.562012 0.0128906 0.0146484 0.00706482
0 0.364941 0.999023 0.135742 0.00195312 0.00706482
0 0.289453 0.998047 0.141406 0.00390625 0.00701141
0 0.457031 0.452393 0.0164062 0.0366211 0.00695801
0 0.6125 0.880859 0.0140625 0.015625 0.00695801
0 0.828125 0.997559 0.151562 0.00488281 0.00695801
0 0.00234375 0.959961 0.0046875 0.0800781 0.0068779
0 0 0.94751 0 0.10498 0.0068512
0 0.152222 0.996582 0.163525 0.00683594 0.00679779
0 0.877344 0.996094 0.164062 0.0078125 0.00679779
0 0.00435791 0.946777 0.00871582 0.106445 0.00679779
0 0.202148 0.99707 0.158984 0.00585938 0.00677109
0 0.552734 0.420898 0.0125 0.0205078 0.00674438
0 0.997656 0.959473 0.0046875 0.0810547 0.00674438
0 0.534375 0.0109711 0.120312 0.0219421 0.00669098
0 0.576953 0.997559 0.152344 0.00488281 0.00669098
0 0.458984 0.012146 0.120312 0.024292 0.00664139
0 0.504297 1 0.123438 0 0.00661469
0 0.529297 1 0.128125 0 0.00661469
0 0.252148 0.997559 0.151172 0.00488281 0.00658798
0 0.962891 1 0.0742188 0 0.00658798
0 0.589453 0.358643 0.0414063 0.0512695 0.00653839
0 0.614453 0.997559 0.153906 0.00488281 0.0064888
0 0.509375 1 0.102344 0 0.0064888
0 0.479688 1 0.119531 0 0.00643921
0 0.502344 0.420166 0.0320312 0.0361328 0.00643921
0 0.664062 0.99707 0.157031 0.00585938 0.00641251
0 0.254883 0.5625 0.0285156 0.0283203 0.00641251
0 0.291992 1 0.117969 0 0.00638962
0 0.442578 1 0.114844 0 0.00638962
0 0.589453 0.482788 0.0257812 0.0480957 0.00634003
0 0.81875 0.297363 0.0171875 0.0258789 0.00631332
0 0.671484 0.01297 0.117188 0.0259399 0.00629044
0 0.721484 0.0117645 0.113281 0.0235291 0.00629044
0 0.582031 0.445801 0.0265625 0.0449219 0.00629044
0 0.882031 0.649414 0.0765625 0.263672 0.00629044
0 0.534375 1 0.105469 0 0.00626373
0 0.475391 0.417725 0.0210938 0.0327148 0.00624084
0 0.484766 1 0.1 0 0.00624084
0 0.678906 0.943848 0.0117188 0.015625 0.00609589
0 0.535547 0.483398 0.021875 0.0195312 0.00609589
0 0.771875 1 0.101562 0 0.00609589
0 0.566797 1 0.128906 0 0.00605011
0 0.340039 0.606445 0.03125 0.0742188 0.00602722
0 0.584766 0.837891 0.015625 0.0205078 0.00602722
0 0.392676 1 0.108398 0 0.00600433
0 0.600391 0.346191 0.0171875 0.0253906 0.00600433
0 0.363379 0.998047 0.0982422 0.00390625 0.00598145
0 0.577734 0.501953 0.009375 0.0107422 0.00595856
0 0.389551 0.999023 0.0966797 0.00195312 0.00593567
0 0.447266 1 0.0960938 0 0.00591278
0 0.508984 0.0108185 0.117969 0.021637 0.00588989
0 0.514844 0.405762 0.0171875 0.027832 0.005867
0 0.640625 0.587402 0.0179687 0.0292969 0.005867
0 0.296289 1 0.096875 0 0.005867
0 0.600391 0.373047 0.01875 0.0410156 0.00584412
0 0.619141 0.840332 0.0171875 0.0273438 0.00584412
0 0.226758 0.560059 0.0230469 0.0283203 0.00577545
0 0.266992 1 0.124219 0 0.00572968
0 0.767187 1 0.120312 0 0.00572968
0 0.575391 0.428711 0.0148437 0.0195312 0.00568771
0 0.855859 0.652344 0.288281 0.00585938 0.00568771
0 0.339844 0.588867 0.0167969 0.0263672 0.00568771
0 0.325195 0.996582 0.101172 0.00683594 0.00568771
0 0.438672 0.997559 0.0984375 0.00488281 0.00568771
0 0.829687 0.493164 0.0125 0.0146484 0.00561905
0 0.577344 0.443115 0.015625 0.0268555 0.00559998
0 0.417188 1 0.114844 0 0.00559998
0 0.616797 1 0.132812 0 0.00559998
