0 0.604688 0.517578 0.04375 0.0458984 0.959961
0 0.326758 0.51416 0.0460938 0.0458984 0.842285
0 0.608984 0.418457 0.0460938 0.0375977 0.841309
0 0.909375 0.404053 0.028125 0.0239258 0.811523
0 0.9375 0.691895 0.0359375 0.0800781 0.80127
0 0.66875 0.519043 0.0234375 0.0361328 0.791016
0 0.573828 0.404541 0.0367187 0.0297852 0.759277
0 0.95 0.366699 0.03125 0.0253906 0.744141
0 0.485547 0.42627 0.0234375 0.0229492 0.716797
0 0.0171875 0.419189 0.034375 0.0317383 0.700195
0 0.864062 0.939697 0.104687 0.097168 0.694336
0 0.335547 0.450928 0.0246094 0.0273438 0.550781
0 0.950781 0.428711 0.0140625 0.0258789 0.455078
0 0.986719 0.291992 0.0125 0.0185547 0.401611
0 0.744531 0.327881 0.0117188 0.015625 0.397949
0 0.0378418 0.199158 0.0756836 0.0469971 0.343262
0 0.954687 0.36499 0.025 0.0234375 0.169922
0 0.744531 0.328369 0.0164062 0.0229492 0.151001
0 0.599219 0.423096 0.0242187 0.0244141 0.137573
0 0.9875 0.291992 0.015625 0.0239258 0.113953
0 0.904688 0.40332 0.025 0.027832 0.0809326
0 0.610937 0.514648 0.0382813 0.0390625 0.0806274
0 0.945312 0.368896 0.0265625 0.0224609 0.0800781
0 0.997266 0.29834 0.00546875 0.0131836 0.0710449
0 0.573438 0.400146 0.0328125 0.0239258 0.0680542
0 0.334375 0.51709 0.0347656 0.0429688 0.0673218
0 0.864844 0.769043 0.01875 0.015625 0.0607605
0 0.608594 0.412109 0.0398437 0.0302734 0.0592041
0 0.9125 0.400146 0.0203125 0.0180664 0.0585632
0 0.992578 0.29541 0.0148437 0.0229492 0.0566406
0 0.337305 0.446777 0.0207031 0.0224609 0.0538025
0 0.0905273 0.724609 0.0126953 0.0126953 0.0518494
0 0.600391 0.418701 0.028125 0.0297852 0.0518494
0 0.33125 0.453125 0.0183594 0.0234375 0.0516663
0 0.620703 0.415039 0.0226563 0.0307617 0.0483093
0 0.997266 0.0504761 0.00546875 0.100952 0.0467224
0 0.952344 0.432129 0.015625 0.0288086 0.0456848
0 0.864844 0.769531 0.0203125 0.0224609 0.0456848
0 0.617188 0.416992 0.0351562 0.0322266 0.0453491
0 0.996094 0.296875 0.0078125 0.0170898 0.0402527
0 0.95 0.429932 0.021875 0.0302734 0.0401001
0 0.579297 0.403564 0.025 0.0263672 0.0358276
0 0.110254 0.386475 0.0724609 0.0766602 0.0358276
0 0.951563 0.424805 0.0140625 0.0180664 0.0354004
0 0.479688 0.427979 0.0210938 0.0258789 0.0343628
0 0.570312 0.22168 0.0585938 0.0654297 0.0336609
0 0.0200684 0.415527 0.0289063 0.0253906 0.0332031
0 0.566016 0.404541 0.0257812 0.03125 0.0316162
0 0.0146484 0.422852 0.0292969 0.027832 0.0314941
0 0.946094 0.693359 0.034375 0.078125 0.0313721
0 0.490625 0.961914 0.0078125 0.00878906 0.029541
0 0.607422 0.505859 0.0398437 0.0283203 0.028656
0 0.985156 0.29541 0.015625 0.0214844 0.0273743
0 0.0230835 0.418945 0.0253174 0.027832 0.0266571
0 0.664062 0.520996 0.0210938 0.0341797 0.0265503
0 0.741016 0.326172 0.021875 0.0249023 0.0265503
0 0.741406 0.330811 0.0203125 0.0239258 0.0245667
0 0.848437 0.949707 0.0875 0.0869141 0.0233765
0 0.663281 0.523438 0.0164062 0.0273438 0.0233307
0 0.600391 0.522949 0.04375 0.0390625 0.0224609
0 0.329688 0.505859 0.0398437 0.0332031 0.0222931
0 0.668359 0.525391 0.028125 0.0361328 0.0222473
0 0.816406 0.779297 0.0078125 0.00976562 0.0222015
0 0.986719 0.280029 0.025 0.0263672 0.0218658
0 0.111621 0.779785 0.0113281 0.00976562 0.021698
0 0.319531 0.51709 0.0449219 0.0390625 0.0204926
0 0.614844 0.52832 0.0226563 0.0283203 0.0201721
0 0.594531 0.424072 0.0148437 0.0180664 0.0197144
0 0.996484 0.300049 0.00703125 0.0263672 0.0186157
0 0.9375 0.700684 0.0453125 0.0839844 0.0185089
0 0.0495239 0.197449 0.0605225 0.0440674 0.0183411
0 0.988281 0.271973 0.0171875 0.012207 0.0171051
0 0.484766 0.431641 0.0242187 0.0317383 0.0167236
0 0.569922 0.853516 0.0296875 0.0410156 0.0164642
0 0.935938 0.672852 0.0328125 0.0498047 0.0149536
0 0.986719 0.293701 0.025 0.0253906 0.0148392
0 0.998438 0.353516 0.003125 0.105957 0.0148392
0 0.334375 0.442871 0.0234375 0.0288086 0.0148392
0 0.865625 0.940186 0.0703125 0.0844727 0.0142822
0 0.998047 0.298096 0.00390625 0.0136719 0.0142288
0 0.860156 0.925781 0.0921875 0.0761719 0.0141754
0 0.907031 0.395996 0.025 0.0288086 0.0139542
0 0.959375 0.431152 0.0234375 0.0302734 0.0139542
0 0.625391 0.1521 0.009375 0.00805664 0.0139008
0 0.575 0.849609 0.021875 0.0332031 0.0136871
0 0.624219 0.153198 0.0117188 0.00830078 0.0133743
0 0.548828 0.874023 0.0125 0.0175781 0.0131226
0 0.880469 0.197388 0.0984375 0.088623 0.0131226
0 0.0050415 0.0526123 0.010083 0.105225 0.0124283
0 0.8875 0.934082 0.0546875 0.0830078 0.0124283
0 0.954687 0.427002 0.0125 0.0219727 0.0122375
0 0.722656 0.854004 0.0171875 0.0244141 0.0122375
0 0.314258 0.510742 0.0285156 0.0390625 0.0121002
0 0.584766 0.404785 0.0242187 0.0288086 0.0120087
0 0.989062 0.296387 0.015625 0.0175781 0.0119171
0 0.670313 0.510254 0.0179687 0.0244141 0.0119171
0 0.855469 0.137329 0.0359375 0.0310059 0.0115967
0 0.576953 0.395996 0.0289063 0.0258789 0.0115051
0 0.580859 0.398926 0.0210938 0.0195312 0.0113754
0 0.948438 0.436523 0.0140625 0.0229492 0.0112915
0 0.0871094 0.725098 0.0226563 0.0244141 0.0112457
0 0.479297 0.426758 0.0304688 0.0234375 0.011116
0 0.722656 0.852539 0.0140625 0.0185547 0.0110703
0 0.10752 0.804688 0.0291016 0.0605469 0.0107346
0 0.990234 0.295654 0.0195312 0.0219727 0.0106964
0 0.951563 0.436035 0.0125 0.0224609 0.0106125
0 0.740625 0.330566 0.0289063 0.0205078 0.0105667
0 0.563672 0.408691 0.0179687 0.0209961 0.0104065
0 0.0907227 0.724609 0.0193359 0.0214844 0.0102463
0 0.838281 0.942871 0.0640625 0.0947266 0.01017
0 0.356055 0.330811 0.0269531 0.0327148 0.01017
0 0.948438 0.361816 0.0234375 0.019043 0.0100555
0 0.491797 0.425781 0.0164062 0.0200195 0.00993347
0 0.497266 0.427002 0.0226563 0.0258789 0.00930023
0 0.102246 0.944336 0.0185547 0.0205078 0.00891876
0 0.819531 0.971924 0.0234375 0.0405273 0.0088501
0 0.673437 0.518555 0.01875 0.0322266 0.00881195
0 0.998438 0.295898 0.003125 0.012207 0.00857544
0 0.90625 0.399902 0.0234375 0.0185547 0.0085144
0 0.665234 0.515137 0.0320312 0.0361328 0.0085144
0 0.612891 0.504395 0.0289063 0.0244141 0.00847626
0 0.324023 0.522461 0.04375 0.0429688 0.00837708
0 0.569141 0.399414 0.0273438 0.0205078 0.00834656
0 0.219336 0.656738 0.00898437 0.0117188 0.00831604
0 0.861719 0.76709 0.015625 0.0136719 0.00828552
0 0.625391 0.421143 0.01875 0.027832 0.00809479
0 0.840625 0.626953 0.0109375 0.0195312 0.00800323
0 0.620313 0.512695 0.0203125 0.0361328 0.00800323
0 0.74375 0.317139 0.0179687 0.0273438 0.00754929
0 0.352734 0.508301 0.0207031 0.0302734 0.00751877
0 0.955469 0.432861 0.0140625 0.0229492 0.00743103
0 0.741797 0.321045 0.0148437 0.0170898 0.00740433
0 0.0259277 0.404297 0.0197266 0.0249023 0.00734711
0 0.609766 0.408447 0.0296875 0.0214844 0.00731659
0 0.0140381 0.851074 0.0254395 0.0576172 0.00728989
0 0.942969 0.681152 0.03125 0.0595703 0.00720596
0 0.939844 0.712891 0.0296875 0.0517578 0.00701141
0 0.997656 0.0662842 0.0046875 0.129639 0.00701141
0 0.907031 0.237305 0.015625 0.0126953 0.00695801
0 0.901563 0.407715 0.015625 0.0185547 0.0069313
0 0.744141 0.713867 0.028125 0.0263672 0.0069046
0 0.166895 0.759766 0.0078125 0.0107422 0.00682449
0 0.876562 0.952148 0.0734375 0.0878906 0.00682449
0 0.547266 0.970703 0.0234375 0.0332031 0.00679779
0 0.0133789 0.415283 0.0267578 0.0234375 0.00669098
0 0.621875 0.523926 0.01875 0.0380859 0.00669098
0 0.8625 0.135986 0.015625 0.0163574 0.00661469
0 0.6125 0.522949 0.0335938 0.0410156 0.00641251
0 0.623438 0.407959 0.0203125 0.0253906 0.00638962
0 0.675781 0.52832 0.0164062 0.0273438 0.00638962
0 0.329102 0.449463 0.0335938 0.0263672 0.00634003
0 0.326953 0.501953 0.0332031 0.0253906 0.00631332
0 0.571875 0.411621 0.0335938 0.027832 0.00629044
0 0.481641 0.423096 0.0195312 0.0180664 0.00621796
0 0.816406 0.193787 0.0609375 0.0772705 0.00619125
0 0.550781 0.964111 0.0210938 0.0307617 0.00619125
0 0.946875 0.373047 0.0265625 0.0229492 0.00614548
0 0.356934 0.195435 0.0580078 0.072998 0.00605011
0 0.310742 0.261719 0.00976562 0.0107422 0.00595856
0 0.660156 0.26123 0.0359375 0.0209961 0.00595856
0 0.551953 0.962402 0.0109375 0.0166016 0.00588989
0 0.489062 0.432861 0.021875 0.03125 0.005867
0 0.95625 0.361816 0.01875 0.0175781 0.00582123
0 0.621484 0.152222 0.025 0.0200195 0.00582123
0 0.0833008 0.711914 0.0126953 0.0136719 0.00577545
0 0.939062 0.430664 0.0265625 0.0307617 0.00577545
0 0.0984375 0.385254 0.0599609 0.0693359 0.00548935
0 0.109375 0.787598 0.0246094 0.0322266 0.00548935
0 0.335938 0.459106 0.0222656 0.0241699 0.00547028
0 0.0105957 0.848633 0.0194824 0.0341797 0.00547028
0 0.558594 0.220886 0.0492188 0.0718994 0.00547028
0 0.80918 0.192322 0.0769531 0.0948486 0.00542831
0 0.617188 0.518555 0.021875 0.0332031 0.00540543
0 0.0821289 0.716797 0.0193359 0.0234375 0.00540543
0 0.916406 0.402344 0.0140625 0.0195312 0.00526047
0 0.864062 0.132812 0.0234375 0.0283203 0.00526047
0 0.264648 0.822266 0.0117188 0.0166016 0.00519943
0 0.948047 1 0.103906 0 0.00516129
0 0.476172 0.421387 0.0257812 0.0322266 0.00511932
0 0.940625 0.719238 0.01875 0.0263672 0.00510025
0 0.746484 0.330322 0.0242187 0.0209961 0.0050621
0 0.35332 0.518066 0.0210938 0.0361328 0.00503922
0 0.821094 0.959229 0.0265625 0.0600586 0.00500107
0 0.903906 0.90332 0.025 0.03125 0.00498199
0 0.219531 0.655273 0.0117188 0.0146484 0.0049057
0 0.960156 0.359375 0.0234375 0.027832 0.0049057
0 0.841406 0.629883 0.0171875 0.0292969 0.00488663
0 0.952344 0.373779 0.028125 0.0253906 0.00481033
0 0.624219 0.411133 0.0140625 0.0209961 0.00475693
0 0.948438 0.423828 0.0171875 0.0214844 0.00475693
0 0.00322266 0.0456848 0.00644531 0.0913696 0.00471878
0 0.955859 1 0.0882813 0 0.00471878
0 0.331836 0.446045 0.0195312 0.0214844 0.00468063
0 0.17041 0.503906 0.0228516 0.0361328 0.00468063
0 0.103125 0.943848 0.0224609 0.0283203 0.00468063
0 0.667578 0.504395 0.0234375 0.03125 0.0046463
0 0.173584 0.495605 0.0110352 0.0117188 0.00460815
0 0.328516 0.4552 0.025 0.0339355 0.00460815
0 0.569922 0.859863 0.034375 0.0429688 0.0045929
0 0.927344 0.692383 0.0328125 0.0820312 0.00453949
0 0.903125 0.237061 0.021875 0.0136719 0.00448608
0 0.0260254 0.196411 0.0520508 0.041748 0.00448608
0 0.663672 0.514648 0.0203125 0.0283203 0.00436401
0 0.816406 0.206299 0.0515625 0.0786133 0.00436401
0 0.813281 0.972656 0.0171875 0.0371094 0.00432968
0 0.00594482 0.773438 0.0118896 0.151367 0.00428009
0 0.905469 0.239746 0.03125 0.0229492 0.00426483
0 0.153027 0.935547 0.0162109 0.0126953 0.00424957
0 0.613672 0.411621 0.0382813 0.0244141 0.0042305
0 0.114551 0.780273 0.0212891 0.0224609 0.0042305
0 0.942187 0.373535 0.0171875 0.0185547 0.00421524
0 0.590625 0.521973 0.0257812 0.0371094 0.00419998
0 0.996875 0.026123 0.00625 0.0522461 0.00416565
0 0.00786133 0.303955 0.0157227 0.162598 0.00416565
0 0.997656 0.371582 0.0046875 0.115234 0.00415039
0 0.777148 1 0.142578 0 0.00415039
0 0.927344 0.684082 0.0265625 0.0673828 0.00415039
0 0.0245605 0.414551 0.0211914 0.0200195 0.00413513
0 0.745313 0.714844 0.01875 0.0185547 0.0041008
0 0.000244141 0.0303955 0.000488281 0.060791 0.00407028
0 0.928906 0.998535 0.142188 0.00292969 0.00405502
0 0.563672 0.404053 0.0195312 0.0234375 0.00403976
0 0.999609 0.0374146 0.00078125 0.0748291 0.00402451
0 0.0698242 0.756836 0.0533203 0.0800781 0.00402451
0 0.625781 0.423096 0.0148437 0.0180664 0.00400543
0 0.961719 1 0.0765625 0 0.00400543
0 0.0239746 0.207947 0.0479492 0.0426025 0.00400543
0 0.958594 1 0.0828125 0 0.00400543
0 0.0995117 0.945801 0.0140625 0.0146484 0.00397491
0 0.903906 1 0.142188 0 0.00395966
0 0.835938 0.606934 0.0125 0.015625 0.0039444
0 0.0294556 0.987305 0.0137451 0.0136719 0.0039444
0 0.207031 0.646973 0.0253906 0.03125 0.0039444
0 0.942969 0.716797 0.0203125 0.0332031 0.00391388
0 0.114258 0.785156 0.0273438 0.0292969 0.00391388
0 0.069873 0.960938 0.084668 0.0742188 0.00388527
0 0.619531 0.408203 0.0210938 0.0185547 0.00387001
0 0.603906 0.427979 0.0367187 0.0336914 0.00380898
0 0.982813 0.292236 0.0171875 0.0195312 0.00378036
0 0.341797 0.449707 0.015625 0.0234375 0.00378036
0 0.00147705 0.0720825 0.0029541 0.144165 0.00378036
0 0.817969 0.77832 0.009375 0.00976562 0.00376511
0 0.628516 0.151367 0.0210938 0.0212402 0.00372124
0 0.839844 0.620117 0.01875 0.0351562 0.00370789
0 0.268945 0.583496 0.0265625 0.0351562 0.00369263
0 0.932031 0.695312 0.034375 0.0673828 0.00366402
0 0.745313 0.321289 0.0140625 0.0170898 0.00365067
0 0.605469 0.238525 0.0296875 0.0317383 0.00365067
0 0.0788086 0.712402 0.0109375 0.0117188 0.00362206
0 0.578125 0.843262 0.00859375 0.0126953 0.00362206
0 0.445312 0.181152 0.103906 0.105957 0.00362206
0 0.0394043 0.188843 0.0788086 0.057373 0.00359344
0 0.977344 0.29126 0.0265625 0.03125 0.00359344
0 0.846094 0.140015 0.0578125 0.036377 0.00355148
0 0.841406 0.383057 0.0328125 0.027832 0.00353813
0 0.996094 0.959717 0.0078125 0.0805664 0.00353813
0 0.0452393 0.154785 0.086084 0.0473633 0.00352478
0 0.600781 0.508301 0.0359375 0.03125 0.00351143
0 0.498828 0.419678 0.0226563 0.0283203 0.00351143
0 0.820312 0.978516 0.01875 0.0273438 0.00348282
0 0.617969 0.620605 0.03125 0.0380859 0.00348282
0 0.74375 0.719727 0.03125 0.0351562 0.00348282
0 0.903906 0.914551 0.0265625 0.0439453 0.00348282
0 0.691406 1 0.144531 0 0.00346947
0 0.00358887 0.493652 0.00717773 0.132812 0.00346947
0 0.336719 0.507812 0.0335938 0.0361328 0.00345612
0 0.338477 0.523926 0.0214844 0.0302734 0.00345612
0 0.488281 0.422607 0.0226563 0.019043 0.00345612
0 0.0050293 0.335449 0.0100586 0.147461 0.00345612
0 0.9125 0.913086 0.0140625 0.0332031 0.00344276
0 0.967969 1 0.0640625 0 0.00342941
0 0.894531 0.903809 0.0390625 0.03125 0.00342941
0 0.622656 0.14917 0.0132813 0.0102539 0.00341606
0 0.0923828 0.723633 0.0119141 0.0126953 0.00341606
0 0.361328 0.508301 0.0191406 0.0302734 0.00340271
0 0.967578 1 0.0648438 0 0.00340271
0 0.00385742 0.759766 0.00771484 0.119141 0.00337601
0 0.896875 0.240479 0.0359375 0.0244141 0.00337601
0 0.170947 0.496582 0.0241211 0.0341797 0.00337601
0 0.519531 0.195679 0.0734375 0.0939941 0.00336266
0 0.00427246 0.306152 0.00854492 0.12793 0.00336266
0 0.853906 0.142944 0.0375 0.0246582 0.00335121
0 0.833594 0.383057 0.040625 0.0297852 0.00333786
0 0.900781 0.942383 0.0265625 0.0664062 0.00333786
0 0.0043335 0.101929 0.00866699 0.141113 0.00332451
0 0.337695 0.501953 0.0277344 0.0292969 0.00332451
0 1 0.0104675 0 0.0209351 0.00331116
0 0.605078 0.195312 0.090625 0.109375 0.00329781
0 0.882031 0.129761 0.0359375 0.045166 0.00329781
0 0.00603027 0.27594 0.0120605 0.161011 0.00328636
0 0.985156 0.289795 0.0140625 0.0166016 0.00327301
0 0.961328 0.998535 0.0773437 0.00292969 0.00327301
0 0.994531 0.0134277 0.0109375 0.0268555 0.00324821
0 0.348633 0.448242 0.0226563 0.0302734 0.00323486
0 0 0.476929 0 0.104736 0.00323486
0 0.890625 0.919922 0.0484375 0.0625 0.00322342
0 0.902344 0.960205 0.0171875 0.034668 0.00322342
0 0.741797 0.334473 0.0148437 0.019043 0.00319672
0 0.0873047 0.725098 0.0171875 0.015625 0.00319672
0 0.663281 0.528809 0.034375 0.0332031 0.00319672
