0 0.417188 0.848145 0.0429688 0.0302734 0.884277
0 0.551562 0.816895 0.0414063 0.03125 0.797363
0 0.505859 0.789062 0.028125 0.0712891 0.721191
0 0.485547 0.719238 0.0375 0.0332031 0.676758
0 0.4625 0.785645 0.025 0.0488281 0.665527
0 0.465234 0.946777 0.0289063 0.0634766 0.628906
0 0.523828 0.459717 0.0289063 0.0239258 0.605957
0 0.549219 0.531738 0.0179687 0.0498047 0.432129
0 0.93125 0.958496 0.0078125 0.0107422 0.399902
0 0.682813 0.56543 0.00703125 0.00878906 0.394287
0 0.830469 0.971436 0.0078125 0.0102539 0.348633
0 0.544141 0.450684 0.0101562 0.0146484 0.334473
0 0.452344 0.88916 0.0289063 0.0673828 0.319092
0 0.481641 0.717285 0.03125 0.0263672 0.291016
0 0.460156 0.860352 0.0132813 0.0185547 0.190674
0 0.507422 0.797852 0.028125 0.0507812 0.172119
0 0.557813 0.816406 0.0328125 0.0283203 0.122925
0 0.552344 0.824219 0.040625 0.0371094 0.119995
0 0.499609 0.762695 0.0117188 0.0214844 0.115173
0 0.530469 0.803223 0.0125 0.0166016 0.105957
0 0.876562 0.993164 0.00625 0.0078125 0.105591
0 0.467969 0.955811 0.0289063 0.0473633 0.103027
0 0.930469 0.959473 0.0140625 0.0205078 0.0950317
0 0.451953 0.898438 0.0242187 0.0527344 0.0907593
0 0.521875 0.455322 0.0234375 0.0170898 0.088501
0 0.510938 0.800293 0.0179687 0.0458984 0.081543
0 0.530469 0.462158 0.0234375 0.0239258 0.0778198
0 0.551172 0.539062 0.0171875 0.0458984 0.072876
0 0.458594 0.867676 0.0179687 0.0341797 0.0705566
0 0.499609 0.728516 0.0117188 0.0175781 0.0656128
0 0.465234 0.79541 0.0226563 0.03125 0.0651245
0 0.501172 0.758789 0.0125 0.0175781 0.0634766
0 0.534766 0.810059 0.021875 0.0234375 0.0603027
0 0.469922 0.946289 0.0257812 0.0546875 0.0600891
0 0.543359 0.453369 0.0171875 0.0268555 0.0594177
0 0.547656 0.523926 0.0164062 0.0371094 0.0560303
0 0.83125 0.971436 0.0140625 0.0200195 0.0560303
0 0.424219 0.851562 0.0304688 0.0273438 0.0531921
0 0.889063 0.987305 0.00625 0.0078125 0.0472412
0 0.901563 0.878418 0.015625 0.0234375 0.0465393
0 0.534766 0.80957 0.01875 0.0322266 0.0446777
0 0.496875 0.727051 0.01875 0.0234375 0.0401001
0 0.903125 0.979492 0.0046875 0.0078125 0.0386047
0 0.5375 0.81543 0.0210938 0.0292969 0.0375977
0 0.467187 0.790527 0.0179687 0.0419922 0.0374756
0 0.861719 0.998047 0.0078125 0.00390625 0.035553
0 0.682813 0.567383 0.0140625 0.0195312 0.0354004
0 0.830469 0.970947 0.0109375 0.0131836 0.0319824
0 0.499609 0.726074 0.0148437 0.0273438 0.0317993
0 0.464844 0.951416 0.0398437 0.0639648 0.0309143
0 0.407031 0.848633 0.0351562 0.0273438 0.0306702
0 0.528516 0.456543 0.0351562 0.0273438 0.0295868
0 0.655078 0.816406 0.00625 0.0136719 0.029541
0 0.460156 0.774414 0.0164062 0.0302734 0.0290833
0 0.471484 0.957764 0.0195312 0.0415039 0.0280609
0 0.546484 0.517578 0.0125 0.0195312 0.0278015
0 0.399609 0.848633 0.0140625 0.0205078 0.0276947
0 0.516406 0.460083 0.015625 0.0251465 0.0273743
0 0.541406 0.455322 0.015625 0.0214844 0.0257568
0 0.479297 0.712402 0.0289063 0.0195312 0.0248871
0 0.8625 0.99707 0.0078125 0.00585938 0.0216217
0 0.523828 0.463989 0.034375 0.0280762 0.0215759
0 0.411719 0.844727 0.0351562 0.0253906 0.0210419
0 0.460547 0.938477 0.0226563 0.0439453 0.0208893
0 0.00343018 0.0611572 0.00686035 0.122314 0.0207672
0 0.500781 0.773438 0.0195312 0.0517578 0.0201721
0 0.546875 0.455444 0.0195312 0.0305176 0.0200653
0 0.546094 0.448975 0.0164062 0.0249023 0.0200195
0 0.476562 0.715332 0.0257812 0.0234375 0.0199432
0 0.867188 0.994141 0.01875 0.0117188 0.0193481
0 0.935156 0.958984 0.01875 0.0234375 0.0192719
0 0.927344 0.960205 0.01875 0.0209961 0.0191956
0 0.518359 0.454346 0.0195312 0.015625 0.0189056
0 0.458984 0.882324 0.025 0.0644531 0.0188751
0 0.682813 0.564941 0.0109375 0.0136719 0.0188293
0 0.501953 0.764648 0.015625 0.0283203 0.0187988
0 0.685938 0.567871 0.0179687 0.0234375 0.0182343
0 0.49375 0.724121 0.0257812 0.0273438 0.0176392
0 0.467578 0.796875 0.0164062 0.0263672 0.0173035
0 0.508203 0.777832 0.0257812 0.0498047 0.0166626
0 0.544531 0.820312 0.0375 0.03125 0.0164642
0 0.723047 0.575684 0.00625 0.0126953 0.0162201
0 0.416406 0.316895 0.0375 0.0454102 0.0157776
0 0.836719 0.973877 0.021875 0.0249023 0.0157776
0 0.457812 0.780273 0.0210938 0.0390625 0.0157166
0 0.721094 0.584961 0.0179687 0.0341797 0.0154266
0 0.465234 0.79248 0.0257812 0.0439453 0.0153046
0 0.530469 0.812988 0.0164062 0.0244141 0.0152512
0 0.449609 0.875 0.0171875 0.0263672 0.0150146
0 0.521875 0.878906 0.0078125 0.0107422 0.0147858
0 0.878906 0.992676 0.0171875 0.0146484 0.014061
0 0.542188 0.813477 0.0304688 0.0244141 0.0137405
0 0.454297 0.874023 0.0242187 0.0361328 0.0135345
0 0.827344 0.973633 0.01875 0.0214844 0.0133743
0 0.551562 0.54541 0.0132813 0.0244141 0.0132217
0 0.398828 0.84375 0.0140625 0.015625 0.0130234
0 0.423828 0.844727 0.03125 0.0253906 0.0130234
0 0.501562 0.786621 0.0296875 0.0595703 0.01297
0 0.899219 0.877441 0.0140625 0.0195312 0.0129242
0 0.961328 1 0.0773437 0 0.0126724
0 0.0431641 0.0122681 0.0863281 0.0245361 0.012146
0 0.511328 0.787598 0.021875 0.0458984 0.0119171
0 0.0478516 0.999512 0.0957031 0.000976562 0.011734
0 0.561719 0.813477 0.0242187 0.0205078 0.0115509
0 0.0332764 1 0.0665527 0 0.0113297
0 0.866406 0.995605 0.025 0.00878906 0.0107803
0 0.542188 0.446533 0.0109375 0.0136719 0.0106506
0 0.544922 0.447754 0.0125 0.0161133 0.0105286
0 0.5 0.767578 0.0140625 0.0302734 0.0104065
0 0.873438 0.995117 0.009375 0.0078125 0.0104065
0 0.876562 0.993164 0.009375 0.00976562 0.0102463
0 0.0572266 0.996094 0.114453 0.0078125 0.0100098
0 0.9375 0.999023 0.125 0.00195312 0.0100098
0 0.864062 0.998047 0.0109375 0.00390625 0.00989532
0 0.399219 0.844238 0.0164062 0.0244141 0.00978088
0 0.528125 0.467651 0.0226563 0.0217285 0.00974274
0 0.482422 0.70752 0.0304688 0.0302734 0.00974274
0 0.494531 0.731445 0.021875 0.0263672 0.00971222
0 0.512109 0.806641 0.0195312 0.0322266 0.00963593
0 0.455469 0.898438 0.0195312 0.0458984 0.00955963
0 0.0395508 0.996094 0.0791016 0.0078125 0.00952148
0 0.562109 0.536133 0.0257812 0.0419922 0.00926971
0 0.552734 0.542969 0.0140625 0.0322266 0.00926971
0 0.890625 0.989746 0.021875 0.0205078 0.0091629
0 0.967969 1 0.0640625 0 0.00908661
0 0.521484 0.810547 0.0164062 0.0283203 0.00905609
0 0.861719 0.994629 0.01875 0.0107422 0.00905609
0 0.898438 0.876953 0.0203125 0.0263672 0.00898743
0 0.942578 1 0.114844 0 0.00894928
0 0.996094 0.055542 0.0078125 0.111084 0.00894928
0 0.00646973 0.0780029 0.0129395 0.156006 0.00888062
0 0.151562 0.99707 0.144141 0.00585938 0.00878143
0 0.457031 0.865234 0.015625 0.0244141 0.00871277
0 0.000244141 0.0422363 0.000488281 0.0844727 0.0086441
0 0.405859 0.844238 0.0265625 0.0214844 0.00844574
0 0.113745 0.996582 0.150244 0.00683594 0.00844574
0 0.502734 0.797852 0.0296875 0.0644531 0.00844574
0 0.659766 0.0091095 0.127344 0.018219 0.00837708
0 0.0780273 0.995605 0.156055 0.00878906 0.00837708
0 0.655469 0.818848 0.0164062 0.0283203 0.00837708
0 0.545703 0.52832 0.0210938 0.0429688 0.008255
0 0.0356445 1 0.0712891 0 0.008255
0 0.00467529 0.946533 0.00935059 0.106934 0.008255
0 0.457812 0.789062 0.0242187 0.0449219 0.00821686
0 0.917969 1 0.11875 0 0.00812531
0 0.459766 0.89502 0.025 0.0537109 0.00812531
0 0.507812 0.808594 0.0210938 0.0302734 0.00806427
0 0.439453 0.854492 0.01875 0.0253906 0.00793457
0 0.46875 0.964355 0.0226563 0.0302734 0.00790405
0 0.458203 0.943359 0.0289063 0.0527344 0.00787354
0 0.727344 0.583984 0.0195312 0.0380859 0.0078125
0 0.91875 1 0.090625 0 0.00769424
0 0.460547 0.921875 0.0125 0.0166016 0.00763702
0 0.189648 0.998047 0.1375 0.00390625 0.00763702
0 0.821875 0.0118713 0.11875 0.0237427 0.00757599
0 0.0445312 1 0.0890625 0 0.00757599
0 0.409766 0.855469 0.0351562 0.0341797 0.00757599
0 0.500781 0.774414 0.0289063 0.0566406 0.00748825
0 0.537109 0.819824 0.0164062 0.0244141 0.00740433
0 0 0.958984 0 0.0820312 0.00740433
0 0.0503906 1 0.100781 0 0.00734711
0 0.858594 0.012207 0.117188 0.0244141 0.00728989
0 0.18457 0.0109253 0.122266 0.0218506 0.00725937
0 0.430469 0.853027 0.0179687 0.0224609 0.00717545
0 0.621875 0.00968933 0.124219 0.0193787 0.00712204
0 0.0523437 0.992188 0.104687 0.015625 0.00712204
0 0.240186 0.999023 0.132129 0.00195312 0.00709534
0 0.516016 0.459717 0.025 0.0249023 0.00706482
0 0.0626953 1 0.125391 0 0.00703812
0 0.969141 1 0.0617188 0 0.00701141
0 0.502344 0.734863 0.015625 0.0224609 0.00701141
0 0.457422 0.910156 0.0171875 0.0302734 0.00701141
0 0.149854 0.995605 0.102637 0.00878906 0.00695801
0 0.460547 0.927246 0.0140625 0.0263672 0.0068779
0 0.429688 0.848145 0.01875 0.0244141 0.00682449
0 0.471875 0.788574 0.0273438 0.0478516 0.00679779
0 0.457031 0.859375 0.0148437 0.0166016 0.00677109
0 0.154443 1 0.12627 0 0.00674438
0 0.129248 1 0.131348 0 0.00671768
0 0.825781 0.969727 0.0203125 0.0253906 0.00669098
0 0.548047 0.541992 0.0171875 0.0400391 0.00661469
0 0.528125 0.797363 0.0140625 0.0185547 0.00658798
0 0.675781 0.568359 0.021875 0.0234375 0.00658798
0 0.539062 0.536621 0.034375 0.0566406 0.0064888
0 0.796875 0.0115051 0.11875 0.0230103 0.0064621
0 0.12439 0.994629 0.105127 0.0107422 0.0064621
0 0.265625 1 0.129688 0 0.00643921
0 0.133594 1 0.104297 0 0.00643921
0 0.158691 1 0.100586 0 0.00631332
0 0.55 0.519043 0.015625 0.0322266 0.00629044
0 0.453125 0.788574 0.0273438 0.0488281 0.00629044
0 0.471484 0.967285 0.01875 0.0205078 0.00624084
0 0.682813 0.567383 0.0203125 0.0175781 0.00624084
0 0.860156 0.995605 0.025 0.00878906 0.00624084
0 0.680469 0.562988 0.0125 0.0146484 0.00621796
0 0.192139 1 0.117285 0 0.00621796
0 0.562109 0.820312 0.0234375 0.0224609 0.00619125
0 0.559766 0.526855 0.0257812 0.0410156 0.00619125
0 0.175195 0.996582 0.1 0.00683594 0.00619125
0 0.0735352 0.993164 0.111719 0.0136719 0.00614548
0 0.159131 0.0120544 0.12002 0.0241089 0.00609589
0 0.341992 1 0.123047 0 0.00609589
0 0.654688 1 0.122656 0 0.00609589
0 0.291211 1 0.126953 0 0.006073
0 0.213232 0.997559 0.0969727 0.00488281 0.00602722
0 0.006604 0.924316 0.013208 0.151367 0.00600433
0 0.271875 0.0111694 0.120312 0.0223389 0.00598145
0 0.521484 0.881348 0.0210938 0.0273438 0.00598145
0 0.680859 1 0.102344 0 0.00595856
0 0.692187 1 0.119531 0 0.00595856
0 0.498828 0.719727 0.01875 0.0302734 0.00595856
0 0.997656 0.959473 0.0046875 0.0810547 0.00595856
0 0.445312 0.1427 0.00546875 0.0112305 0.00591278
0 0.217236 1 0.113965 0 0.00591278
0 0.522656 0.00839233 0.125 0.0167847 0.005867
0 0.00128174 0.935059 0.00256348 0.129883 0.00582123
0 0.238672 0.998047 0.0957031 0.00390625 0.00579834
0 0.882812 0.0110779 0.1125 0.0221558 0.00577545
0 0.0991211 0.993652 0.108984 0.0126953 0.00577545
0 0.400781 0.847168 0.0226563 0.0234375 0.00575256
0 0.502344 0.799316 0.0484375 0.0625 0.00570679
0 0.221484 0.010788 0.124219 0.0215759 0.00566483
0 0.121484 0.0121918 0.116406 0.0243835 0.00564194
0 0.461719 0.93457 0.0296875 0.0498047 0.00561905
0 0.517187 1 0.125 0 0.00561905
0 0.890625 0.987305 0.0171875 0.0214844 0.00561905
0 0.18374 1 0.0973633 0 0.00559998
0 0.826563 0.972412 0.0265625 0.0200195 0.0055542
0 0.571875 0.00964355 0.128125 0.0192871 0.00551224
0 0.242383 1 0.111328 0 0.00548935
0 0.617188 1 0.124219 0 0.00548935
0 0.20918 1 0.0949219 0 0.00548935
0 0.096875 0.0124512 0.113867 0.0249023 0.00547028
0 0.379297 1 0.124219 0 0.00547028
0 0.696875 0.00840759 0.130469 0.0168152 0.00542831
0 0.771484 0.0107727 0.121094 0.0215454 0.00538635
0 0.921875 0.0105286 0.114063 0.0210571 0.00538635
0 0.720312 0.579102 0.0195312 0.0292969 0.00536346
0 0.545313 0.451172 0.021875 0.0195312 0.00534439
0 0.264062 0.999023 0.09375 0.00195312 0.0053215
0 0.549609 0.449707 0.009375 0.0141602 0.00530243
0 0.653906 1 0.0890625 0 0.00530243
0 0.267578 1 0.108984 0 0.00527954
0 0.691406 1 0.0867188 0 0.00526047
0 0.292969 1 0.103906 0 0.00521851
0 0.932031 0.958496 0.0109375 0.0166016 0.00519943
0 0.343164 1 0.101172 0 0.00519943
0 0.8375 0.96875 0.021875 0.0253906 0.00519943
0 0.889844 0.984375 0.0078125 0.00976562 0.00518036
0 0.341406 1 0.0898438 0 0.0051384
0 0.643359 1 0.102344 0 0.00510025
0 0.404297 1 0.121875 0 0.00510025
0 0.580078 1 0.123438 0 0.00510025
0 0.30293 1 0.090625 0 0.00510025
0 0.412109 0.311035 0.0398437 0.050293 0.0050621
0 0.998438 0.973145 0.003125 0.0537109 0.00500107
0 0.0699707 0.999512 0.112402 0.000976562 0.00498199
0 0.593359 1 0.102344 0 0.00496292
0 0.108789 0.243164 0.00742187 0.0136719 0.00494385
0 0.0913086 1 0.144336 0 0.00494385
0 0.618359 1 0.103125 0 0.00492477
0 0.0227539 1 0.0455078 0 0.00492477
0 0.368262 1 0.10332 0 0.00488663
0 0.554688 1 0.124219 0 0.00488663
0 0.526172 0.880371 0.0203125 0.0263672 0.00488663
0 0.0416504 0.019165 0.0833008 0.0383301 0.00486755
0 0.562891 0.829102 0.0210938 0.03125 0.00486755
0 0.510547 0.812012 0.0148437 0.0244141 0.00484848
0 0.473437 0.963623 0.0179687 0.027832 0.00482941
0 0.393359 1 0.1 0 0.00482941
0 0.538281 0.537109 0.0507812 0.0517578 0.00479126
0 0.568359 1 0.101562 0 0.00479126
0 0.995703 0.0752563 0.00859375 0.150513 0.00477219
0 0.995313 0.941406 0.009375 0.117188 0.00475693
0 0.717773 1 0.117578 0 0.00475693
0 0.496875 0.898926 0.0132813 0.0146484 0.00473785
0 0.548828 0.542969 0.0289063 0.0419922 0.00473785
0 0.108301 1 0.107031 0 0.00473785
0 0.883594 0.991211 0.0125 0.00976562 0.00471878
0 0.73418 0.00920105 0.128516 0.0184021 0.00468063
0 0.967188 0.0107727 0.065625 0.0215454 0.00468063
0 0.317969 1 0.102344 0 0.00468063
0 0.23418 1 0.0933594 0 0.00468063
0 0.672656 1 0.0890625 0 0.00468063
0 0.687891 0.5625 0.0203125 0.0234375 0.00466537
0 0.805469 1 0.103125 0 0.0046463
0 0.538281 0.462158 0.0179687 0.0219727 0.00462723
0 0.628906 1 0.0898438 0 0.00462723
0 0.449219 0.869141 0.0203125 0.0361328 0.00460815
0 0.4625 0.92041 0.0109375 0.0166016 0.00457382
0 0.0583008 0.0133209 0.116602 0.0266418 0.00453949
0 0.532422 0.468384 0.0125 0.0163574 0.00452042
0 0.295508 0.00991821 0.117578 0.0198364 0.00450516
0 0.459375 0.768555 0.0171875 0.0302734 0.00450516
0 0.882031 0.986328 0.021875 0.0234375 0.00450516
0 0.366211 1 0.0894531 0 0.00450516
0 0.459766 0.744141 0.00625 0.0126953 0.00448608
0 0.543359 1 0.103906 0 0.00448608
0 0.429688 1 0.116406 0 0.00446701
0 0.516406 1 0.0898438 0 0.00446701
