0 0.571094 0.31543 0.0539063 0.0673828 0.899414
0 0.592578 0.60791 0.05 0.12207 0.871094
0 0.356152 0.102783 0.0666016 0.0539551 0.853516
0 0.373242 0.0638428 0.0691406 0.0423584 0.725586
0 0.26875 0.342773 0.0398437 0.0693359 0.559082
0 0.335742 0.513672 0.0140625 0.0175781 0.154053
0 0.271875 0.321777 0.0335938 0.043457 0.14563
0 0.364258 0.109528 0.0480469 0.0446167 0.122925
0 0.374512 0.0980225 0.0291016 0.0463867 0.0836182
0 0.665234 0.645996 0.0109375 0.00976562 0.0820923
0 0.32207 0.852539 0.0253906 0.0244141 0.0817871
0 0.692187 0.782227 0.0242187 0.0253906 0.0742188
0 0.307617 0.583008 0.00625 0.0126953 0.0734253
0 0.286914 0.615234 0.0222656 0.0234375 0.0687866
0 0.285937 0.614258 0.0117188 0.015625 0.0632324
0 0.273047 0.313477 0.0273438 0.027832 0.0630493
0 0.598828 0.606934 0.0523437 0.0986328 0.0611877
0 0.386621 0.0616455 0.0369141 0.0356445 0.0605164
0 0.585938 0.933594 0.0125 0.0117188 0.0600891
0 0.0827148 0.579102 0.0111328 0.0273438 0.0594177
0 0.127637 0.28833 0.0193359 0.0263672 0.0535889
0 0.558594 0.330811 0.0265625 0.0380859 0.0514526
0 0.482031 0.681152 0.00859375 0.0146484 0.0490417
0 0.0768311 0.721191 0.00786133 0.0185547 0.0479431
0 0.327734 0.181763 0.0167969 0.0126953 0.0476074
0 0.0759766 0.723633 0.0119141 0.0253906 0.0472412
0 0.0758545 0.729004 0.00629883 0.0136719 0.0458679
0 0.377734 0.501953 0.021875 0.0283203 0.0456848
0 0.996094 0.812988 0.0078125 0.0117188 0.0455322
0 0.660156 0.648438 0.0210938 0.0205078 0.0450134
0 0.0780029 0.645508 0.0182129 0.0351562 0.044342
0 0.481641 0.677734 0.0132813 0.0273438 0.041626
0 0.479688 0.669434 0.00703125 0.0136719 0.0408325
0 0.378223 0.502441 0.0177734 0.0175781 0.0406799
0 0.0839844 0.57666 0.0160156 0.0332031 0.0385437
0 0.829687 0.840332 0.021875 0.0175781 0.0374756
0 0.21582 0.682617 0.0246094 0.0214844 0.0372009
0 0.546875 0.611816 0.0109375 0.0185547 0.0370483
0 0.127246 0.282715 0.0150391 0.0161133 0.0366211
0 0.427734 0.486328 0.015625 0.015625 0.0348816
0 0.340039 0.518555 0.0222656 0.0302734 0.0348816
0 0.553516 0.337891 0.0171875 0.0258789 0.0344849
0 0.201367 0.809082 0.0105469 0.00878906 0.0339661
0 0.861719 0.532227 0.0140625 0.0166016 0.033844
0 0.0381348 0.282959 0.0149414 0.0141602 0.0334778
0 0.501172 0.882324 0.0179687 0.015625 0.0334778
0 0.263086 0.340332 0.0382813 0.0585938 0.0332031
0 0.334375 0.930664 0.0117188 0.0117188 0.0332031
0 0.273828 0.34668 0.0347656 0.0556641 0.032959
0 0.368359 0.825195 0.0242187 0.0292969 0.032959
0 0.413281 0.465576 0.0125 0.012207 0.0327148
0 0.289844 0.618164 0.0179687 0.0175781 0.0304413
0 0.355859 0.803711 0.0222656 0.0214844 0.0300446
0 0.611328 0.658203 0.0078125 0.0136719 0.0294189
0 0.371289 0.0563965 0.0621094 0.0366211 0.0283356
0 0.579297 0.864258 0.0078125 0.00878906 0.0276947
0 0.324609 0.852539 0.0214844 0.0175781 0.0274811
0 0.501172 0.883301 0.0210938 0.0224609 0.0271759
0 0.54375 0.615723 0.0179687 0.0273438 0.0270691
0 0.367188 0.830566 0.0296875 0.0390625 0.0266113
0 0.358008 0.803711 0.0152344 0.0126953 0.0263519
0 0.430469 0.52002 0.0101562 0.0107422 0.0258636
0 0.585938 0.318848 0.0234375 0.0498047 0.0253296
0 0.435156 0.400391 0.0101562 0.00878906 0.0247955
0 0.290625 0.678711 0.040625 0.0517578 0.0245667
0 0.333789 0.516602 0.0171875 0.0263672 0.0245209
0 0.319531 0.990723 0.0234375 0.0185547 0.0244751
0 0.658594 0.64502 0.015625 0.0117188 0.0244293
0 0.263477 0.627441 0.0078125 0.00976562 0.024231
0 0.548047 0.894531 0.0179687 0.0185547 0.0241394
0 0.269531 0.357666 0.0351562 0.0473633 0.0240021
0 0.261719 0.626953 0.0101562 0.0117188 0.0238647
0 0.120898 0.810547 0.0101562 0.0146484 0.0230713
0 0.320312 0.992188 0.0183594 0.015625 0.0230713
0 0.0771484 0.719238 0.00683594 0.0126953 0.0223694
0 0.0534668 0.8125 0.0181641 0.0195312 0.0223694
0 0.863281 0.530762 0.009375 0.0117188 0.0222015
0 0.589063 0.666992 0.00703125 0.0175781 0.0222015
0 0.853125 0.560059 0.009375 0.0117188 0.0220337
0 0.761719 0.38501 0.00703125 0.00927734 0.0217743
0 0.0458984 0.538574 0.0300781 0.0341797 0.0217743
0 0.673437 0.590332 0.0109375 0.015625 0.021698
0 0.126855 0.280762 0.0126953 0.0117188 0.0214539
0 0.524219 0.161865 0.0101562 0.0109863 0.0213623
0 0.291602 0.876953 0.0316406 0.0361328 0.021286
0 0.655859 0.643555 0.0109375 0.00878906 0.0211182
0 0.470703 0.877441 0.015625 0.0175781 0.0210419
0 0.268945 0.311768 0.0226563 0.0239258 0.0209656
0 0.0741211 0.646484 0.0162109 0.0292969 0.0209656
0 0.789844 0.648438 0.0109375 0.0126953 0.0209656
0 0.305859 0.949707 0.0128906 0.015625 0.0209656
0 0.546484 0.607422 0.00859375 0.0136719 0.0207977
0 0.592578 0.594727 0.0460938 0.0849609 0.0204926
0 0.666016 0.647949 0.0117188 0.0117188 0.0204926
0 0.873438 0.527344 0.0078125 0.0107422 0.0202484
0 0.99375 0.58252 0.0078125 0.0107422 0.0199432
0 0.35957 0.660156 0.0199219 0.03125 0.0199432
0 0.371484 0.394531 0.00625 0.00830078 0.0196381
0 0.320508 0.994629 0.0167969 0.0107422 0.0195618
0 0.553516 0.618164 0.0125 0.0175781 0.0193481
0 0.486328 0.677246 0.01875 0.03125 0.0190125
0 0.26543 0.617676 0.0175781 0.0224609 0.0187683
0 0.636328 0.506348 0.0164062 0.0117188 0.0186157
0 0.0539551 0.811523 0.0134766 0.015625 0.0186157
0 0.0395996 0.287842 0.0216797 0.0229492 0.0184021
0 0.667188 0.612793 0.009375 0.00878906 0.0183411
0 0.361328 0.655762 0.0140625 0.0146484 0.0183411
0 0.279297 0.605469 0.00976562 0.0107422 0.0182648
0 0.125195 0.28418 0.0136719 0.0161133 0.0181274
0 0.378516 0.498047 0.0125 0.0146484 0.0180511
0 0.345898 0.709961 0.0101562 0.00976562 0.0180511
0 0.694141 0.780762 0.0210938 0.0195312 0.0180511
0 0.440625 0.734375 0.0140625 0.0107422 0.0179901
0 0.418359 0.980469 0.0242187 0.015625 0.0178528
0 0.423438 0.981445 0.0328125 0.0253906 0.0178528
0 0.490625 0.726562 0.0109375 0.0126953 0.0177155
0 0.12793 0.293945 0.0169922 0.0180664 0.0173798
0 0.0755859 0.730469 0.00859375 0.0166016 0.0173798
0 0.307422 0.584473 0.009375 0.0136719 0.0170441
0 0.362891 0.653809 0.009375 0.0117188 0.016983
0 0.628516 0.837402 0.0171875 0.0126953 0.016983
0 0.142383 0.649902 0.0107422 0.0175781 0.0167847
0 0.685156 0.750488 0.0117188 0.0117188 0.0165253
0 0.453125 0.443604 0.00625 0.00683594 0.0164032
0 0.600391 0.623047 0.0429688 0.108398 0.0160217
0 0.37207 0.824219 0.0144531 0.0175781 0.0158997
0 0.580078 0.327881 0.0351562 0.0444336 0.0158997
0 0.875 0.526855 0.00625 0.0078125 0.0158386
0 0.294141 0.615723 0.00976562 0.0136719 0.0155411
0 0.293164 0.0522461 0.0714844 0.104492 0.0155411
0 0.583984 0.310547 0.0273438 0.0507812 0.0155411
0 0.415625 0.474609 0.025 0.0283203 0.0155411
0 0.202734 0.724121 0.009375 0.00976562 0.0154877
0 0.446094 0.899414 0.0109375 0.0146484 0.0154877
0 0.529688 0.778809 0.00859375 0.00976562 0.0151291
0 0.0758545 0.805664 0.00825195 0.0117188 0.0150757
0 0.753516 0.804688 0.015625 0.0146484 0.0148392
0 0.317187 0.990234 0.0179687 0.0175781 0.0146713
0 0.521484 0.57373 0.0117188 0.0117188 0.0146179
0 0.428125 0.581543 0.0078125 0.0166016 0.0146179
0 0.688672 0.783203 0.0210938 0.0205078 0.0145035
0 0.176025 0.995117 0.00615234 0.0078125 0.0145035
0 0.306445 0.584961 0.0132813 0.0234375 0.0144501
0 0.420312 0.489746 0.0289063 0.0302734 0.014389
0 0.370801 0.38623 0.0115234 0.0131836 0.0138474
0 0.852344 0.5625 0.009375 0.0126953 0.0136871
0 0.198437 0.983398 0.0214844 0.0195312 0.013588
0 0.375391 0.110474 0.0265625 0.0397949 0.0135345
0 0.683984 0.986328 0.0195312 0.0136719 0.0134811
0 0.829687 0.839844 0.0203125 0.0263672 0.0133286
0 0.285547 0.616699 0.015625 0.0166016 0.0132751
0 0.638672 0.507812 0.0132813 0.0107422 0.0132217
0 0.589063 0.670898 0.0078125 0.0146484 0.0131683
0 0.551953 0.615723 0.0148437 0.0214844 0.0130692
0 0.711719 0.916016 0.0140625 0.0126953 0.0130234
0 0.377832 0.0919495 0.0271484 0.0267944 0.01297
0 0.563281 0.322754 0.040625 0.0595703 0.0129242
0 0.797656 0.644043 0.00625 0.00976562 0.0128708
0 0.541797 0.614746 0.0117188 0.0185547 0.0127258
0 0.536719 0.615723 0.0109375 0.0117188 0.0126724
0 0.411328 0.464844 0.0203125 0.0244141 0.0126724
0 0.217578 0.683105 0.0257812 0.0292969 0.0126266
0 0.323242 0.52832 0.00585938 0.00976562 0.0125275
0 0.381738 0.0965271 0.0177734 0.0339966 0.0124283
0 0.216992 0.69043 0.0292969 0.0400391 0.0123825
0 0.549609 0.895996 0.021875 0.0253906 0.0123825
0 0.115527 0.667969 0.0429688 0.0664062 0.012291
0 0.385938 0.713379 0.0140625 0.0126953 0.012146
0 0.459766 0.334717 0.0171875 0.012207 0.0121002
0 0.48125 0.67627 0.0101562 0.0214844 0.0121002
0 0.120605 0.901855 0.0199219 0.0302734 0.0120087
0 0.550781 0.338867 0.0109375 0.0229492 0.0117798
0 0.325977 0.182007 0.0210938 0.0209961 0.0117798
0 0.375098 0.50293 0.0177734 0.0224609 0.011734
0 0.30957 0.536133 0.00742187 0.0126953 0.0115509
0 0.846094 0.807129 0.01875 0.0136719 0.011467
0 0.545703 0.61084 0.015625 0.0263672 0.0114212
0 0.359961 0.658691 0.0164062 0.0244141 0.0113754
0 0.0876953 0.579102 0.0195312 0.0380859 0.0112915
0 0.541016 0.618164 0.0164062 0.0185547 0.0112
0 0.455859 0.0360107 0.0375 0.0701904 0.0111618
0 0.0582031 0.298096 0.00771484 0.00732422 0.0110321
0 0.482812 0.043457 0.090625 0.0869141 0.0108185
0 0.864844 0.533691 0.0171875 0.0263672 0.0107346
0 0.106152 0.723145 0.0195312 0.0332031 0.0106964
0 0.576172 0.306152 0.0421875 0.0473633 0.0105286
0 0.266406 0.611816 0.00742187 0.00976562 0.0105286
0 0.396875 0.0691528 0.0164062 0.0328369 0.0105286
0 0.300195 0.719238 0.00742187 0.00976562 0.0104523
0 0.367969 0.0941162 0.059375 0.0576172 0.0104065
0 0.551562 0.614258 0.0210938 0.0322266 0.0103683
0 0.564844 0.311279 0.05 0.0546875 0.0102921
0 0.0478027 0.999512 0.0956055 0.000976562 0.0102463
0 0.338477 0.51709 0.0207031 0.0224609 0.0101318
0 0.53125 0.777832 0.00703125 0.00878906 0.0101318
0 0.320703 0.856934 0.03125 0.0273438 0.0100555
0 0.613672 0.660156 0.0125 0.0224609 0.0100098
0 0.992969 0.81543 0.0140625 0.0273438 0.0100098
0 0.463672 0.265381 0.0078125 0.00976562 0.00997162
0 0.279492 0.317383 0.0214844 0.027832 0.00997162
0 0.0213989 0.719238 0.0125732 0.0136719 0.00997162
0 0.260156 0.619141 0.0207031 0.0263672 0.00978088
0 0.504687 0.567383 0.0171875 0.0214844 0.00971222
0 0.128613 0.297852 0.0107422 0.0102539 0.00967407
0 0.591797 0.668945 0.0132813 0.0214844 0.00967407
0 0.336133 0.685059 0.0128906 0.0175781 0.00948334
0 0.0748779 0.806152 0.011377 0.015625 0.00948334
0 0.336914 0.0990906 0.0292969 0.0344849 0.00945282
0 0.306641 0.94873 0.0179687 0.0234375 0.00937653
0 0.288672 0.683105 0.0355469 0.0322266 0.00933838
0 0.0807861 0.63916 0.0228027 0.0371094 0.00933838
0 0.607422 0.660645 0.015625 0.0214844 0.00933838
0 0.479688 0.347168 0.00859375 0.00976562 0.00926971
0 0.0417969 0.318359 0.0235352 0.0209961 0.00926971
0 0.3625 0.808594 0.0195312 0.0273438 0.00926971
0 0.430469 0.525391 0.0109375 0.0146484 0.00923157
0 0.427734 0.48877 0.0203125 0.0253906 0.00923157
0 0.48125 0.669434 0.009375 0.0146484 0.00919342
0 0.635547 0.183594 0.00546875 0.00732422 0.00912476
0 0.311133 0.541504 0.00703125 0.0136719 0.00912476
0 0.0337402 0.286865 0.0251953 0.0258789 0.00905609
0 0.630859 0.838379 0.025 0.0224609 0.00898743
0 0.585156 0.935547 0.0140625 0.0166016 0.00891876
0 0.457812 0.819336 0.0265625 0.0273438 0.00891876
0 0.241016 0.925293 0.034375 0.0351562 0.00891876
0 0.358984 0.0970459 0.08125 0.0690918 0.0088501
0 0.141113 0.876465 0.0115234 0.0136719 0.00881195
0 0.0768311 0.803711 0.017041 0.0283203 0.0086441
0 0.430859 0.524414 0.015625 0.0234375 0.00857544
0 0.46875 0.880371 0.0195312 0.0273438 0.00857544
0 0.195703 0.981445 0.0289063 0.0273438 0.00857544
0 0.0749756 0.724121 0.0223145 0.0214844 0.0085144
0 0.310937 0.585449 0.0195312 0.0302734 0.0085144
0 0.0394531 0.0253906 0.0789063 0.0507812 0.00844574
0 0.612891 0.659668 0.00703125 0.0146484 0.00841522
0 0.474219 0.42749 0.00703125 0.00927734 0.00837708
0 0.519141 0.574707 0.0195312 0.0224609 0.00834656
0 0.0561523 0.996582 0.112305 0.00683594 0.00831604
0 0.352734 0.802246 0.028125 0.0283203 0.00831604
0 0.0437988 0.306152 0.0303711 0.0283203 0.00828552
0 0.521484 0.711914 0.034375 0.0273438 0.008255
0 0.395312 0.684082 0.0109375 0.0234375 0.00818634
0 0.00797119 0.744141 0.0159424 0.0166016 0.00803375
0 0.608203 0.606445 0.034375 0.103516 0.00800323
0 0.519141 0.574707 0.0132813 0.0146484 0.00796509
0 0.458203 0.817383 0.021875 0.0175781 0.00793457
0 0.563672 0.981445 0.0132813 0.0214844 0.00793457
0 0.635156 0.507324 0.0210938 0.0224609 0.00793457
0 0.84375 0.807129 0.0125 0.0107422 0.00790405
0 0.375391 0.498047 0.015625 0.0195312 0.00784302
0 0.580078 0.316406 0.0445312 0.0610352 0.0078125
0 0.592969 0.665527 0.0140625 0.0253906 0.0077858
0 0.377344 0.0909424 0.0320312 0.0368652 0.00775528
0 0.264648 0.324219 0.028125 0.0527344 0.00772476
0 0.369824 0.386719 0.0189453 0.0253906 0.00772476
0 0.0391602 0.99707 0.0783203 0.00585938 0.00769424
0 0.430469 0.48584 0.0117188 0.0136719 0.00760651
0 0.599219 0.594238 0.0320312 0.0771484 0.00757599
0 0.410156 0.470703 0.0234375 0.0283203 0.00757599
0 0.0679199 0.901367 0.0336914 0.0410156 0.00757599
0 0.289844 0.610352 0.0234375 0.0273438 0.00754929
0 0.594922 0.580078 0.0476562 0.0761719 0.00751877
0 0.429688 0.57959 0.0140625 0.0263672 0.00751877
0 0.333398 0.931641 0.0199219 0.0234375 0.00748825
0 0.284375 0.608887 0.0148437 0.0166016 0.00746155
0 0.570703 0.300781 0.0398437 0.0395508 0.00746155
0 0.846875 0.806641 0.0234375 0.0214844 0.00746155
0 0.597266 0.946289 0.009375 0.0146484 0.00737381
0 0.586328 0.910645 0.009375 0.00878906 0.00734711
0 0.33418 0.517578 0.0253906 0.0253906 0.00728989
0 0.384863 0.0986023 0.0232422 0.0474243 0.00728989
0 0.240234 0.627441 0.0191406 0.0126953 0.00725937
0 0.762891 0.38501 0.00859375 0.0107422 0.00723267
0 0.0687012 0.291016 0.0200195 0.0234375 0.00723267
0 0.538672 0.616211 0.0171875 0.0253906 0.00723267
0 0.205859 0.723633 0.0214844 0.0244141 0.00723267
0 0.594531 0.50293 0.00625 0.00976562 0.00720596
0 0.0751709 0.802734 0.0125488 0.0175781 0.00720596
0 0.505078 0.564453 0.0125 0.0126953 0.00717545
0 0.123145 0.896484 0.0130859 0.0175781 0.00717545
0 0.374902 0.498047 0.0212891 0.0273438 0.00717545
0 0.301172 0.674316 0.0285156 0.0458984 0.00717545
0 0.38125 0.501465 0.015625 0.015625 0.00714874
0 0.753125 0.524414 0.0140625 0.0126953 0.00706482
0 0.467578 0.913086 0.0304688 0.0371094 0.00703812
0 0.721875 0.137085 0.00625 0.00732422 0.00701141
0 0.31543 0.944336 0.0335938 0.0322266 0.00701141
0 0.789062 0.647461 0.0078125 0.00878906 0.00698471
0 0.372754 0.822754 0.0201172 0.0292969 0.00698471
0 0.404687 0.885742 0.0226563 0.0244141 0.00695801
0 0.658203 0.643066 0.021875 0.0224609 0.0069046
0 0.296094 0.67041 0.0324219 0.0458984 0.0069046
0 0.457031 0.897949 0.01875 0.0253906 0.0069046
0 0.0396484 0.769531 0.0166016 0.0195312 0.0068779
0 0.388672 0.713867 0.0171875 0.0146484 0.00682449
0 0.277734 0.363525 0.0191406 0.0317383 0.00679779
0 0.050293 0.315186 0.00556641 0.00683594 0.00677109
0 0.431641 0.523926 0.0148437 0.015625 0.00674438
0 0.710156 0.915039 0.0203125 0.0234375 0.00671768
0 0.0939453 0.727051 0.0289063 0.0302734 0.00669098
