0 0.709766 0.743164 0.0796875 0.0810547 0.621582
0 0.658203 0.541016 0.121875 0.0830078 0.542969
0 0.173047 0.0383301 0.0171875 0.00964355 0.345215
0 0.80625 0.136597 0.0234375 0.0256348 0.271973
0 0.803125 0.147095 0.0296875 0.036377 0.246582
0 0.705859 0.687012 0.11875 0.0664062 0.231567
0 0.808594 0.133545 0.01875 0.0183105 0.188354
0 0.810156 0.709961 0.0140625 0.0253906 0.163452
0 0.619141 0.122559 0.0242187 0.0205078 0.15564
0 0.245312 0.808594 0.0214844 0.0175781 0.135742
0 0.173486 0.0388184 0.0217773 0.0187988 0.134766
0 0.386328 0.753418 0.01875 0.0146484 0.133911
0 0.335352 0.0458984 0.0167969 0.0146484 0.122498
0 0.8 0.151245 0.0265625 0.0305176 0.113586
0 0.628906 0.883301 0.0171875 0.0175781 0.111267
0 0.620703 0.123169 0.0203125 0.0117188 0.101257
0 0.11123 0.992188 0.0169922 0.015625 0.0960083
0 0.513281 0.979492 0.0117188 0.0136719 0.0913696
0 0.351172 0.846191 0.021875 0.0214844 0.0897827
0 0.899219 0.72168 0.009375 0.015625 0.0891113
0 0.398438 0.991211 0.0140625 0.0117188 0.0836182
0 0.146484 0.716797 0.0308594 0.0234375 0.0823975
0 0.744531 0.679688 0.028125 0.0595703 0.0792236
0 0.114648 0.915039 0.0195312 0.0166016 0.0753174
0 0.851562 0.637207 0.0125 0.00878906 0.0745239
0 0.115039 0.815918 0.0228516 0.0283203 0.0726318
0 0.916406 0.781738 0.009375 0.0126953 0.0703125
0 0.030957 0.990234 0.0160156 0.015625 0.0653687
0 0.935156 0.77832 0.0109375 0.015625 0.0646362
0 0.534766 0.692383 0.0148437 0.0107422 0.0616455
0 0.373633 0.46582 0.0105469 0.0107422 0.0512695
0 0.751172 0.727051 0.0234375 0.0361328 0.049408
0 0.113574 0.915039 0.0236328 0.0224609 0.0490417
0 0.917188 0.779297 0.009375 0.0136719 0.0479431
0 0.802344 0.138428 0.03125 0.0336914 0.0472412
0 0.342969 0.991211 0.0105469 0.00976562 0.0451965
0 0.335156 0.045105 0.0195312 0.0213623 0.0450134
0 0.815625 0.898438 0.0140625 0.0146484 0.0441895
0 0.00634766 0.6875 0.0125977 0.0214844 0.0427246
0 0.725 0.681641 0.0773437 0.0625 0.0389709
0 0.669922 0.864746 0.009375 0.00976562 0.0389099
0 0.169531 0.0380859 0.0125 0.00817871 0.0386047
0 0.671094 0.866211 0.0125 0.0126953 0.037323
0 0.336328 0.0449829 0.0128906 0.0118408 0.0359497
0 0.883594 0.915527 0.021875 0.0185547 0.0359497
0 0.114746 0.819336 0.0189453 0.0195312 0.035675
0 0.422266 0.811523 0.0109375 0.0107422 0.0352783
0 0.748438 0.955566 0.0234375 0.0214844 0.0350037
0 0.864062 0.632324 0.009375 0.0107422 0.0337219
0 0.112695 0.994141 0.0130859 0.0117188 0.0337219
0 0.290234 0.888184 0.021875 0.0166016 0.0334778
0 0.815625 0.84668 0.0171875 0.0146484 0.0330811
0 0.85 0.638672 0.0140625 0.00976562 0.0321045
0 0.674609 0.547363 0.084375 0.0888672 0.0308533
0 0.525391 0.709961 0.0078125 0.00878906 0.0301056
0 0.388281 0.437744 0.015625 0.0126953 0.0293121
0 0.85 0.927246 0.01875 0.0234375 0.0290833
0 0.992969 0.970703 0.009375 0.0117188 0.0272675
0 0.8125 0.880371 0.00625 0.0078125 0.026062
0 0.261914 0.132324 0.0117188 0.0090332 0.0258636
0 0.8125 0.712402 0.0171875 0.0234375 0.0257568
0 0.790625 0.986328 0.0140625 0.0117188 0.0250854
0 0.897656 0.662109 0.0125 0.0166016 0.0246124
0 0.385547 0.753906 0.0210938 0.0224609 0.0244293
0 0.6875 0.540039 0.046875 0.0761719 0.0241852
0 0.751562 0.957031 0.0257812 0.0273438 0.0239563
0 0.397656 0.945312 0.0140625 0.0136719 0.0236969
0 0.899219 0.719238 0.0109375 0.0146484 0.0232391
0 0.921875 0.86084 0.0203125 0.0390625 0.0226746
0 0.747266 0.729004 0.0351562 0.046875 0.022583
0 0.0959961 0.0611572 0.0136719 0.00805664 0.0224609
0 0.176416 0.437744 0.0151367 0.012207 0.0224609
0 0.628516 0.883301 0.0203125 0.0234375 0.021698
0 0.0215942 0.914062 0.0154053 0.0146484 0.0215302
0 0.689844 0.69043 0.113281 0.0839844 0.0210419
0 0.80625 0.130981 0.021875 0.0234375 0.0209656
0 0.809375 0.704102 0.0140625 0.0205078 0.0207214
0 0.630469 0.880859 0.0148437 0.0146484 0.02034
0 0.0863281 0.837891 0.0109375 0.00976562 0.0200958
0 0.809375 0.148438 0.0296875 0.0332031 0.0197906
0 0.810938 0.709473 0.0234375 0.0292969 0.0197144
0 0.438672 0.790039 0.0046875 0.0078125 0.0196381
0 0.932031 0.777344 0.021875 0.0253906 0.0194244
0 0.104102 0.989258 0.0191406 0.0136719 0.0191193
0 0.900781 0.722656 0.015625 0.0253906 0.0189362
0 0.810938 0.706543 0.0171875 0.0283203 0.0185852
0 0.109375 0.990723 0.0248047 0.0185547 0.0185852
0 0.178174 0.9646 0.0311523 0.0356445 0.0184326
0 0.084375 0.838379 0.01875 0.0205078 0.0180511
0 0.114063 0.810059 0.0253906 0.0302734 0.0179901
0 0.665234 0.763672 0.00703125 0.0136719 0.0175171
0 0.211719 0.583496 0.00976562 0.00976562 0.0171814
0 0.176758 0.963379 0.0285156 0.0244141 0.0171051
0 0.150586 0.71582 0.0248047 0.0136719 0.0164032
0 0.822656 0.850098 0.0125 0.0117188 0.0164032
0 0.140234 0.911621 0.00683594 0.0078125 0.0163422
0 0.372949 0.465698 0.0166016 0.0217285 0.0160217
0 0.853125 0.638184 0.0203125 0.0205078 0.0153046
0 0.533203 0.695801 0.0195312 0.0224609 0.0153046
0 0.896875 0.660156 0.0171875 0.0292969 0.0151901
0 0.676953 0.945801 0.0140625 0.0136719 0.0151291
0 0.342383 0.742188 0.0117188 0.0126953 0.0149536
0 0.813281 0.884277 0.0078125 0.0126953 0.0149536
0 0.24082 0.982422 0.0125 0.0195312 0.0149536
0 0.5375 0.638672 0.0195312 0.0185547 0.0149002
0 0.685547 0.607422 0.00703125 0.00878906 0.0146179
0 0.623828 0.122925 0.0171875 0.0100098 0.0145035
0 0.0926758 0.0614014 0.0125 0.0078125 0.0144501
0 0.882812 0.916504 0.0265625 0.0253906 0.0142822
0 0.758984 0.0238953 0.00703125 0.00878906 0.0141144
0 0.897656 0.654297 0.015625 0.0302734 0.014061
0 0.74375 0.736328 0.0414063 0.0683594 0.014061
0 0.526563 0.709961 0.009375 0.0117188 0.0139008
0 0.495703 0.0424805 0.0117188 0.00964355 0.013588
0 0.317773 0.139404 0.0226563 0.0219727 0.0131683
0 0.273633 0.598633 0.0101562 0.00976562 0.0130692
0 0.811719 0.132812 0.015625 0.0153809 0.01297
0 0.527344 0.709961 0.0164062 0.0214844 0.01297
0 0.183789 0.494141 0.0113281 0.0107422 0.012825
0 0.917969 0.779785 0.0140625 0.0136719 0.0125732
0 0.55625 0.97168 0.015625 0.0136719 0.0124283
0 0.241211 0.809082 0.025 0.0292969 0.0123367
0 0.853906 0.793945 0.0078125 0.00976562 0.0120544
0 0.0218506 0.371582 0.013623 0.00927734 0.0120087
0 0.0871094 0.837891 0.0111328 0.0136719 0.0120087
0 0.960938 0.799805 0.01875 0.0166016 0.0118713
0 0.638672 0.544434 0.114844 0.0957031 0.0118713
0 0.114063 0.990234 0.0189453 0.0195312 0.0116882
0 0.378906 0.731445 0.00546875 0.00878906 0.0116425
0 0.333984 0.899414 0.0152344 0.0185547 0.0115509
0 0.466016 0.817871 0.0132813 0.0117188 0.0113754
0 0.174268 0.438965 0.0170898 0.0141602 0.0112915
0 0.797656 0.996582 0.0125 0.00683594 0.0112915
0 0.266406 0.259766 0.0179687 0.0126953 0.0110321
0 0.759375 0.0225525 0.00859375 0.010376 0.0109863
0 0.383594 0.750488 0.0203125 0.0234375 0.0109482
0 0.170361 0.0352631 0.0233398 0.0229797 0.0109024
0 0.211523 0.529785 0.0175781 0.0126953 0.0108185
0 0.350586 0.847656 0.0277344 0.0263672 0.0108185
0 0.807813 0.70752 0.0140625 0.0224609 0.0107803
0 0.722266 0.857422 0.025 0.0205078 0.0107346
0 0.991406 0.920898 0.0109375 0.0126953 0.0107346
0 0.690625 0.549805 0.0382813 0.0644531 0.0106964
0 0.0467773 0.754395 0.0126953 0.00976562 0.0104904
0 0.494141 0.0427246 0.00859375 0.00805664 0.0103683
0 0.0947266 0.0616455 0.0214844 0.0194092 0.0103302
0 0.298438 0.696777 0.0113281 0.00976562 0.0102463
0 0.475 0.87793 0.0109375 0.0146484 0.0102463
0 0.264453 0.132935 0.01875 0.0205078 0.0102463
0 0.858594 0.635742 0.0125 0.0117188 0.0102081
0 0.00522461 0.0508423 0.0104492 0.101685 0.01017
0 0.14873 0.720215 0.0347656 0.0322266 0.01017
0 0.8125 0.881348 0.0078125 0.00976562 0.0100937
0 0.814062 0.716309 0.01875 0.0292969 0.0100937
0 0.25918 0.871094 0.0175781 0.0146484 0.0100555
0 0.689453 0.897461 0.0140625 0.0136719 0.00997162
0 0.725391 0.743164 0.0796875 0.0849609 0.00997162
0 0.686719 0.898926 0.0164062 0.0166016 0.00974274
0 0.233594 0.244629 0.015625 0.0117188 0.00959778
0 0.849219 0.929199 0.015625 0.0175781 0.00959778
0 0.316016 0.140015 0.0148437 0.0100098 0.00955963
0 0.91875 0.779785 0.0171875 0.0224609 0.00945282
0 0.144043 0.715332 0.0285156 0.0175781 0.00941467
0 0.790625 0.857422 0.009375 0.0126953 0.00926971
0 0.24668 0.80957 0.0246094 0.0283203 0.00908661
0 0.995703 0.0410767 0.00859375 0.0821533 0.00901794
0 0.747656 0.670898 0.0234375 0.0488281 0.00898743
0 0.932813 0.981445 0.015625 0.0136719 0.00894928
0 0.0187012 0.912598 0.0228516 0.0292969 0.00888062
0 0.670313 0.868652 0.0164062 0.0224609 0.0088501
0 0.926562 0.861816 0.0265625 0.0458984 0.00881195
0 0.304102 0.174072 0.0125 0.00927734 0.00874329
0 0.24043 0.984375 0.0113281 0.0136719 0.00871277
0 0.626172 0.536133 0.0867188 0.0898438 0.00871277
0 0.123242 0.624512 0.0171875 0.0195312 0.00844574
0 0.798437 0.155029 0.021875 0.0256348 0.00834656
0 0.531641 0.691895 0.0132813 0.0107422 0.00834656
0 0.930469 0.982422 0.015625 0.0117188 0.00831604
0 0.536328 0.637207 0.0234375 0.0322266 0.00831604
0 0.707422 0.677734 0.0914062 0.0556641 0.00831604
0 0.37334 0.468628 0.0142578 0.0158691 0.00828552
0 0.648438 0.692383 0.0203125 0.0195312 0.008255
0 0.905469 0.990234 0.0078125 0.00976562 0.008255
0 0.172607 0.439453 0.0243164 0.0229492 0.00815582
0 0.290234 0.480469 0.0078125 0.00976562 0.00812531
0 0.504687 0.917969 0.015625 0.0195312 0.00809479
0 0.289062 0.888672 0.0257812 0.0244141 0.00809479
0 0.80625 0.152344 0.0296875 0.026123 0.00796509
0 0.678516 0.882324 0.0195312 0.0244141 0.00796509
0 0.75 0.678223 0.0226563 0.0488281 0.00790405
0 0.395703 0.989746 0.025 0.0205078 0.00790405
0 0.677344 0.878906 0.009375 0.0117188 0.00784302
0 0.172803 0.0436859 0.0239258 0.0278625 0.00784302
0 0.420312 0.810059 0.0210938 0.0244141 0.00769424
0 0.473047 0.504883 0.0078125 0.0078125 0.00760651
0 0.711719 0.900391 0.009375 0.0126953 0.00754929
0 0.331836 0.0446167 0.015625 0.0126953 0.00751877
0 0.616016 0.119873 0.0296875 0.0178223 0.00751877
0 0.00727539 0.687988 0.0145508 0.0400391 0.00751877
0 0.687109 0.897461 0.0226563 0.0263672 0.00751877
0 0.240625 0.812988 0.0109375 0.015625 0.00748825
0 0.622266 0.126709 0.025 0.0258789 0.00746155
0 0.728125 0.674805 0.0585938 0.0498047 0.00746155
0 0.384668 0.434326 0.0236328 0.0249023 0.00734711
0 0.641016 0.074585 0.0273438 0.0205078 0.00728989
0 0.0287109 0.992188 0.0163086 0.0117188 0.00725937
0 0.759766 0.725586 0.0195312 0.0332031 0.00725937
0 0.28418 0.48584 0.015625 0.0136719 0.00709534
0 0.00566406 0.945801 0.0113281 0.108398 0.00706482
0 0.242773 0.805664 0.0171875 0.0166016 0.00701141
0 0.764453 0.0195923 0.0226563 0.0275879 0.00698471
0 0.0854492 0.835938 0.0144531 0.0126953 0.0069046
0 0.140234 0.713867 0.0265625 0.0234375 0.0069046
0 0.871094 0.87207 0.0203125 0.0185547 0.00682449
0 0.0306641 0.989258 0.0244141 0.0214844 0.00682449
0 0.807031 0.143555 0.0265625 0.0344238 0.00679779
0 0.344922 0.743164 0.0148437 0.0136719 0.00679779
0 0.0660645 1 0.121973 0 0.00679779
0 0.32793 0.424072 0.0101562 0.0117188 0.00669098
0 0.684766 0.608398 0.009375 0.0117188 0.00669098
0 0.0227539 0.913086 0.0204102 0.0244141 0.00669098
0 0.591797 0.637207 0.015625 0.0175781 0.00666809
0 0.795313 0.150757 0.0203125 0.026123 0.00661469
0 0.383203 0.44043 0.0242187 0.0234375 0.00661469
0 0.655469 0.630859 0.009375 0.0146484 0.00653839
0 0.539453 0.64209 0.021875 0.0351562 0.00653839
0 0.815625 0.719238 0.015625 0.0175781 0.0064621
0 0.0306152 0.817383 0.0165039 0.0214844 0.0064621
0 0.873438 0.581543 0.00625 0.00585938 0.00643921
0 0.807031 0.712402 0.0125 0.0205078 0.00643921
0 0.961719 0.0112 0.0765625 0.0223999 0.00641251
0 0.813281 0.884766 0.0140625 0.0244141 0.00634003
0 0.0547852 0.0187988 0.00761719 0.00762939 0.00626373
0 0.332422 0.612793 0.00703125 0.0078125 0.00626373
0 0.210742 0.585449 0.0121094 0.0126953 0.00624084
0 0.165137 0.0390625 0.0248047 0.0249023 0.00624084
0 0.304297 0.173706 0.0214844 0.0231934 0.00624084
0 0.235547 0.256348 0.0125 0.00976562 0.00621796
0 0.471094 0.963867 0.0109375 0.015625 0.00619125
0 0.334766 0.992188 0.0144531 0.0117188 0.00619125
0 0.922656 0.851562 0.0140625 0.0205078 0.00612259
0 0.860156 0.580078 0.0078125 0.00683594 0.00609589
0 0.759766 0.0219269 0.0164062 0.0212097 0.00609589
0 0.898438 0.71875 0.0171875 0.0253906 0.00609589
0 0.0520996 0.916504 0.00849609 0.00976562 0.006073
0 0.333203 0.900391 0.0230469 0.0322266 0.00605011
0 0.669922 0.538086 0.065625 0.0703125 0.00602722
0 0.0800781 0.72168 0.0306641 0.0332031 0.00602722
0 0.295703 0.175659 0.00976562 0.0078125 0.00598145
0 0.582031 0.37793 0.0632813 0.11377 0.00598145
0 0.289648 0.893066 0.0285156 0.0341797 0.00595856
0 0.93125 0.777832 0.015625 0.0185547 0.00593567
0 0.813281 0.156738 0.028125 0.026123 0.00591278
0 0.528516 0.858887 0.00703125 0.00878906 0.005867
0 0.616016 0.128296 0.0273438 0.027832 0.005867
0 0.817187 0.897949 0.01875 0.0263672 0.005867
0 0.619531 0.112793 0.0226563 0.0283203 0.00584412
0 0.821875 0.580078 0.00625 0.00683594 0.00577545
0 0.996875 0.0620728 0.00625 0.124146 0.00577545
0 0.283398 0.487793 0.0230469 0.0244141 0.00577545
0 0.847656 0.636719 0.025 0.0224609 0.00577545
0 0.864844 0.634277 0.01875 0.0234375 0.00577545
0 0.0118652 0.691895 0.0237305 0.0380859 0.00577545
0 0.551953 0.798828 0.0125 0.0107422 0.00575256
0 0.25957 0.27832 0.0363281 0.0385742 0.00575256
0 0.393359 0.990234 0.0171875 0.0117188 0.00572968
0 0.000830078 0.0422058 0.00166016 0.0844116 0.00572968
0 0.903125 0.718262 0.01875 0.0292969 0.00572968
0 0.81875 0.896973 0.0109375 0.0117188 0.00570679
0 0.263867 0.285645 0.028125 0.0351562 0.00570679
0 0.825 0.848633 0.009375 0.0117188 0.00559998
0 0.726562 0.856934 0.0148437 0.0175781 0.00559998
0 0.233398 0.947754 0.0164062 0.0146484 0.00559998
0 0.832812 0.474121 0.0296875 0.0488281 0.00559998
0 0.175928 0.4375 0.0204102 0.0229492 0.0055542
0 0.341602 0.994141 0.0121094 0.0078125 0.00553513
0 0.313086 0.136841 0.0234375 0.0222168 0.00551224
0 0.958594 0.737305 0.0765625 0.115234 0.00548935
0 0.668359 0.768555 0.0164062 0.0292969 0.00547028
0 0.0778564 1 0.0895996 0 0.00544739
0 0.154492 1 0.11875 0 0.00542831
0 0.308789 0.411865 0.0304688 0.0327148 0.00542831
0 0.699219 0.740723 0.0578125 0.0683594 0.00538635
0 0.672656 0.946777 0.0234375 0.0283203 0.00536346
0 0.527734 0.860352 0.0078125 0.0117188 0.00534439
0 0.658984 0.696289 0.0414063 0.0566406 0.00530243
0 0.342187 0.991211 0.0222656 0.0175781 0.00530243
0 0.811719 0.715332 0.028125 0.03125 0.00521851
0 0.290039 1 0.137109 0 0.00519943
0 0.515234 0.979492 0.0195312 0.0253906 0.00519943
0 0.654688 0.633789 0.0078125 0.0136719 0.00511932
0 0.00541992 0.742676 0.0108398 0.149414 0.00511932
0 0.1 0.0620117 0.0242187 0.0217285 0.00510025
0 0.177344 0.0455322 0.0230469 0.0286865 0.00510025
0 0.524609 0.710938 0.009375 0.0126953 0.0050621
0 0.065332 0.900391 0.0119141 0.0205078 0.00502014
0 0.264648 0.275879 0.0277344 0.034668 0.00502014
0 0.0543457 1 0.0928711 0 0.00502014
0 0.402344 0.839844 0.00625 0.00878906 0.00498199
0 0.590234 0.36792 0.059375 0.10791 0.00498199
