0 0.641406 0.270264 0.0515625 0.0385742 0.918945
0 0.253125 0.454834 0.0464844 0.0678711 0.917969
0 0.951563 0.488647 0.0625 0.0793457 0.912598
0 0.596484 0.129639 0.0359375 0.0302734 0.899414
0 0.476953 0.136353 0.0359375 0.0327148 0.75
0 0.039502 0.310547 0.0422852 0.03125 0.697754
0 0.607813 0.0740356 0.0148437 0.0286865 0.300781
0 0.714844 0.0671387 0.0117188 0.0205078 0.286133
0 0.362109 0.990723 0.0125 0.0185547 0.219971
0 0.403125 0.102417 0.009375 0.0134277 0.164551
0 0.480859 0.140259 0.0296875 0.03125 0.158203
0 0.103223 0.604492 0.0158203 0.0146484 0.133911
0 0.378418 0.0970764 0.00722656 0.0187378 0.125977
0 0.744922 0.0665894 0.0101562 0.0169678 0.122498
0 0.832812 0.0509644 0.015625 0.0157471 0.11676
0 0.742969 0.067749 0.0101562 0.0161133 0.115967
0 0.767578 0.0650635 0.0125 0.0212402 0.108948
0 0.0462891 0.310059 0.0273438 0.027832 0.108948
0 0.875781 0.758301 0.0265625 0.0273438 0.104126
0 0.267969 0.553223 0.0113281 0.0126953 0.101562
0 0.497266 0.847656 0.0179687 0.0126953 0.100891
0 0.403906 0.100098 0.009375 0.0158691 0.093689
0 0.768164 0.0594482 0.0167969 0.0280762 0.0836182
0 0.83125 0.0524902 0.0203125 0.0250244 0.0761108
0 0.266602 0.555176 0.0101562 0.0136719 0.0745239
0 0.582422 0.0827026 0.009375 0.0209961 0.0739746
0 0.891406 0.0236206 0.0125 0.0472412 0.0710449
0 0.85625 0.876465 0.0234375 0.0244141 0.0656128
0 0.767187 0.0588989 0.0125 0.0230713 0.0653687
0 0.495703 0.0974121 0.0171875 0.0217285 0.0651245
0 0.450391 0.683105 0.009375 0.0136719 0.0646362
0 0.581641 0.0828247 0.00703125 0.0181885 0.0630493
0 0.378223 0.100555 0.00683594 0.0139771 0.0618896
0 0.858594 0.874512 0.01875 0.0166016 0.0594177
0 0.608203 0.0234985 0.0148437 0.0415039 0.058136
0 0.822656 0.399658 0.0171875 0.0126953 0.0577087
0 0.400781 0.101807 0.0179687 0.0222168 0.0570679
0 0.596094 0.135376 0.0414063 0.0319824 0.0560303
0 0.606641 0.0792847 0.0117188 0.0220947 0.0539856
0 0.777539 0.0507812 0.0152344 0.0338135 0.0516663
0 0.648047 0.266602 0.0398437 0.0332031 0.0509033
0 0.10293 0.603027 0.0193359 0.0214844 0.0486755
0 0.890625 0.013031 0.0078125 0.0254517 0.0470886
0 0.867969 0.0547485 0.0484375 0.0267334 0.0467224
0 0.155078 0.794434 0.00664063 0.00976562 0.0462036
0 0.686719 0.052063 0.0140625 0.0324707 0.0455322
0 0.530469 0.0944519 0.0148437 0.0161743 0.0453491
0 0.454297 0.104736 0.0109375 0.0161133 0.0451965
0 0.714844 0.0630493 0.0132813 0.0184326 0.0450134
0 0.439844 0.098053 0.00703125 0.015564 0.0450134
0 0.582031 0.0871277 0.0078125 0.0186157 0.044342
0 0.255273 0.558594 0.00859375 0.0078125 0.0414734
0 0.221484 0.575195 0.0136719 0.015625 0.0408325
0 0.890625 0.0184021 0.009375 0.0346069 0.0403748
0 0.287891 0.554688 0.0210938 0.0214844 0.0403748
0 0.580078 0.0878296 0.00859375 0.0184326 0.0381775
0 0.755078 0.973633 0.034375 0.046875 0.0379028
0 0.627344 0.504883 0.0101562 0.0078125 0.037323
0 0.744922 0.069397 0.0132813 0.0152588 0.0372009
0 0.315625 0.356934 0.0210938 0.0336914 0.0372009
0 0.823438 0.399414 0.021875 0.0195312 0.0372009
0 0.714453 0.0668335 0.01875 0.026001 0.0369873
0 0.378418 0.0955811 0.0126953 0.0256348 0.0369873
0 0.765625 0.0697632 0.0125 0.0146484 0.0367737
0 0.95625 0.500122 0.0578125 0.0632324 0.0354004
0 0.838281 0.0518799 0.028125 0.0268555 0.0352783
0 0.589063 0.129517 0.0289063 0.0273438 0.033844
0 0.289062 0.554199 0.0132813 0.0185547 0.0337219
0 0.635938 0.0794067 0.0234375 0.013916 0.0335999
0 0.25625 0.442627 0.0414063 0.0512695 0.0327148
0 0.964844 0.500977 0.0375 0.0595703 0.0326538
0 0.439453 0.102051 0.00859375 0.0153809 0.0321045
0 0.533594 0.0951233 0.0203125 0.0170288 0.0317383
0 0.317969 0.35791 0.0191406 0.0429688 0.0313721
0 0.762109 0.0663452 0.0117188 0.0211182 0.0307922
0 0.878125 0.505371 0.0125 0.00976562 0.0307922
0 0.478516 0.130371 0.03125 0.0292969 0.0301056
0 0.642578 0.0773926 0.0335938 0.0231934 0.0294189
0 0.552734 0.0904236 0.0078125 0.0130005 0.0293121
0 0.753906 0.0671997 0.00859375 0.0147705 0.0289764
0 0.609375 0.0736694 0.0234375 0.0290527 0.0279083
0 0.580859 0.0836182 0.0125 0.026123 0.0278015
0 0.441406 0.0996094 0.0148437 0.0229492 0.0277405
0 0.710156 0.0568848 0.0125 0.0174561 0.0276947
0 0.453516 0.0976562 0.009375 0.0185547 0.0276947
0 0.778125 0.0579224 0.0078125 0.0200195 0.0271759
0 0.938281 0.487427 0.0390625 0.0788574 0.0265503
0 0.473047 0.128906 0.0273438 0.0258789 0.0262604
0 0.646484 0.0761719 0.0234375 0.0151367 0.026062
0 0.0029541 0.0596313 0.0059082 0.119263 0.0258636
0 0.0421875 0.302734 0.0366211 0.0288086 0.0258026
0 0.257617 0.558105 0.0113281 0.00976562 0.0257568
0 0.605078 0.134277 0.0226563 0.0231934 0.025177
0 0.760547 0.0602417 0.0171875 0.0269775 0.0250854
0 0.499609 0.0976868 0.0171875 0.0255737 0.0249329
0 0.208789 0.713379 0.0171875 0.0126953 0.0246124
0 0.769141 0.0541382 0.0132813 0.0181885 0.0245209
0 0.829687 0.0544434 0.0171875 0.019165 0.024231
0 0.0366089 0.306152 0.0359619 0.0224609 0.0240479
0 0.782031 0.0410767 0.0109375 0.0256348 0.0239563
0 0.047998 0.527832 0.00712891 0.0078125 0.0237732
0 0.718359 0.067627 0.0148437 0.0192871 0.0234222
0 0.640625 0.0774536 0.025 0.0172119 0.0232391
0 0.805469 0.0338745 0.040625 0.067749 0.0229797
0 0.721094 0.0722046 0.0140625 0.0142822 0.0228882
0 0.0511719 0.599609 0.00751953 0.0107422 0.0228882
0 0.608984 0.0263977 0.0117188 0.031311 0.0222015
0 0.40625 0.0994873 0.00859375 0.0144043 0.02211
0 0.834375 0.0464478 0.015625 0.0159912 0.021698
0 0.825781 0.0524902 0.021875 0.0299072 0.0213623
0 0.965234 0.0331421 0.0695312 0.0662842 0.0212402
0 0.685938 0.0459595 0.0179687 0.0311279 0.0207977
0 0.607813 0.0323639 0.009375 0.0229187 0.0205688
0 0.434766 0.101349 0.021875 0.0238647 0.0205688
0 0.605078 0.929688 0.0101562 0.0126953 0.0204163
0 0.378516 0.0909119 0.00859375 0.0210571 0.0200958
0 0.782812 0.0380859 0.0078125 0.0175781 0.0196381
0 0.267383 0.553223 0.0164062 0.0214844 0.0196381
0 0.470703 0.135742 0.0335938 0.0292969 0.0195007
0 0.891406 0.0310364 0.0140625 0.0532837 0.0192719
0 0.849219 0.351074 0.00625 0.00878906 0.0185394
0 0.877344 0.756348 0.025 0.0185547 0.0179138
0 0.886719 0.0272217 0.0203125 0.0544434 0.0177765
0 0.552734 0.0930786 0.0109375 0.012085 0.0177155
0 0.317773 0.996094 0.0078125 0.0078125 0.0173798
0 0.288281 0.557617 0.0152344 0.015625 0.0173035
0 0.405469 0.103149 0.0101562 0.0134277 0.0171814
0 0.612891 0.0762939 0.0203125 0.0294189 0.0171814
0 0.623438 0.509766 0.0195312 0.0214844 0.0166626
0 0.221094 0.572266 0.0199219 0.0263672 0.0166626
0 0.783594 0.277344 0.0125 0.0107422 0.0165863
0 0.608594 0.0165253 0.0132813 0.0306702 0.0165253
0 0.775195 0.0597534 0.0183594 0.0294189 0.0164032
0 0.766406 0.0544434 0.0109375 0.0163574 0.0162201
0 0.4 0.103516 0.0109375 0.0134277 0.0160217
0 0.608594 0.131348 0.0195312 0.0275879 0.0158997
0 0.75625 0.065979 0.0171875 0.026123 0.0156708
0 0.746484 0.0623169 0.00859375 0.0128174 0.0155411
0 0.587891 0.125366 0.0234375 0.020752 0.0155411
0 0.957812 0.478149 0.0546875 0.0554199 0.0155411
0 0.476953 0.103149 0.00703125 0.0119629 0.0154877
0 0.496484 0.101074 0.0195312 0.0187988 0.0154877
0 0.258984 0.558594 0.0179687 0.0205078 0.0153046
0 0.533203 0.094696 0.0234375 0.024231 0.0150757
0 0.492969 0.101471 0.0132813 0.0165405 0.0150146
0 0.0326294 0.308838 0.0349365 0.0229492 0.0147324
0 0.6 0.0760498 0.025 0.0301514 0.0145035
0 0.705078 0.0582275 0.009375 0.0145264 0.014389
0 0.709375 0.0598145 0.0195312 0.0266113 0.014389
0 0.263086 0.438965 0.0300781 0.0395508 0.014389
0 0.814062 0.0355225 0.0296875 0.0603027 0.0142822
0 0.76875 0.0608521 0.025 0.0266113 0.014061
0 0.376563 0.0984802 0.0164062 0.0254517 0.0139542
0 0.810156 0.0651855 0.0078125 0.0125732 0.0138474
0 0.224414 0.741699 0.0160156 0.0126953 0.0134811
0 0.946094 0.0509033 0.0109375 0.0198975 0.0134277
0 0.567969 0.0856323 0.0203125 0.0269775 0.0133286
0 0.874219 0.76416 0.028125 0.0332031 0.0132751
0 0.780469 0.0508423 0.0078125 0.0217285 0.0131683
0 0.270312 0.800293 0.0117188 0.0107422 0.0130234
0 0.247266 0.46814 0.0335938 0.0471191 0.0130234
0 0.764063 0.963867 0.0132813 0.0214844 0.012825
0 0.754687 0.0600586 0.00859375 0.0142822 0.0127258
0 0.578516 0.500488 0.0125 0.0117188 0.0127258
0 0.466016 0.134155 0.0195312 0.0302734 0.0126266
0 0.38125 0.0976257 0.0109375 0.0188599 0.0124817
0 0.486328 0.142578 0.015625 0.0195312 0.0124817
0 0.710156 0.743652 0.00859375 0.00976562 0.0124283
0 0.498437 0.849121 0.0226563 0.0205078 0.0123367
0 0.593359 0.0830994 0.0234375 0.0288696 0.0122375
0 0.780469 0.0438843 0.0171875 0.0361328 0.0119171
0 0.454297 0.109375 0.0132813 0.0134277 0.011734
0 0.878125 0.505859 0.01875 0.0195312 0.0116882
0 0.447656 0.0982361 0.0101562 0.0186157 0.0115509
0 0.449609 0.683105 0.0171875 0.0234375 0.0115051
0 0.455469 0.100342 0.0203125 0.0253906 0.0113297
0 0.85 0.349609 0.0078125 0.0078125 0.0112915
0 0.71875 0.0612793 0.0101562 0.0150146 0.0109863
0 0.797656 0.057373 0.0078125 0.0141602 0.0109863
0 0.743359 0.0662231 0.0195312 0.0251465 0.0109024
0 0.852344 0.350098 0.015625 0.0209961 0.0109024
0 0.849219 0.879395 0.0375 0.0302734 0.0109024
0 0.625 0.505371 0.0117188 0.00976562 0.0108185
0 0.4 0.102448 0.025 0.0189819 0.0108185
0 0.762891 0.971924 0.0234375 0.0424805 0.0107803
0 0.417188 0.102417 0.0265625 0.0244141 0.0106964
0 0.383594 0.0914917 0.0117188 0.0213623 0.0105667
0 0.953906 0.980469 0.0171875 0.0136719 0.0105286
0 0.632422 0.269287 0.0390625 0.0288086 0.0104904
0 0.726562 0.0728149 0.00859375 0.00964355 0.0102463
0 0.447266 0.103516 0.0117188 0.0180664 0.01017
0 0.714453 0.0662231 0.0296875 0.0196533 0.01017
0 0.556641 0.505371 0.0140625 0.0107422 0.0101318
0 0.709766 0.0531006 0.009375 0.0118408 0.0100937
0 0.000256348 0.0415039 0.000512695 0.0830078 0.0100937
0 0.689844 0.0450439 0.0210938 0.0500488 0.0100937
0 0.889844 0.00772095 0.00625 0.0154419 0.0100555
0 0.5 0.0976562 0.0125 0.0200195 0.0100098
0 0.630859 0.0802002 0.015625 0.0111084 0.00985718
0 0.457812 0.107178 0.0125 0.0161133 0.00974274
0 0.261133 0.451416 0.0394531 0.0571289 0.00974274
0 0.606641 0.0126953 0.0101562 0.0248413 0.00971222
0 0.860937 0.0507812 0.0265625 0.0147705 0.00971222
0 0.690234 0.0102844 0.00546875 0.0147705 0.00963593
0 0.652734 0.0778809 0.0414063 0.0233154 0.00955963
0 0.565625 0.0873413 0.0140625 0.0198975 0.00933838
0 0.892969 0.0239868 0.0203125 0.0479736 0.00926971
0 0.306836 0.557129 0.00703125 0.00878906 0.00923157
0 0.00583496 0.0759888 0.0116699 0.151978 0.00923157
0 0.860156 0.345703 0.0078125 0.00976562 0.00919342
0 0.778711 0.0511475 0.0238281 0.0351562 0.0091629
0 0.783594 0.057251 0.0109375 0.020752 0.00912476
0 0.691016 0.0124207 0.0164062 0.0248413 0.00908661
0 0.714063 0.0713501 0.0148437 0.0174561 0.00901794
0 0.240234 0.563965 0.0148437 0.0126953 0.00898743
0 0.853125 0.342041 0.0171875 0.0234375 0.00898743
0 0.142578 0.580566 0.00839844 0.0107422 0.00891876
0 0.472266 0.127563 0.0226563 0.017334 0.00888062
0 0.651953 0.278076 0.0328125 0.0322266 0.0088501
0 0.761328 0.0715332 0.0132813 0.0144043 0.00881195
0 0.754687 0.0720215 0.009375 0.0115967 0.00874329
0 0.898438 0.0241089 0.0234375 0.0482178 0.00874329
0 0.46875 0.0542603 0.0984375 0.108521 0.00871277
0 0.361914 0.991211 0.021875 0.0175781 0.00861359
0 0.846094 0.0444946 0.0171875 0.0111084 0.00857544
0 0.819531 0.397949 0.0140625 0.0112305 0.00857544
0 0.782812 0.0498657 0.0109375 0.0256348 0.00854492
0 0.891406 0.0490723 0.00625 0.0166016 0.00854492
0 0.500781 0.101929 0.0117188 0.015625 0.00854492
0 0.860156 0.053894 0.0453125 0.0233154 0.0085144
0 0.539062 0.0957947 0.0242187 0.0256958 0.0085144
0 0.547656 0.500488 0.0109375 0.00976562 0.00844574
0 0.792969 0.0358887 0.028125 0.0527344 0.00844574
0 0.225781 0.571777 0.0230469 0.0263672 0.00844574
0 0.670703 0.0767212 0.0195312 0.0107422 0.00837708
0 0.0518555 0.600098 0.0150391 0.0205078 0.00834656
0 0.779688 0.277344 0.0171875 0.0161133 0.00831604
0 0.635547 0.0795288 0.028125 0.0211182 0.00831604
0 0.442578 0.543457 0.009375 0.0078125 0.00828552
0 0.726172 0.0695801 0.021875 0.0258789 0.00821686
0 0.541016 0.0412292 0.0414063 0.0824585 0.00818634
0 0.580859 0.0787964 0.00859375 0.0129395 0.00812531
0 0.608203 0.0235291 0.021875 0.0436401 0.00812531
0 0.403906 0.105225 0.0171875 0.0244141 0.00809479
0 0.527344 0.522949 0.0101562 0.00976562 0.0078125
0 0.496875 0.0977478 0.0265625 0.022522 0.00769424
0 0.626172 0.271484 0.0210938 0.0336914 0.00769424
0 0.815625 0.271973 0.015625 0.0170898 0.00760651
0 0.560547 0.755371 0.0140625 0.00878906 0.00760651
0 0.874219 0.75293 0.0296875 0.0273438 0.00760651
0 0.375781 0.0916138 0.01875 0.0321045 0.00757599
0 0.764844 0.961426 0.0117188 0.0146484 0.00754929
0 0.878906 0.0543213 0.0296875 0.0268555 0.00751877
0 0.745898 0.973389 0.0582031 0.0532227 0.00751877
0 0.305469 0.557617 0.00703125 0.00976562 0.00734711
0 0.155273 0.795898 0.0134766 0.0214844 0.00734711
0 0.438281 0.996582 0.00859375 0.00683594 0.00723267
0 0.691797 0.0205078 0.0210938 0.0368652 0.00723267
0 0.660547 0.269775 0.0203125 0.0292969 0.00717545
0 0.650391 0.0748901 0.0257812 0.0133057 0.00703812
0 0.180664 0.650391 0.0078125 0.0126953 0.00701141
0 0.551562 0.0231018 0.025 0.0462036 0.0069046
0 0.0503906 0.600098 0.012207 0.015625 0.0068779
0 0.934375 0.46521 0.0296875 0.036377 0.00679779
0 0.885156 0.0265808 0.0328125 0.0531616 0.00677109
0 0.705078 0.865234 0.0101562 0.0117188 0.00669098
0 0.608203 0.0671387 0.0164062 0.0308838 0.00669098
0 0.760547 0.0592041 0.0125 0.0192871 0.00664139
0 0.875781 0.504883 0.0125 0.00976562 0.00664139
0 0.555078 0.0870972 0.0164062 0.0257568 0.00664139
0 0.882812 0.0362549 0.028125 0.053833 0.00661469
0 0.379687 0.0952148 0.0210938 0.0239258 0.00658798
0 0.515625 0.0958557 0.0171875 0.0255737 0.00658798
0 0.509375 0.0965576 0.0078125 0.0166016 0.00656509
0 0.219141 0.574219 0.0136719 0.0175781 0.00656509
0 0.636328 0.277832 0.0414063 0.0371094 0.00653839
0 0.396094 0.89502 0.0140625 0.0126953 0.00643921
0 0.907031 0.0588379 0.021875 0.0220947 0.00643921
0 0.324805 0.552734 0.0253906 0.03125 0.00643921
0 0.869531 0.0618286 0.0421875 0.0301514 0.00638962
0 0.561719 0.0828247 0.0078125 0.0169678 0.00636292
0 0.909375 0.0578003 0.0109375 0.00793457 0.00634003
0 0.399609 0.0988464 0.0117188 0.0147095 0.00634003
0 0.888281 0.0153809 0.015625 0.0307617 0.00631332
0 0.776563 0.0632324 0.0078125 0.0177002 0.00626373
0 0.945312 0.471313 0.0515625 0.0524902 0.00619125
0 0.475781 0.0996399 0.0078125 0.0131226 0.00616837
0 0.810156 0.0586548 0.009375 0.0159912 0.00614548
0 0.860937 0.873047 0.015625 0.0136719 0.00612259
0 0.849219 0.349365 0.015625 0.0185547 0.00609589
0 0.00412598 0.587402 0.00825195 0.144531 0.00609589
0 0.839844 0.0444946 0.0171875 0.0119629 0.00602722
0 0.796875 0.986328 0.009375 0.0078125 0.00602722
0 0.691406 0.0730591 0.015625 0.0118408 0.00600433
0 0.558984 0.0897827 0.0109375 0.0169678 0.00595856
0 0.564062 0.0834351 0.0125 0.0195312 0.00588989
0 0.644922 0.260254 0.0375 0.0214844 0.005867
0 0.0235352 0.410156 0.0125977 0.0112305 0.005867
0 0.582422 0.083252 0.0195312 0.0251465 0.005867
0 0.93125 0.461182 0.021875 0.0219727 0.00582123
