0 0.0378296 0.131592 0.0678955 0.0473633 0.936523
0 0.648438 0.193909 0.0828125 0.0633545 0.905762
0 0.5 0.718262 0.0734375 0.108398 0.905762
0 0.502734 0.654785 0.0492188 0.0712891 0.887695
0 0.9625 0.709473 0.071875 0.115234 0.634277
0 0.825 0.0102844 0.0265625 0.0205688 0.533203
0 0.654297 0.262939 0.0898438 0.0683594 0.495117
0 0.977344 0.700684 0.04375 0.0957031 0.479492
0 0.0482056 0.132935 0.0494873 0.0424805 0.246582
0 0.660937 0.82959 0.00859375 0.0107422 0.164551
0 0.478906 0.649414 0.0125 0.0244141 0.124207
0 0.826563 0.00735474 0.01875 0.0147095 0.115173
0 0.0266602 0.130005 0.0484375 0.0427246 0.107056
0 0.00998535 0.466187 0.0199707 0.0187988 0.100525
0 0.820312 0.010376 0.0203125 0.0195312 0.0878906
0 0.983594 0.698242 0.0296875 0.0849609 0.0753174
0 0.0137695 0.461182 0.0265625 0.0288086 0.0731812
0 0.610937 0.388184 0.0195312 0.0170898 0.0678101
0 0.336328 0.413574 0.0125 0.0136719 0.0632324
0 0.598828 0.685059 0.0125 0.0146484 0.0614319
0 0.0334839 0.460205 0.0373291 0.0336914 0.0558167
0 0.501172 0.703613 0.0570313 0.0693359 0.0531921
0 0.183789 0.47168 0.0269531 0.0205078 0.0518494
0 0.675391 0.258789 0.0398437 0.0639648 0.0507202
0 0.123535 0.362305 0.0078125 0.0107422 0.0497742
0 0.778125 0.924805 0.01875 0.0166016 0.0488586
0 0.727734 0.94043 0.009375 0.0117188 0.0477905
0 0.514063 0.73291 0.0453125 0.0927734 0.0462036
0 0.761328 0.849609 0.0179687 0.0175781 0.0456848
0 0.658984 0.268799 0.0625 0.0541992 0.0409851
0 0.821094 0.920898 0.0125 0.0195312 0.0403748
0 0.822656 0.0138855 0.025 0.0200195 0.0390625
0 0.710156 0.752441 0.0109375 0.0136719 0.0387573
0 0.0408203 0.459229 0.0230469 0.0307617 0.0374756
0 0.754687 0.526855 0.009375 0.00878906 0.0367737
0 0.317773 0.588867 0.00859375 0.0078125 0.0366211
0 0.790625 0.860352 0.0109375 0.0117188 0.0339661
0 0.498828 0.643066 0.0460938 0.0537109 0.0337219
0 0.194336 0.543457 0.0273438 0.0273438 0.0335388
0 0.760156 0.851074 0.0234375 0.0263672 0.0332031
0 0.337891 0.415283 0.015625 0.0180664 0.0330811
0 0.048291 0.956299 0.0146484 0.0327148 0.0309601
0 0.511328 0.65918 0.0398437 0.0625 0.0309143
0 0.661719 0.188721 0.0546875 0.0495605 0.0289307
0 0.0501465 0.126465 0.0374023 0.0371094 0.0288086
0 0.789844 0.95459 0.009375 0.00976562 0.0283356
0 0.0503906 0.596191 0.00703125 0.0107422 0.026062
0 0.0539063 0.138794 0.0341797 0.03125 0.026001
0 0.784375 0.862793 0.0125 0.0136719 0.0256653
0 0.482031 0.647461 0.0179687 0.0351562 0.0254669
0 0.903125 0.46875 0.0140625 0.0117188 0.0245209
0 0.613672 0.736328 0.0117188 0.0117188 0.0245209
0 0.00759277 0.464966 0.0151855 0.0163574 0.0239563
0 0.789844 0.860352 0.01875 0.0214844 0.0235596
0 0.686719 0.774902 0.01875 0.0185547 0.0234222
0 0.489844 0.711426 0.0515625 0.102539 0.0225067
0 0.814844 0.996582 0.009375 0.00683594 0.0223694
0 0.180908 0.471802 0.0213867 0.0153809 0.0222931
0 0.817187 0.0115356 0.0203125 0.0230713 0.0218201
0 0.608594 0.387451 0.025 0.0229492 0.0209198
0 0.691406 0.77832 0.0210938 0.0195312 0.0207214
0 0.660547 0.830566 0.015625 0.0195312 0.0206451
0 0.0595703 0.133423 0.0207031 0.0327148 0.0204163
0 0.672266 0.724609 0.0132813 0.0136719 0.02034
0 0.221094 0.57373 0.0078125 0.00976562 0.0199432
0 0.0316895 0.595703 0.0171875 0.0146484 0.0195007
0 0.666406 0.752441 0.01875 0.0146484 0.0193481
0 0.721484 0.968506 0.0140625 0.012207 0.0191956
0 0.204102 0.606934 0.00820312 0.0126953 0.0191193
0 0.9875 0.974609 0.0234375 0.0410156 0.018692
0 0.00456543 0.0598145 0.00913086 0.119629 0.0183411
0 0.480859 0.686523 0.025 0.0322266 0.0178528
0 0.404297 0.825195 0.0078125 0.0175781 0.0174408
0 0.691406 0.776855 0.0273438 0.0283203 0.0174408
0 0.0463867 0.950684 0.00888672 0.0195312 0.0168457
0 0.637891 0.260498 0.0734375 0.0664062 0.0159607
0 0.833594 0.0113831 0.025 0.0227661 0.0158386
0 0.657031 0.278564 0.0539063 0.0551758 0.0158386
0 0.964844 0.703125 0.059375 0.0898438 0.0157776
0 0.951563 0.721191 0.0484375 0.0957031 0.0155411
0 0.184521 0.611328 0.0192383 0.015625 0.0153046
0 0.485156 0.697754 0.0382813 0.0693359 0.0150757
0 0.672656 0.194397 0.0304688 0.0516357 0.0149002
0 0.0445801 0.586426 0.0227539 0.0292969 0.0149002
0 0.0586426 0.641113 0.00830078 0.0126953 0.0148392
0 0.722656 0.994141 0.0203125 0.0117188 0.0147324
0 0.521484 0.728516 0.0351562 0.0800781 0.014389
0 0.32207 0.265869 0.0144531 0.0117188 0.0140076
0 0.785937 0.862305 0.0203125 0.0224609 0.0139542
0 0.686719 0.257812 0.01875 0.0576172 0.0137405
0 0.311133 0.37793 0.0183594 0.012207 0.0136337
0 0.192969 0.548828 0.0359375 0.0410156 0.0134277
0 0.218359 0.460449 0.0238281 0.0322266 0.0132751
0 0.335547 0.455566 0.00820312 0.00878906 0.0127716
0 0.607031 0.821777 0.0101562 0.0146484 0.0127258
0 0.354883 0.457764 0.00664063 0.0078125 0.0125732
0 0.659766 0.804199 0.0117188 0.0146484 0.0125732
0 0.759766 0.979492 0.0179687 0.0195312 0.0123825
0 0.664844 0.202637 0.0476562 0.0498047 0.0120544
0 0.598047 0.68457 0.0171875 0.0205078 0.0120544
0 0.719922 0.498047 0.00703125 0.00683594 0.0120087
0 0.566406 0.743164 0.0101562 0.00976562 0.0120087
0 0.339063 0.415283 0.0167969 0.0253906 0.0119629
0 0.0279297 0.599609 0.0259766 0.0283203 0.0119629
0 0.829687 0.00541687 0.015625 0.0108337 0.011734
0 0.195898 0.540039 0.0195312 0.0166016 0.011734
0 0.0501465 0.597656 0.0101562 0.0117188 0.011734
0 0.683203 0.398193 0.0140625 0.0112305 0.0116882
0 0.608203 0.818848 0.0148437 0.0224609 0.0116882
0 0.187305 0.614258 0.0234375 0.0244141 0.0115051
0 0.719922 0.97583 0.0226563 0.0268555 0.0115051
0 0.978125 0.688477 0.034375 0.0654297 0.0113297
0 0.087207 0.639648 0.00859375 0.0136719 0.0112457
0 0.611328 0.735352 0.0117188 0.0146484 0.011116
0 0.95625 0.73291 0.059375 0.078125 0.0110703
0 0.317578 0.587891 0.0164062 0.0205078 0.0107803
0 0.249219 0.533691 0.0113281 0.00878906 0.0106506
0 0.475781 0.686035 0.0179687 0.0253906 0.0106125
0 0.523828 0.737305 0.0242187 0.0693359 0.0103683
0 0.878906 0.481934 0.0171875 0.0126953 0.0101318
0 0.779688 0.925781 0.021875 0.0244141 0.0100937
0 0.126563 0.365967 0.0167969 0.0209961 0.0100098
0 0.0430664 0.456055 0.0167969 0.0249023 0.00993347
0 0.722656 0.871094 0.0117188 0.00976562 0.00981903
0 0.266016 0.296875 0.0136719 0.00976562 0.00967407
0 0.605859 0.818359 0.00859375 0.0117188 0.00963593
0 0.800781 0.91748 0.0171875 0.0146484 0.00963593
0 0.891406 0.603027 0.0125 0.0126953 0.00959778
0 0.334766 1 0.0835937 0 0.00955963
0 0.359961 1 0.0871094 0 0.00955963
0 0.947656 0.738281 0.034375 0.0595703 0.00933838
0 0.828125 0.928711 0.025 0.0341797 0.00912476
0 0.971094 0.690918 0.0578125 0.0849609 0.00905609
0 0.122949 0.36377 0.0152344 0.0200195 0.00898743
0 0.0499512 0.95752 0.00732422 0.015625 0.0088501
0 0.299219 0.337891 0.00976562 0.0078125 0.00878143
0 0.496875 1 0.0929687 0 0.00871277
0 0.0618652 0.140869 0.0182617 0.0263672 0.0086441
0 0 0.0417175 0 0.0834351 0.00857544
0 0.755469 0.527344 0.0164062 0.0214844 0.00857544
0 0.271875 1 0.084375 0 0.00854492
0 0.145508 0.370605 0.00644531 0.00927734 0.00844574
0 0.777148 0.333252 0.00976562 0.0136719 0.00828552
0 0.378027 0.495117 0.00957031 0.0117188 0.008255
0 0.495313 0.47644 0.0257812 0.0246582 0.008255
0 0.616016 0.736816 0.0195312 0.0214844 0.00821686
0 0.186914 0.470581 0.0203125 0.0168457 0.00818634
0 0.0060791 0.274414 0.0121582 0.135254 0.00818634
0 0.384375 1 0.0851562 0 0.00818634
0 0.613672 0.389648 0.0164062 0.0141602 0.00815582
0 0.0472656 0.957031 0.0114258 0.0234375 0.00815582
0 0.601562 0.685059 0.0195312 0.0234375 0.00815582
0 0.78125 0.862793 0.009375 0.0126953 0.00812531
0 0.0245361 0.124878 0.0402832 0.0332031 0.00812531
0 0.00557861 0.944336 0.0111572 0.111328 0.00812531
0 0.520312 0.481934 0.0125 0.00878906 0.00809479
0 0.160742 0.884277 0.00761719 0.0126953 0.00806427
0 0.792969 0.616211 0.03125 0.0341797 0.00806427
0 0.662109 0.82666 0.0164062 0.0234375 0.00806427
0 0.577734 0.997559 0.139844 0.00488281 0.00800323
0 0.614844 0.99707 0.145313 0.00585938 0.00800323
0 0.0285156 0.594727 0.0234375 0.0253906 0.00800323
0 0.658594 0.804199 0.0210938 0.0283203 0.00793457
0 0.757422 0.862793 0.0226563 0.0283203 0.00793457
0 0.821875 0.923828 0.0171875 0.0273438 0.00793457
0 0.0339844 0.138428 0.0572266 0.0446777 0.00787354
0 0.723437 0.990723 0.0289063 0.0185547 0.00787354
0 0.947656 0.597168 0.0203125 0.0214844 0.0078125
0 0.719531 0.967285 0.0226563 0.0263672 0.0078125
0 0.0577148 0.141357 0.0242187 0.0239258 0.0077858
0 0.29668 0.36499 0.0109375 0.00976562 0.0077858
0 0.0477539 0.963379 0.0104492 0.0205078 0.00769424
0 0.944531 0.750977 0.0234375 0.0322266 0.00763702
0 0.303711 0.37207 0.021875 0.0273438 0.00757599
0 0.00722656 0.400269 0.0144531 0.148682 0.00757599
0 0.664062 0.253662 0.0671875 0.059082 0.00754929
0 0.620703 0.252197 0.0304688 0.043457 0.00751877
0 0.529688 0.768066 0.0132813 0.0253906 0.00751877
0 0.616016 0.801758 0.0171875 0.0332031 0.00751877
0 0.0506836 0.586426 0.0196289 0.0302734 0.00746155
0 0.355469 1 0.0992187 0 0.00740433
0 0.503516 0.999023 0.125781 0.00195312 0.00740433
0 0.939062 0.202393 0.009375 0.0124512 0.00737381
0 0.405469 0.830566 0.01875 0.0400391 0.00734711
0 0.830469 0.0115967 0.01875 0.0160522 0.00731659
0 0.0646484 0.557129 0.00976562 0.0195312 0.00731659
0 0.498828 0.641113 0.0351562 0.0449219 0.00728989
0 0.456641 0.583008 0.0101562 0.0117188 0.00725937
0 0.102539 0.587402 0.0152344 0.0166016 0.00725937
0 0.484375 0.64209 0.0210938 0.0380859 0.00714874
0 0.636328 0.189087 0.0726563 0.0568848 0.00712204
0 0.191016 0.999023 0.128906 0.00195312 0.00712204
0 0.17002 0.86377 0.0208984 0.0410156 0.00712204
0 0.492578 1 0.107031 0 0.00706482
0 0.354688 1 0.124219 0 0.00706482
0 0.0317383 0.631836 0.0575195 0.078125 0.00706482
0 0.510938 0.641602 0.0335938 0.0439453 0.00706482
0 0.446875 1 0.0820312 0 0.00706482
0 0.617969 0.247314 0.0203125 0.0268555 0.00703812
0 0.266797 1 0.121094 0 0.00701141
0 0.565234 0.742188 0.0117188 0.0126953 0.00695801
0 0.664062 0.998535 0.139844 0.00292969 0.00695801
0 0.267773 1 0.0953125 0 0.0069046
0 0.380078 1 0.0976562 0 0.00682449
0 0.330078 1 0.121094 0 0.00679779
0 0.24707 1 0.0871094 0 0.00677109
0 0.313672 0.378906 0.015625 0.0107422 0.00674438
0 0.0150391 0.466187 0.0300781 0.0334473 0.00674438
0 0.502734 0.998047 0.090625 0.00390625 0.00671768
0 0.0866211 0.641602 0.0078125 0.0107422 0.00666809
0 0.185937 0.543945 0.0382813 0.03125 0.00666809
0 0.0187988 1 0.0375977 0 0.00666809
0 0.188086 0.468018 0.0160156 0.019043 0.00664139
0 0.308789 0.377441 0.0265625 0.0253906 0.00664139
0 0.128906 0.234131 0.0123047 0.00976562 0.00661469
0 0.279492 0.309082 0.0105469 0.0117188 0.00661469
0 0.184961 0.629883 0.00742187 0.00878906 0.00661469
0 0.297266 0.775879 0.00976562 0.0175781 0.00658798
0 0.478125 0.646973 0.0210938 0.0263672 0.00658798
0 0.441797 1 0.11875 0 0.00658798
0 0.541016 0.999023 0.133594 0.00195312 0.00658798
0 0.31875 1 0.0925781 0 0.00656509
0 0.607813 0.818359 0.0117188 0.0146484 0.00651169
0 0.128955 1 0.124121 0 0.00651169
0 0.379199 1 0.12207 0 0.00651169
0 0.0688477 0.901367 0.0244141 0.0419922 0.0064888
0 0.184814 1 0.0858398 0 0.0064888
0 0.613281 0.387207 0.0203125 0.0239258 0.00641251
0 0.241602 0.999512 0.126563 0.000976562 0.00638962
0 0.266602 0.999512 0.0890625 0.000976562 0.00638962
0 0.166797 0.740723 0.0339844 0.0576172 0.00634003
0 0.521484 0.766113 0.0203125 0.0263672 0.00634003
0 0.123535 0.360352 0.009375 0.0112305 0.00631332
0 0.799219 0.710449 0.0359375 0.0351562 0.00631332
0 0.710938 0.750488 0.0132813 0.015625 0.00629044
0 0.192578 1 0.105859 0 0.00629044
0 0.202539 0.998535 0.0921875 0.00292969 0.00626373
0 0.150879 0.641113 0.00917969 0.0107422 0.00624084
0 0.765625 0.868164 0.009375 0.0117188 0.00624084
0 0.34082 0.463501 0.0222656 0.0222168 0.00624084
0 0.209375 1 0.0886719 0 0.00624084
0 0.6625 0.806641 0.0117188 0.0146484 0.00621796
0 0.792969 0.858398 0.009375 0.0107422 0.00619125
0 0.610547 0.807617 0.0210938 0.0322266 0.00619125
0 0.221484 0.30835 0.0105469 0.00927734 0.00616837
0 0.354492 0.999512 0.0894531 0.000976562 0.00616837
0 0.675781 0.998535 0.0929687 0.00292969 0.00616837
0 0.242578 1 0.101172 0 0.00614548
0 0.0888672 0.639648 0.0117188 0.015625 0.00612259
0 0.252344 0.363281 0.0078125 0.0107422 0.00609589
0 0.430859 1 0.0976562 0 0.00609589
0 0.674219 0.183228 0.0273438 0.0395508 0.00609589
0 0.817187 0.789062 0.0234375 0.0332031 0.00609589
0 0.765625 0.862793 0.021875 0.0263672 0.006073
0 0.29668 1 0.0800781 0 0.00605011
0 0.480469 0.690918 0.0304688 0.0341797 0.00595856
0 0.479297 0.999512 0.127344 0.000976562 0.00595856
0 0.716016 0.754883 0.021875 0.0283203 0.00595856
0 0.441406 1 0.0882813 0 0.00595856
0 0.575781 0.995605 0.100781 0.00878906 0.00595856
0 0.330078 1 0.0890625 0 0.00593567
0 0.616406 1 0.13125 0 0.00591278
0 0.621484 1 0.10625 0 0.00591278
0 0.649219 0.188721 0.0648438 0.0512695 0.00588989
0 0.428125 0.470093 0.0125 0.0109863 0.005867
0 0.617188 0.800293 0.009375 0.0185547 0.005867
0 0.384766 0.59668 0.009375 0.0107422 0.00584412
0 0.826563 0.737305 0.0171875 0.015625 0.00584412
0 0.0437988 0.967041 0.019043 0.0385742 0.00584412
0 0.480469 0.679688 0.0203125 0.0244141 0.00582123
0 0.476562 0.645996 0.0109375 0.0234375 0.00579834
0 0.521484 1 0.09375 0 0.00577545
0 0.379395 1 0.0888672 0 0.00577545
0 0.193164 0.538574 0.0191406 0.015625 0.00575256
0 0.781445 0.92627 0.0152344 0.015625 0.00572968
0 0.816406 0.00982666 0.0296875 0.0196533 0.00572968
0 0.167969 0.549316 0.00839844 0.0117188 0.00570679
0 0.217334 1 0.104395 0 0.00568771
0 0.902344 0.467896 0.0203125 0.0222168 0.00568771
0 0.606641 0.391602 0.0304688 0.0224609 0.00564194
0 0.177734 0.998535 0.0933594 0.00292969 0.00561905
0 0.516797 1 0.110156 0 0.00559998
0 0.404687 1 0.125 0 0.00559998
0 0.292383 1 0.121094 0 0.0055542
0 0.708984 0.881348 0.0210938 0.0273438 0.0055542
0 0.613281 0.995117 0.102344 0.00976562 0.0055542
0 0.177881 0.474121 0.0231445 0.0244141 0.00553513
0 0.153809 1 0.125977 0 0.00547028
0 0.878906 0.480957 0.0234375 0.0244141 0.00547028
0 0.790625 0.958008 0.01875 0.0253906 0.00547028
0 0.527344 0.998535 0.0929687 0.00292969 0.00547028
0 0.551953 0.99707 0.0976562 0.00585938 0.00547028
0 0.678516 1 0.116406 0 0.00544739
0 0.597656 0.381836 0.0140625 0.00878906 0.00538635
0 0.680859 0.400635 0.0234375 0.0263672 0.00538635
0 0.422266 1 0.0835937 0 0.00538635
0 0.241211 0.999023 0.090625 0.00195312 0.00538635
0 0.104883 1 0.125 0 0.00536346
0 0.484766 0.662109 0.0257812 0.0351562 0.00536346
0 0.00827637 0.924805 0.0165527 0.150391 0.00534439
