0 0.692969 0.355957 0.0445312 0.0585938 0.876953
0 0.506641 0.0105743 0.0351562 0.0211487 0.872559
0 0.0958984 0.774414 0.0919922 0.0966797 0.80127
0 0.222461 0.39917 0.0976562 0.0644531 0.794922
0 0.446484 0.078125 0.0359375 0.0310059 0.645996
0 0.276758 0.457764 0.0949219 0.0688477 0.60498
0 0.264258 0.665039 0.1125 0.0791016 0.416748
0 0.111133 0.777344 0.0566406 0.0927734 0.127686
0 0.601172 0.859863 0.141406 0.112305 0.112427
0 0.992578 0.870605 0.0148437 0.0195312 0.110474
0 0.501562 0.00978088 0.0320312 0.0195618 0.0930176
0 0.99375 0.869629 0.0109375 0.0175781 0.0817871
0 0.521484 0.833984 0.025 0.0419922 0.0651245
0 0.630078 0.862305 0.128906 0.106445 0.0600891
0 0.726562 0.583008 0.00859375 0.0107422 0.0566406
0 0.181641 0.382812 0.0183594 0.0292969 0.0566406
0 0.9125 0.73291 0.0109375 0.0166016 0.0549927
0 0.700391 0.345947 0.03125 0.0419922 0.0470886
0 0.439844 0.0759277 0.0242187 0.0263672 0.0465393
0 0.748438 0.648438 0.0125 0.0126953 0.0462036
0 0.510156 0.0131683 0.0304688 0.0263367 0.0435181
0 0.239844 0.406738 0.0601562 0.0507812 0.0432129
0 0.698828 0.351318 0.0382813 0.0537109 0.0430298
0 0.652344 0.86377 0.0859375 0.0966797 0.0403137
0 0.18457 0.386475 0.0238281 0.0253906 0.0390625
0 0.300781 0.45874 0.0375 0.0600586 0.0386047
0 0.909375 0.731934 0.01875 0.0234375 0.0375366
0 0.895312 0.72998 0.0109375 0.0117188 0.035553
0 0.075293 0.771484 0.05 0.0957031 0.0333252
0 0.911719 0.73584 0.0140625 0.0146484 0.0311432
0 0.237891 0.663086 0.128906 0.0869141 0.0301514
0 0.751172 0.646973 0.0125 0.0117188 0.0284424
0 0.526953 0.834961 0.0382813 0.0527344 0.0268555
0 0.991406 0.869141 0.015625 0.0273438 0.0263519
0 0.238281 0.392578 0.0605469 0.0493164 0.026001
0 0.248437 0.400391 0.0386719 0.0537109 0.0253296
0 0.510938 0.00881958 0.0289063 0.0176392 0.0249939
0 0.438281 0.0762939 0.0210938 0.0178223 0.0249939
0 0.750391 0.646973 0.0210938 0.0205078 0.0241852
0 0.225977 0.397705 0.0691406 0.0566406 0.0206451
0 0.723828 0.582031 0.0125 0.0117188 0.0206451
0 0.2875 0.457886 0.0625 0.0588379 0.0197144
0 0.454688 0.0748901 0.0195312 0.0244141 0.0192719
0 0.247852 0.459229 0.0628906 0.0610352 0.0188293
0 0.5875 0.855469 0.135156 0.0859375 0.0175781
0 0.19458 0.387695 0.0456055 0.0380859 0.0170441
0 0.691797 0.365479 0.0382813 0.0566406 0.0167847
0 0.685938 0.343994 0.0265625 0.0361328 0.0158997
0 0.288086 0.664551 0.0492188 0.0722656 0.0158386
0 0.00510254 0.0529175 0.0102051 0.105835 0.0155411
0 0.913281 0.734375 0.0171875 0.0244141 0.0151291
0 0.503125 0.0142365 0.0359375 0.0284729 0.014389
0 0.276953 0.658203 0.0796875 0.0751953 0.0142822
0 0.446875 0.0838928 0.0320312 0.031189 0.0141754
0 0.688281 0.351074 0.0398437 0.0424805 0.0140076
0 0.210791 0.392578 0.084668 0.0576172 0.0139542
0 0.519141 0.839355 0.0242187 0.0341797 0.0126266
0 0.725391 0.58252 0.0171875 0.0214844 0.0120544
0 0.440234 0.0792236 0.0320312 0.0255127 0.0118713
0 0.252539 0.412109 0.03125 0.0385742 0.0115967
0 0.230859 0.450195 0.0214844 0.0258789 0.011467
0 0.182812 0.389404 0.0226563 0.0400391 0.0111618
0 0.727344 0.584473 0.00703125 0.0107422 0.0110321
0 0.560547 0.850586 0.100781 0.0947266 0.0109024
0 0.276953 0.67334 0.0820312 0.0742188 0.0108185
0 0.817969 0.941895 0.0578125 0.0986328 0.0108185
0 0.721484 0.583984 0.01875 0.0205078 0.0104065
0 0.291211 0.469238 0.0613281 0.0556641 0.0103302
0 0.0860596 0.780273 0.0634277 0.0927734 0.0102463
0 0.250195 0.387695 0.0316406 0.0375977 0.00993347
0 0.234766 0.457031 0.0335938 0.0458984 0.00978088
0 0.512891 0.00889587 0.0265625 0.0177917 0.00963593
0 0.826563 0.932617 0.0359375 0.0703125 0.00955963
0 0.708203 0.353516 0.0257812 0.0561523 0.00930023
0 0.664062 0.857422 0.0585938 0.0966797 0.0091629
0 0.445703 0.0664673 0.0328125 0.0323486 0.00912476
0 0.248047 0.995117 0.00898437 0.00976562 0.00905609
0 0.198828 0.393311 0.0585938 0.0639648 0.00891876
0 0.705078 0.349365 0.0242187 0.0439453 0.0088501
0 0.500781 0.00917053 0.0289063 0.0183411 0.0088501
0 0.895312 0.731934 0.0171875 0.0214844 0.00867462
0 0.991016 0.871094 0.0179687 0.0351562 0.00847626
0 0.261719 0.467407 0.0859375 0.064209 0.00834656
0 0.451953 0.0720215 0.0203125 0.019043 0.00831604
0 0.222266 0.65625 0.0886719 0.0585938 0.00831604
0 0.717188 0.581543 0.00703125 0.0078125 0.00812531
0 0.00119629 0.0450134 0.00239258 0.0900269 0.00809479
0 0.311328 0.459717 0.0195312 0.0561523 0.00803375
0 0.516406 0.834961 0.0226563 0.0361328 0.00800323
0 0.122852 0.756348 0.0265625 0.0410156 0.00796509
0 0.988281 0.871094 0.0140625 0.0166016 0.00784302
0 0.112695 0.765625 0.0427734 0.0615234 0.00769424
0 0.192383 0.383301 0.0253906 0.0205078 0.00766754
0 0.306055 0.472656 0.0253906 0.0400391 0.00763702
0 0.235156 0.451904 0.0273438 0.0283203 0.00760651
0 0.4375 0.662598 0.0335938 0.0439453 0.00751877
0 0.208203 0.65332 0.0597656 0.0478516 0.00743103
0 0.125977 0.746582 0.0212891 0.0283203 0.00737381
0 0.288281 0.652344 0.0441406 0.0576172 0.00734711
0 0.732422 0.554688 0.0125 0.0117188 0.00714874
0 0.291797 0.675781 0.0414063 0.0566406 0.00714874
0 0.102734 0.819824 0.00820312 0.0126953 0.00698471
0 0.748828 0.303223 0.0203125 0.0341797 0.00698471
0 0.416797 0.633301 0.0492188 0.0527344 0.00695801
0 0.746094 0.639648 0.0210938 0.0234375 0.0068512
0 0.535547 0.803223 0.00859375 0.0126953 0.00669098
0 0.459375 0.074585 0.0179687 0.0299072 0.00669098
0 0.191797 0.388428 0.0332031 0.0273438 0.00656509
0 0.928906 0.763184 0.00625 0.0126953 0.00653839
0 0.909375 0.733887 0.0265625 0.0205078 0.00653839
0 0.896875 0.735352 0.0140625 0.0136719 0.00651169
0 0.684766 0.878906 0.0195312 0.0527344 0.00651169
0 0.751172 0.63916 0.01875 0.0234375 0.00631332
0 0.43125 0.666992 0.0515625 0.0605469 0.00629044
0 0.121094 0.750488 0.0337891 0.0351562 0.00612259
0 0.696094 0.37207 0.03125 0.0366211 0.006073
0 0.679297 0.865723 0.03125 0.0791016 0.00602722
0 0.0606445 0.799316 0.00644531 0.0166016 0.00595856
0 0.730469 0.555664 0.0101562 0.0107422 0.00591278
0 0.428516 0.678223 0.0570313 0.0869141 0.00591278
0 0.182617 0.375732 0.0121094 0.0151367 0.00588989
0 0.558594 0.842285 0.0875 0.0703125 0.005867
0 0.617188 0.945068 0.0796875 0.0942383 0.00582123
0 0.121777 0.772461 0.0341797 0.0664062 0.00582123
0 0.946094 0.704102 0.0171875 0.0146484 0.00577545
0 0.964063 0.597656 0.0703125 0.113281 0.00572968
0 0.755859 0.643555 0.00703125 0.00976562 0.00568771
0 0.657812 0.902832 0.0148437 0.0195312 0.00561905
0 0.852344 0.998047 0.145313 0.00390625 0.00559998
0 0.946094 0.708008 0.021875 0.0283203 0.00553513
0 0.494922 0.00683594 0.0195312 0.0108643 0.00548935
0 0.991406 0.760254 0.0109375 0.0166016 0.00544739
0 0.720703 0.580078 0.0210938 0.0244141 0.00540543
0 0.835938 0.0474854 0.0328125 0.0949707 0.00538635
0 0.752539 0.998535 0.144922 0.00292969 0.00530243
0 0.293164 0.637207 0.0367187 0.0322266 0.00530243
0 0.655859 0.904297 0.0117188 0.0166016 0.00524139
0 0.750781 0.647949 0.015625 0.0146484 0.00519943
0 0.553516 0.899414 0.00859375 0.0185547 0.00519943
0 0.455078 0.079834 0.0195312 0.0236816 0.00516129
0 0.408203 0.634766 0.0382813 0.0458984 0.00503922
0 0.708203 0.340088 0.0203125 0.0356445 0.00502014
0 0.195508 0.652832 0.0328125 0.0400391 0.0049057
0 0.4625 0.0823059 0.0203125 0.02948 0.00486755
0 0.453125 0.06604 0.0226563 0.027832 0.00475693
0 0.446875 0.0901794 0.04375 0.038147 0.00469971
0 0.953125 1 0.09375 0 0.0046463
0 0.876562 0.999512 0.139062 0.000976562 0.00460815
0 0.852148 0.209961 0.295703 0.419922 0.0045929
0 0.308398 0.436768 0.0257812 0.0244141 0.00443268
0 0.803125 0.989258 0.009375 0.00976562 0.00441742
0 0.14209 0.913574 0.0302734 0.0351562 0.00441742
0 0.8625 0.997559 0.1 0.00488281 0.00441742
0 0.155176 0.0839844 0.0294922 0.0354004 0.00439835
0 0.727734 0.578125 0.01875 0.0253906 0.00431442
0 0.750586 0.99707 0.100391 0.00585938 0.00426483
0 0.836719 0.635742 0.0078125 0.00878906 0.00424957
0 0.991406 0.874023 0.0171875 0.0224609 0.00424957
0 0.684766 0.892578 0.01875 0.0322266 0.0042305
0 0.102661 0.766113 0.0575684 0.0732422 0.00421524
0 0.523438 0.82666 0.0171875 0.0292969 0.00421524
0 0.524609 0.0107727 0.0195312 0.0215454 0.00419998
0 0.0631836 0.769531 0.0267578 0.0839844 0.00419998
0 0.0730469 0.76416 0.04375 0.0703125 0.00416565
0 0.777539 0.999512 0.144922 0.000976562 0.00416565
0 0.527344 0.827148 0.03125 0.0507812 0.00408554
0 0.559766 0.894531 0.0203125 0.0283203 0.00408554
0 0.00592041 0.928711 0.0118408 0.142578 0.00407028
0 0.30625 0.690918 0.0164062 0.0263672 0.00399017
0 0.516016 0.834961 0.034375 0.0332031 0.00397491
0 0.986719 0.869141 0.0265625 0.0283203 0.00395966
0 0.573047 0.00482178 0.100781 0.00964355 0.00392914
0 0.616797 0.847168 0.135937 0.0869141 0.00392914
0 0.323633 0.82373 0.0113281 0.0117188 0.00391388
0 0.301562 0.638672 0.0230469 0.0234375 0.00390053
0 0.712891 0.977539 0.0117188 0.0136719 0.00387001
0 0.522656 0.843262 0.0273438 0.0292969 0.00383949
0 0.307031 0.00546265 0.128906 0.0109253 0.00383949
0 0.269336 0.00592041 0.136328 0.0118408 0.00382423
0 0.225 0.670898 0.0980469 0.078125 0.00382423
0 0.688281 0.882324 0.01875 0.0488281 0.00380898
0 0.990234 0.869141 0.0195312 0.0234375 0.00379562
0 0.131055 0.308105 0.0240234 0.034668 0.00379562
0 0.666797 1 0.136719 0 0.00376511
0 0.45625 0.0708618 0.0140625 0.0157471 0.0037365
0 0.303906 0.679688 0.0210938 0.0449219 0.0037365
0 0.896094 0.727051 0.0125 0.0136719 0.00369263
0 0.967578 0.802246 0.0648438 0.109375 0.00369263
0 0.690625 0.894531 0.01875 0.0322266 0.00367928
0 0.262305 0.415283 0.0164062 0.0307617 0.00366402
0 0.702734 0.556152 0.0109375 0.0126953 0.00365067
0 0.839063 0.996094 0.101562 0.0078125 0.00359344
0 0.841406 1 0.125 0 0.00356483
0 0.569531 0.895508 0.0375 0.0322266 0.00353813
0 0.680859 0.342773 0.0140625 0.019043 0.00351143
0 0.989062 0.845215 0.0109375 0.0166016 0.00351143
0 0.817187 1 0.146875 0 0.00349617
0 0.587891 0.399902 0.220313 0.799805 0.00348282
0 0.311328 0.449707 0.0226563 0.0507812 0.00345612
0 0.314063 0.473999 0.0144531 0.0334473 0.00344276
0 0.00541992 0.539673 0.0108398 0.143311 0.00342941
0 0.538281 0.48584 0.360938 0.97168 0.00342941
0 0.579492 0.19043 0.841016 0.380859 0.00341606
0 0.642578 1 0.133594 0 0.00340271
0 0.132178 0.00508118 0.123926 0.0101624 0.00337601
0 0.534375 0.806641 0.00625 0.0117188 0.00336266
0 0.232422 0.00567627 0.1375 0.0113525 0.00335121
0 0.00693359 0.695801 0.0138672 0.149414 0.00333786
0 0.701563 0.373779 0.0210938 0.0302734 0.00332451
0 0.229492 0.445801 0.0191406 0.0249023 0.00331116
0 0.105664 0.813965 0.0160156 0.0263672 0.00327301
0 0.909375 0.723145 0.0140625 0.0175781 0.00325966
0 0.595312 0.00564575 0.119531 0.0112915 0.00325966
0 0.753906 1 0.121875 0 0.00325966
0 0.210742 0.661621 0.0710938 0.0615234 0.00323486
0 0.00612793 0.834961 0.0122559 0.145508 0.00323486
0 0.673047 0.407227 0.0117188 0.00927734 0.00322342
0 0.623438 0.987305 0.0117188 0.0136719 0.00322342
0 0.5 0.318848 1 0.637695 0.00322342
0 0.752734 0.628906 0.00625 0.0078125 0.00321007
0 0.894531 0.733398 0.025 0.0205078 0.00321007
0 0.691016 0.345947 0.0320312 0.0322266 0.00317192
0 0.128223 0.754883 0.0193359 0.0253906 0.00317192
0 0.107056 0.00486755 0.120654 0.00973511 0.00317192
0 0.684375 0.879395 0.0304688 0.0556641 0.00314713
0 0.169775 0.00527954 0.128418 0.0105591 0.00312424
0 0.796875 0.0388184 0.00625 0.0776367 0.00312424
0 0.344629 0.00540161 0.12168 0.0108032 0.00309944
0 0.320117 0.135864 0.0230469 0.0300293 0.00309944
0 0.247461 0.469604 0.0570313 0.0539551 0.00309944
0 0.676172 0.854492 0.034375 0.0839844 0.00309944
0 0.517578 0.0110168 0.0148437 0.0151367 0.003088
0 0.0658936 0.742676 0.0258301 0.0224609 0.003088
0 0.179883 0.375244 0.0117188 0.0141602 0.0030632
0 0.225781 0.450684 0.0140625 0.0209961 0.00305176
0 0.288672 0.445801 0.0472656 0.043457 0.00304031
0 0.301953 0.633789 0.01875 0.015625 0.00304031
0 0.0701416 0.749023 0.0339355 0.0449219 0.00304031
0 0.00598145 0.946045 0.0119629 0.10791 0.00304031
0 0.147949 0.0738525 0.0238281 0.027832 0.00302696
0 0.369727 0.00466919 0.113672 0.00933838 0.00301552
0 0.11875 0.242188 0.0275391 0.0336914 0.00300407
0 0.775586 0.998047 0.0988281 0.00390625 0.00300407
0 0.961328 1 0.0773437 0 0.00300407
0 0.0679687 1 0.130859 0 0.00296974
0 0.738281 0.308105 0.523438 0.616211 0.00296974
0 0.615234 0.205933 0.00625 0.00952148 0.0029583
0 0.246094 0.135376 0.0257812 0.0283203 0.0029583
0 0.330859 0.134766 0.0253906 0.0314941 0.0029583
0 0.512891 0.0159607 0.0273438 0.0214233 0.00293541
0 0.399219 0.637695 0.0125 0.0166016 0.00293541
0 0.442578 0.00552368 0.0890625 0.0110474 0.00293541
0 0.585547 0.873535 0.107031 0.0878906 0.00293541
0 0.486816 0.5 0.599805 1 0.00292397
0 0.00571289 0.0601807 0.0114258 0.120361 0.00291252
0 0.00507812 0.711426 0.0101562 0.123047 0.00291252
0 0.530469 0.84375 0.05 0.0595703 0.00291252
0 0.0192871 1 0.0385742 0 0.00288963
0 0.832812 0.919434 0.0171875 0.0263672 0.00286674
0 0.705859 0.331299 0.0226563 0.0239258 0.00286674
0 0.858594 1 0.101562 0 0.00286674
0 0.965625 0.946289 0.0125 0.0126953 0.0028553
0 0.942969 0.702148 0.0109375 0.0117188 0.00283432
0 0.228516 0.814941 0.0132813 0.0185547 0.00283432
0 0.146582 0.199219 0.0277344 0.0283203 0.00283432
0 0.308203 0.484375 0.00859375 0.0117188 0.00282288
0 0.255664 0.133789 0.0285156 0.0302734 0.00281143
0 0.936719 0.753906 0.0109375 0.0195312 0.00279999
0 0.529688 1 0.132812 0 0.00279999
0 0.940234 1 0.119531 0 0.00279999
0 0.3125 0.435791 0.01875 0.0244141 0.00279045
0 0.144629 0.164917 0.0265625 0.032959 0.00279045
0 0.888281 0.188965 0.139062 0.37793 0.00279045
0 0.996484 0.930664 0.00703125 0.136719 0.00276756
0 0.0181396 1 0.0362793 0 0.00275803
0 0.682031 0.00585938 0.146094 0.0117188 0.00274658
0 0.148242 0.085083 0.0240234 0.0319824 0.00274658
0 0.717578 1 0.146094 0 0.00273705
0 0.254102 0.375 0.0269531 0.0253906 0.00273705
0 0.0060791 0.398193 0.0121582 0.143066 0.00273705
0 0.451953 0.0852356 0.0226563 0.0245972 0.0027256
0 0.472266 0.741211 0.015625 0.0136719 0.0027256
0 0.703906 0.375977 0.0164062 0.0214844 0.00271416
0 0.903906 1 0.132812 0 0.00271416
0 0.155371 0.0748901 0.0279297 0.0318604 0.00271416
0 0.48125 1 0.122656 0 0.00270462
0 0.130566 0.315918 0.0238281 0.0332031 0.00270462
0 0.427734 0.632812 0.0640625 0.0605469 0.00270462
0 0.155664 0.164673 0.0275391 0.0354004 0.00269318
0 0.00806885 0.0750732 0.0161377 0.150146 0.00268364
0 0.632422 0.00588989 0.129688 0.0117798 0.0026722
0 0.179736 1 0.128027 0 0.0026722
0 0.181836 0.211487 0.0253906 0.0330811 0.0026722
0 0.845312 0.0856323 0.0796875 0.171265 0.00266266
0 0.439844 0.655273 0.0257812 0.0234375 0.00265312
0 0.155371 0.198242 0.0273438 0.0273438 0.00265312
0 0.0438232 0.940186 0.0779785 0.11377 0.00264168
0 0.433203 0.941406 0.0828125 0.0996094 0.00264168
0 0.207813 0.149658 0.028125 0.0310059 0.00264168
0 0.554688 1 0.135156 0 0.0026207
