0 0.339258 0.929199 0.0746094 0.0947266 0.941895
0 0.732422 0.535645 0.0414063 0.0410156 0.935059
0 0.20625 0.45105 0.04375 0.0393066 0.876953
0 0.49375 0.725098 0.0257812 0.0576172 0.874512
0 0.034668 0.418457 0.0411133 0.0332031 0.866699
0 0.249219 0.550781 0.0410156 0.0400391 0.852539
0 0.219727 0.157715 0.0191406 0.0161133 0.675781
0 0.583594 0.151245 0.0296875 0.0214844 0.344238
0 0.464844 0.0391846 0.0390625 0.0324707 0.266602
0 0.284766 0.975586 0.0386719 0.0429688 0.169434
0 0.0601562 0.239258 0.00654297 0.0195312 0.12854
0 0.220898 0.158447 0.0195312 0.0239258 0.125488
0 0.965625 0.072876 0.015625 0.0220947 0.0960083
0 0.778125 0.122803 0.0171875 0.0119629 0.0943604
0 0.704297 0.137085 0.015625 0.0144043 0.0900879
0 0.207617 0.443848 0.0402344 0.0317383 0.0859985
0 0.440234 0.181763 0.0125 0.0180664 0.0766602
0 0.0599121 0.24292 0.00644531 0.0175781 0.0766602
0 0.136816 0.810547 0.00996094 0.0126953 0.072876
0 0.440234 0.181519 0.0140625 0.0251465 0.0723877
0 0.253516 0.556152 0.03125 0.0371094 0.0700684
0 0.0611328 0.240967 0.0120117 0.0263672 0.0668335
0 0.737891 0.540527 0.034375 0.0419922 0.0651245
0 0.453125 0.0971375 0.0265625 0.0491333 0.0632324
0 0.0076416 0.247314 0.00610352 0.0180664 0.0609741
0 0.585156 0.149536 0.0242187 0.0148926 0.0596619
0 0.439063 0.179565 0.0109375 0.0148926 0.0594177
0 0.727734 0.531738 0.0351562 0.0361328 0.0589905
0 0.739844 0.541992 0.028125 0.03125 0.0560303
0 0.108887 0.231201 0.00546875 0.0170898 0.0558167
0 0.441797 0.0964355 0.0539063 0.0656738 0.0505066
0 0.211719 0.454834 0.0355469 0.0356445 0.0446777
0 0.707031 0.13855 0.015625 0.0168457 0.0420837
0 0.578125 0.152832 0.0234375 0.0205078 0.0417786
0 0.705078 0.136475 0.021875 0.0236816 0.0411377
0 0.571484 0.0119629 0.0164062 0.0167847 0.0409851
0 0.223047 0.158936 0.0214844 0.0175781 0.0401001
0 0.0345093 0.412354 0.0366455 0.0302734 0.0366211
0 0.0189453 0.0943604 0.0375 0.064209 0.0360718
0 0.580469 0.151855 0.0273438 0.0148926 0.0351562
0 0.154297 0.22876 0.00585938 0.0141602 0.0350037
0 0.10918 0.23291 0.0121094 0.0253906 0.0342407
0 0.490625 0.71875 0.0242187 0.0546875 0.0339661
0 0.587891 0.150146 0.0195312 0.0119629 0.033844
0 0.243945 0.546875 0.0359375 0.0322266 0.03125
0 0.619531 0.147217 0.0273438 0.0288086 0.0297089
0 0.69375 0.137329 0.0171875 0.0217285 0.0270081
0 0.240234 0.552734 0.0261719 0.0380859 0.0266571
0 0.432813 0.0948486 0.0804688 0.0776367 0.0259094
0 0.963281 0.072876 0.0203125 0.0273438 0.0253754
0 0.966406 0.0707397 0.0203125 0.0291748 0.0245667
0 0.109766 0.235352 0.00585938 0.0195312 0.0241394
0 0.498437 0.733398 0.01875 0.046875 0.0240936
0 0.436328 0.179443 0.009375 0.0148926 0.0240479
0 0.567578 0.0186157 0.0210938 0.036377 0.023468
0 0.216406 0.161499 0.025 0.0239258 0.0231476
0 0.00476074 0.948242 0.00952148 0.103516 0.0227661
0 0.0127686 0.251709 0.0192871 0.0292969 0.0226746
0 0.0430664 0.424561 0.0260742 0.0288086 0.0223694
0 0.229492 0.087616 0.0359375 0.0806274 0.0223694
0 0.745313 0.539062 0.021875 0.0371094 0.0212402
0 0.772852 0.124146 0.0277344 0.0219727 0.0205231
0 0.498828 0.718262 0.0242187 0.0517578 0.0198669
0 0.494531 0.713379 0.0257812 0.0458984 0.0189819
0 0.113184 0.235352 0.0154297 0.027832 0.018692
0 0.466406 0.0456543 0.0390625 0.0377197 0.0186462
0 0.575 0.987305 0.021875 0.015625 0.0180511
0 0.200391 0.222351 0.0046875 0.0123291 0.0176392
0 0.557422 0.0133057 0.0078125 0.0105591 0.0168457
0 0.725 0.539551 0.0289063 0.0351562 0.0166626
0 0.566406 0.737305 0.00625 0.00683594 0.0166626
0 0.232031 0.84668 0.0101562 0.0166016 0.0162811
0 0.690234 0.134766 0.00859375 0.012207 0.0162201
0 0.0580078 0.23877 0.0143555 0.0253906 0.0161591
0 0.302539 0.145874 0.0125 0.0112305 0.0158386
0 0.589844 0.160156 0.0328125 0.0229492 0.0157776
0 0.703125 0.134644 0.0148437 0.013916 0.0157166
0 0.569922 0.0124817 0.01875 0.0249634 0.0156708
0 0.775781 0.654297 0.0109375 0.00878906 0.0155411
0 0.445703 0.190186 0.0101562 0.0148926 0.0145569
0 0.138184 0.817871 0.0189453 0.0292969 0.0143356
0 0.41875 0.194092 0.0148437 0.0253906 0.0142288
0 0.0266113 0.417236 0.0296875 0.0297852 0.0141754
0 0.627344 0.146851 0.0210938 0.0275879 0.0141144
0 0.281641 0.214355 0.0046875 0.0117188 0.0139542
0 0.781445 0.122192 0.0152344 0.0100098 0.0136871
0 0.579687 0.148438 0.0257812 0.0151367 0.0136337
0 0.421875 0.205933 0.0125 0.0134277 0.013588
0 0.0478516 0.42334 0.0188477 0.0273438 0.0135345
0 0.557813 0.0220337 0.0132813 0.0328369 0.0134277
0 0.155762 0.22998 0.00664063 0.015625 0.0131683
0 0.444922 0.183716 0.0101562 0.0178223 0.0129242
0 0.7 0.135864 0.015625 0.0151367 0.012825
0 0.0422852 0.362305 0.0267578 0.0297852 0.012825
0 0.42002 0.0864868 0.0912109 0.09021 0.0127258
0 0.459375 0.100342 0.0195312 0.0461426 0.0127258
0 0.553516 0.167725 0.0210938 0.0109863 0.0126266
0 0.960156 0.0806274 0.0109375 0.0106201 0.012291
0 0.582031 0.145386 0.0273438 0.0268555 0.0122375
0 0.737109 0.546387 0.0203125 0.0244141 0.0118713
0 0.736328 0.532227 0.0320312 0.0341797 0.0118256
0 0.429297 0.194092 0.0179687 0.0268555 0.0117798
0 0.223438 0.156006 0.0160156 0.0148926 0.0116425
0 0.439063 0.181885 0.021875 0.0244141 0.0116425
0 0.200586 0.222839 0.0121094 0.0235596 0.0115051
0 0.211719 0.440674 0.0285156 0.0292969 0.0115051
0 0.0594238 0.235596 0.00625 0.0136719 0.0113754
0 0.774219 0.655273 0.009375 0.00976562 0.0112915
0 0.351172 0.936523 0.0578125 0.0859375 0.0112457
0 0.688281 0.135864 0.015625 0.0217285 0.0111618
0 0.326367 0.921387 0.0617188 0.0761719 0.0110703
0 0.775 0.122925 0.015625 0.0100098 0.0109863
0 0.136133 0.812988 0.0123047 0.0195312 0.0109482
0 0.104102 0.654297 0.0142578 0.00976562 0.0107346
0 0.00859375 0.249023 0.0118652 0.03125 0.0106506
0 0.15498 0.227478 0.0126953 0.0250244 0.0105667
0 0.725 0.988281 0.01875 0.015625 0.0104065
0 0.489062 0.727539 0.021875 0.0458984 0.0102921
0 0.533594 0.0128479 0.0101562 0.00964355 0.0102081
0 0.777539 0.123779 0.0230469 0.0197754 0.0100937
0 0.493359 0.70752 0.0210938 0.0302734 0.00981903
0 0.590625 0.166626 0.0242187 0.0136719 0.00974274
0 0.966406 0.364746 0.0671875 0.126953 0.00974274
0 0.216016 0.154053 0.0273438 0.0263672 0.00971222
0 0.0462891 0.418457 0.0233398 0.0322266 0.00959778
0 0.0108154 0.247803 0.0166504 0.0273438 0.00937653
0 0.218359 0.455566 0.0222656 0.0244141 0.00933838
0 0.422656 0.202515 0.0171875 0.0239258 0.00930023
0 0.77832 0.125244 0.0199219 0.0126953 0.00912476
0 0.203711 0.459229 0.0429688 0.0405273 0.00908661
0 0.610547 0.150757 0.0234375 0.0224609 0.00905609
0 0.441797 0.188232 0.0117188 0.019043 0.00898743
0 0.586328 0.165405 0.0257812 0.0144043 0.00894928
0 0.0601562 0.241943 0.0194336 0.0268555 0.0088501
0 0.442187 0.184692 0.0234375 0.0273438 0.00878143
0 0.0393555 0.409668 0.030957 0.0322266 0.00867462
0 0.710938 0.136841 0.0273438 0.0251465 0.0086441
0 0.00505371 0.320801 0.0101074 0.143066 0.00847626
0 0.580469 0.159668 0.0234375 0.0185547 0.00834656
0 0.28418 0.980957 0.0460938 0.0380859 0.00831604
0 0.00594482 0.928223 0.0118896 0.143555 0.00828552
0 0.542969 0.0543823 0.0320312 0.0360107 0.00818634
0 0.490234 0.873535 0.0078125 0.0107422 0.00812531
0 0.532422 0.0401001 0.05625 0.0654297 0.0078125
0 0.0625488 0.238281 0.00830078 0.0175781 0.00766754
0 0.00661621 0.0539551 0.0132324 0.10791 0.00757599
0 0.34248 0.910645 0.0689453 0.0654297 0.00757599
0 0.35166 0.905762 0.0474609 0.046875 0.00748825
0 0.222656 0.971436 0.0242187 0.0532227 0.00746155
0 0.594922 0.166382 0.0203125 0.0129395 0.00737381
0 0.548437 0.16748 0.0226563 0.0117188 0.00728989
0 0.667969 0.146851 0.0328125 0.0227051 0.00717545
0 0.574219 0.152832 0.0109375 0.010498 0.00714874
0 0.574609 0.157959 0.01875 0.0229492 0.00706482
0 0.450391 0.182373 0.0265625 0.0290527 0.00703812
0 0.108594 0.227051 0.00605469 0.0131836 0.00698471
0 0.488672 0.732422 0.0421875 0.0595703 0.00695801
0 0.198242 0.224609 0.015625 0.0234375 0.00695801
0 0.0808594 0.334229 0.0246094 0.0249023 0.0069046
0 0.200781 0.445312 0.0375 0.0302734 0.0068512
0 0.258008 0.552734 0.0320312 0.0332031 0.0068512
0 0.258594 0.546387 0.0265625 0.0371094 0.0068512
0 0.441797 0.173462 0.0210938 0.0268555 0.00674438
0 0.147656 0.228333 0.0226563 0.0281982 0.00674438
0 0.395996 0.0855713 0.0783203 0.0966797 0.00669098
0 0.154297 0.224915 0.00722656 0.0169678 0.00664139
0 0.228516 0.970459 0.0328125 0.059082 0.00664139
0 0.261523 0.549805 0.0214844 0.0253906 0.00658798
0 0.567578 0.00817871 0.0109375 0.0124512 0.0064888
0 0.585156 0.160767 0.0289063 0.0187988 0.0064888
0 0.696094 0.140503 0.0257812 0.0268555 0.00619125
0 0.0591797 0.24585 0.0140625 0.0292969 0.00619125
0 0.769531 0.128052 0.034375 0.0234375 0.00614548
0 0.0424805 0.914062 0.0463867 0.0615234 0.00614548
0 0.238477 0.544922 0.0253906 0.0263672 0.00612259
0 0.910937 0.709473 0.0078125 0.00878906 0.00609589
0 0.325 0.936523 0.0539063 0.0859375 0.00605011
0 0.982813 0.966553 0.034375 0.0668945 0.00605011
0 0.0436523 0.357666 0.0238281 0.0268555 0.00600433
0 0.627344 0.142212 0.0125 0.0151367 0.00598145
0 0.589844 0.163574 0.0242187 0.0175781 0.00595856
0 0.888281 0.962402 0.0125 0.0146484 0.00595856
0 0.168896 1 0.108301 0 0.00591278
0 0.242578 0.21698 0.00585938 0.0123291 0.005867
0 0.548047 0.168457 0.0335938 0.0219727 0.005867
0 0.965625 0.789551 0.06875 0.128906 0.00584412
0 0.660547 0.146484 0.0242187 0.0222168 0.00577545
0 0.707812 0.134277 0.0125 0.0131836 0.00572968
0 0.0629395 0.243896 0.00751953 0.0175781 0.00572968
0 0.557813 0.0210114 0.0109375 0.021698 0.00566483
0 0.0281372 0.0881348 0.0421631 0.0637207 0.00557709
0 0.0636719 0.236572 0.015918 0.027832 0.00557709
0 0.627734 0.13855 0.01875 0.0283203 0.0055542
0 0.160352 0.739258 0.0078125 0.00976562 0.00553513
0 0.108691 0.234863 0.0205078 0.0283203 0.00553513
0 0.540625 0.0405273 0.0367187 0.0587158 0.00548935
0 0.0374512 0.998535 0.0749023 0.00292969 0.00544739
0 0.609375 0.151855 0.0078125 0.0109863 0.00540543
0 0.126758 0.615234 0.00898437 0.0117188 0.00540543
0 0.980078 0.955566 0.0398437 0.0888672 0.00540543
0 0.22207 0.447021 0.0210938 0.0307617 0.00540543
0 0.171338 0.962402 0.0104492 0.0166016 0.00538635
0 0.706641 0.138672 0.0320312 0.0209961 0.00536346
0 0.407813 0.19751 0.0210938 0.029541 0.0053215
0 0.735937 0.63916 0.0078125 0.00976562 0.00516129
0 0.488281 0.880371 0.021875 0.03125 0.00516129
0 0.967578 0.954834 0.0648438 0.090332 0.00510025
0 0.39375 0.572754 0.0617188 0.0810547 0.00510025
0 0.0498047 0.24292 0.0261719 0.0307617 0.0050621
0 0.493359 0.273193 0.0765625 0.0854492 0.00503922
0 0.490625 0.70459 0.0171875 0.0175781 0.00500107
0 0.0411621 0.0831299 0.0207031 0.0559082 0.00500107
0 0.964063 0.0783691 0.0171875 0.019165 0.00498199
0 0.921875 0.942383 0.107813 0.113281 0.00498199
0 0.2 0.439941 0.0316406 0.0327148 0.00498199
0 0.276953 0.977539 0.0328125 0.0429688 0.00498199
0 0.558594 0.0162964 0.0148437 0.0219727 0.00496292
0 0.310937 0.970703 0.00820312 0.0117188 0.00494385
0 0.585156 0.787598 0.0101562 0.00976562 0.00492477
0 0.530469 0.0129395 0.00859375 0.00897217 0.00486755
0 0.281445 0.215393 0.0144531 0.0233154 0.00484848
0 0.172412 0.999512 0.0942383 0.000976562 0.00484848
0 0.844531 0.987305 0.0328125 0.0253906 0.00479126
0 0.426172 0.199463 0.0117188 0.0134277 0.00477219
0 0.034375 1 0.06875 0 0.00477219
0 0.0026001 0.309082 0.0052002 0.116211 0.00471878
0 0.242188 0.219727 0.00585938 0.0117188 0.00468063
0 0.455078 0.106812 0.0234375 0.0397949 0.00468063
0 0.444141 0.791992 0.0304688 0.0380859 0.00468063
0 0.697266 0.133667 0.015625 0.0131836 0.00466537
0 0.421875 0.200928 0.0109375 0.0148926 0.00462723
0 0.746094 0.546875 0.0179687 0.0214844 0.00455475
0 0.555469 0.167358 0.0265625 0.0195312 0.00455475
0 0.773828 0.657227 0.0101562 0.0107422 0.00453949
0 0.496484 0.742188 0.0203125 0.0302734 0.00453949
0 0.403125 0.207275 0.0148437 0.015625 0.00450516
0 0.222656 0.0877075 0.0527344 0.0865479 0.00450516
0 0.0905273 0.332275 0.0291016 0.0268555 0.00450516
0 0.729297 0.525879 0.0328125 0.0253906 0.00446701
0 0.498437 0.733887 0.0289063 0.0517578 0.00445175
0 0.13623 0.8125 0.0177734 0.0273438 0.00445175
0 0.416797 0.207153 0.0078125 0.0109863 0.00441742
0 0.387891 0.197144 0.0046875 0.012207 0.00439835
0 0.208008 0.439941 0.0277344 0.0219727 0.00439835
0 0.159082 0.59668 0.009375 0.00878906 0.00434875
0 0.985547 0.953857 0.0289063 0.0922852 0.00431442
0 0.155371 0.232178 0.0140625 0.0253906 0.00429916
0 0.0655762 0.248047 0.0174805 0.0268555 0.00429916
0 0.442969 0.800293 0.028125 0.0302734 0.00426483
0 0.661328 0.926758 0.0171875 0.015625 0.00421524
0 0.963281 0.0692139 0.0125 0.0179443 0.00419998
0 0.349023 0.920898 0.0507812 0.0693359 0.00416565
0 0.359863 0.91748 0.0318359 0.0615234 0.00415039
0 0.0052002 0.180176 0.0104004 0.133789 0.00413513
0 0.223438 0.456909 0.0195312 0.0314941 0.00413513
0 0.521484 0.0384521 0.0835937 0.0637207 0.00411606
0 0.619922 0.157471 0.0257812 0.0258789 0.0041008
0 0.0299805 1 0.0599609 0 0.0041008
0 0.576563 0.0209045 0.034375 0.0418091 0.00408554
0 0.289258 0.103485 0.00859375 0.0203247 0.00407028
0 0.434375 0.173218 0.0242187 0.0297852 0.00405502
0 0.0497559 0.356201 0.021582 0.0253906 0.00405502
0 0.0508789 0.355225 0.00673828 0.0078125 0.00403976
0 0.303516 0.147583 0.0191406 0.0219727 0.00403976
0 0.423047 0.203369 0.0265625 0.0222168 0.00397491
0 0.664844 0.929199 0.0335938 0.0322266 0.00397491
0 0.267188 0.0826416 0.0621094 0.0778809 0.00395966
0 0.0214111 1 0.0428223 0 0.0039444
0 0.113672 0.235352 0.0230469 0.0253906 0.00392914
0 0.590234 0.173828 0.0335938 0.034668 0.00392914
0 0.267773 0.214905 0.0324219 0.0286865 0.00391388
0 0.00604248 0.805664 0.012085 0.138672 0.00390053
0 0.628906 0.161621 0.0109375 0.0107422 0.00388527
0 0.405078 0.205688 0.0242187 0.0270996 0.00388527
0 0.233203 0.838867 0.0222656 0.0371094 0.00388527
0 0.965625 0.850098 0.06875 0.130859 0.00383949
0 0.748828 0.546875 0.0179687 0.0283203 0.00383949
0 0.358398 0.976562 0.0488281 0.0449219 0.00383949
0 0.555078 0.0323486 0.0148437 0.0528564 0.00382423
0 0.140625 0.916992 0.025 0.0576172 0.00382423
0 0.897656 0.995117 0.0109375 0.00976562 0.00378036
0 0.433203 0.022522 0.111719 0.0450439 0.00376511
0 0.575 0.157471 0.028125 0.0231934 0.00376511
0 0.033252 0.614258 0.0665039 0.0878906 0.00376511
0 0.459766 0.09198 0.021875 0.0482178 0.00376511
0 0.23125 0.963135 0.0460938 0.0717773 0.00376511
0 0.446484 0.162109 0.0125 0.00805664 0.00374985
0 0.776563 0.65625 0.0140625 0.0107422 0.00374985
0 0.978516 0.041687 0.0429688 0.083374 0.0037365
0 0.156152 1 0.122852 0 0.0037365
0 0.236914 0.556152 0.0191406 0.0341797 0.00372124
0 0.191602 1 0.119922 0 0.00372124
0 0.669141 0.822754 0.034375 0.0507812 0.00372124
0 0.555469 0.0143127 0.00703125 0.0107422 0.00370789
0 0.242969 0.960205 0.0671875 0.0737305 0.00370789
0 0.440234 0.802246 0.0179687 0.0166016 0.00369263
0 0.215234 0.151855 0.0371094 0.0224609 0.00369263
0 0.640234 0.150269 0.0179687 0.0234375 0.00367928
0 0.361328 0.900879 0.0273438 0.0371094 0.00366402
0 0.0100342 0.249512 0.0200684 0.0332031 0.00363541
