0 0.554297 0.617188 0.0585938 0.0507812 0.958984
0 0.278516 0.681152 0.0507812 0.0546875 0.949707
0 0.485547 0.698242 0.0882813 0.0634766 0.931641
0 0.795313 0.552734 0.0375 0.0458984 0.92627
0 0.719922 0.890625 0.05625 0.0800781 0.916504
0 0.828906 0.567383 0.0296875 0.0361328 0.894531
0 0.39873 0.502441 0.0501953 0.0419922 0.893555
0 0.277148 0.56543 0.0375 0.0351562 0.813477
0 0.100098 0.463867 0.0380859 0.0341797 0.8125
0 0.0428223 0.544434 0.0279297 0.0351562 0.797363
0 0.498437 0.493652 0.0273438 0.0283203 0.793945
0 0.587891 0.321533 0.0296875 0.0229492 0.782715
0 0.745703 0.282959 0.0195312 0.0161133 0.729492
0 0.684766 0.315674 0.0140625 0.0166016 0.679199
0 0.302539 0.370605 0.0203125 0.0136719 0.654785
0 0.921875 0.830078 0.0265625 0.0556641 0.640625
0 0.134375 0.354004 0.0150391 0.0214844 0.62793
0 0.14209 0.599121 0.0166016 0.0419922 0.622559
0 0.634375 0.29834 0.0117188 0.0175781 0.602051
0 0.894531 0.496094 0.040625 0.0458984 0.582031
0 0.479688 0.343018 0.028125 0.0239258 0.552734
0 0.910156 0.278809 0.0140625 0.0209961 0.535156
0 0.751172 0.412109 0.0179687 0.0371094 0.517578
0 0.723828 0.57959 0.0234375 0.0488281 0.512695
0 0.711328 0.311523 0.0140625 0.0141602 0.511719
0 0.151367 0.36084 0.0105469 0.0209961 0.501953
0 0.781836 0.949707 0.0191406 0.0136719 0.486328
0 0.748047 0.587402 0.0273438 0.0390625 0.411133
0 0.302148 0.370361 0.0226563 0.0209961 0.266602
0 0.783594 0.949219 0.0203125 0.0214844 0.260498
0 0.903906 0.498535 0.0265625 0.0361328 0.257568
0 0.407031 0.209473 0.00859375 0.0100098 0.174438
0 0.752344 0.407227 0.0148437 0.0288086 0.136597
0 0.151367 0.360352 0.0162109 0.0239258 0.136108
0 0.750781 0.590332 0.0203125 0.0361328 0.130737
0 0.725391 0.580566 0.0351562 0.0498047 0.12854
0 0.799219 0.547363 0.0375 0.0351562 0.119995
0 0.685547 0.315918 0.0171875 0.0224609 0.114746
0 0.634766 0.298828 0.0132813 0.0239258 0.110107
0 0.288086 0.687012 0.0339844 0.0419922 0.105957
0 0.592578 0.319092 0.0234375 0.0195312 0.104858
0 0.492578 0.494629 0.0210938 0.0273438 0.0930176
0 0.562891 0.623535 0.04375 0.0410156 0.0847778
0 0.274219 0.686523 0.0394531 0.0478516 0.0847778
0 0.726953 0.585938 0.0265625 0.0488281 0.0830078
0 0.670703 0.226074 0.0125 0.0126953 0.0809326
0 0.907812 0.500977 0.0234375 0.0302734 0.0794678
0 0.0936523 0.468384 0.0310547 0.0270996 0.078064
0 0.3 0.369141 0.0164062 0.0131836 0.0766602
0 0.560938 0.613281 0.0460938 0.0400391 0.0766602
0 0.107422 0.462891 0.0240234 0.0302734 0.0731812
0 0.409375 0.503906 0.0273438 0.0380859 0.0718384
0 0.712109 0.311035 0.0164062 0.0214844 0.0656128
0 0.0430664 0.537598 0.0265625 0.0283203 0.0648804
0 0.530469 0.336182 0.0296875 0.0336914 0.0600891
0 0.285352 0.675293 0.0367187 0.0419922 0.0583496
0 0.963281 0.208679 0.0734375 0.0635986 0.0579224
0 0.387598 0.503906 0.0302734 0.0332031 0.0577087
0 0.824219 0.563477 0.0234375 0.0244141 0.0548096
0 0.825781 0.570312 0.021875 0.03125 0.0545959
0 0.725 0.884277 0.0453125 0.0634766 0.0544128
0 0.136035 0.351318 0.0146484 0.0180664 0.0535889
0 0.910156 0.497559 0.0171875 0.0322266 0.0535889
0 0.499609 0.70459 0.0585938 0.0517578 0.0524292
0 0.723437 0.571289 0.0242187 0.0332031 0.049408
0 0.997266 0.0514526 0.00546875 0.102905 0.0450134
0 0.783594 0.947754 0.0171875 0.015625 0.0435181
0 0.140723 0.60791 0.0173828 0.0341797 0.0422363
0 0.594922 0.321289 0.0234375 0.0253906 0.041626
0 0.669531 0.977295 0.0335938 0.0356445 0.041626
0 0.785156 0.949219 0.01875 0.0117188 0.0411377
0 0.0382813 0.547852 0.0216797 0.03125 0.0409851
0 0.316797 0.466431 0.0367187 0.0437012 0.0406799
0 0.476562 0.341797 0.0242187 0.0195312 0.0405273
0 0.283398 0.5625 0.0277344 0.0332031 0.0397949
0 0.139258 0.603027 0.0208984 0.0449219 0.0393372
0 0.670703 0.226501 0.0171875 0.0216064 0.0388184
0 0.745313 0.581055 0.03125 0.0371094 0.0371094
0 0.8875 0.497559 0.025 0.0429688 0.0360107
0 0.732422 0.58252 0.0328125 0.046875 0.0348816
0 0.788281 0.556641 0.025 0.0361328 0.0347595
0 0.589063 0.326172 0.0265625 0.0258789 0.0343628
0 0.406641 0.211487 0.0164062 0.0194092 0.0340881
0 0.758203 0.414062 0.0242187 0.0366211 0.0339661
0 0.754687 0.411377 0.0164062 0.0351562 0.0337219
0 0.750391 0.580078 0.0226563 0.0244141 0.0316162
0 0.892969 0.489258 0.034375 0.0351562 0.0315552
0 0.135352 0.354248 0.0208984 0.0268555 0.0314941
0 0.151367 0.365479 0.00957031 0.015625 0.0301056
0 0.921094 0.838867 0.0234375 0.046875 0.0298767
0 0.779883 0.947754 0.0214844 0.0253906 0.0298157
0 0.522656 0.334717 0.0398437 0.0385742 0.029541
0 0.752344 0.42041 0.0171875 0.0302734 0.0289764
0 0.385547 0.499023 0.0242187 0.0292969 0.028595
0 0.733984 0.893066 0.0273438 0.0742188 0.0285492
0 0.014978 0.270996 0.0237549 0.0297852 0.0284882
0 0.508594 0.493652 0.01875 0.0273438 0.0283356
0 0.802344 0.55957 0.025 0.0371094 0.0283356
0 0.977344 0.197754 0.04375 0.036377 0.0281067
0 0.832812 0.564453 0.0234375 0.0332031 0.0276337
0 0.582812 0.318604 0.021875 0.0175781 0.0269623
0 0.749219 0.416992 0.0179687 0.0385742 0.0263519
0 0.789062 0.546875 0.025 0.0371094 0.0261993
0 0.536328 0.335449 0.01875 0.027832 0.0247955
0 0.396973 0.509766 0.0443359 0.0400391 0.0235596
0 0.571484 0.617188 0.0226563 0.0429688 0.0232391
0 0.440625 0.098877 0.00546875 0.00854492 0.0224609
0 0.66875 0.225098 0.0117188 0.0136719 0.0222015
0 0.129102 0.354248 0.0236328 0.0297852 0.0218201
0 0.485547 0.341309 0.01875 0.0175781 0.0213623
0 0.133984 0.349365 0.0189453 0.0263672 0.0209198
0 0.459766 0.692871 0.0351562 0.0449219 0.0207977
0 0.916406 0.833496 0.0265625 0.0605469 0.0205231
0 0.480078 0.695312 0.06875 0.0507812 0.0204926
0 0.664062 0.979492 0.025 0.0292969 0.0203705
0 0.119727 0.315674 0.0201172 0.0146484 0.0200958
0 0.505078 0.489258 0.0140625 0.0224609 0.0191956
0 0.0492188 0.54834 0.0154297 0.0283203 0.0189056
0 0.910937 0.279541 0.021875 0.0244141 0.0179138
0 0.927344 0.841797 0.021875 0.0361328 0.0179138
0 0.0486328 0.538086 0.021875 0.0283203 0.0174408
0 0.278906 0.572754 0.0402344 0.0361328 0.0171814
0 0.308008 0.370117 0.0222656 0.0249023 0.0170441
0 0.754297 0.583008 0.0164062 0.03125 0.016922
0 0.460938 0.704102 0.0304688 0.0458984 0.0167236
0 0.485547 0.345703 0.0203125 0.019043 0.0164642
0 0.505469 0.494629 0.0164062 0.0244141 0.0164032
0 0.925 0.820312 0.0234375 0.0439453 0.0163422
0 0.381641 0.499512 0.0164062 0.0166016 0.0162811
0 0.0947266 0.461182 0.0310547 0.0258789 0.0162201
0 0.231445 0.211792 0.0949219 0.107666 0.0160217
0 0.405859 0.5 0.0398437 0.0361328 0.0158997
0 0.731641 0.589355 0.0445312 0.0498047 0.0158997
0 0.911719 0.281982 0.015625 0.0229492 0.0158386
0 0.746484 0.286621 0.021875 0.0180664 0.0158386
0 0.754687 0.405762 0.0132813 0.0253906 0.0158386
0 0.145313 0.59375 0.0203125 0.0400391 0.0158386
0 0.741016 0.285645 0.021875 0.0229492 0.0157776
0 0.105566 0.467407 0.0298828 0.0290527 0.0153046
0 0.412109 0.498047 0.0234375 0.0283203 0.0152512
0 0.679297 0.974609 0.0609375 0.0488281 0.0151901
0 0.911719 0.274902 0.0125 0.0136719 0.0151291
0 0.270117 0.567383 0.0296875 0.0322266 0.0150146
0 0.749219 0.417236 0.0273438 0.0395508 0.0148392
0 0.796875 0.561035 0.021875 0.0322266 0.0147324
0 0.00471191 0.0523071 0.00942383 0.104614 0.0147324
0 0.835938 0.562012 0.01875 0.0234375 0.0145569
0 0.711719 0.311279 0.025 0.0200195 0.014061
0 0.8875 0.48584 0.025 0.0302734 0.014061
0 0.730469 0.893066 0.0445312 0.0751953 0.0139542
0 0.939844 0.30249 0.00625 0.0136719 0.0136337
0 0.532812 0.995117 0.00546875 0.0078125 0.0135345
0 0.634766 0.298828 0.0203125 0.0234375 0.0133286
0 0.501172 0.688477 0.0492188 0.0429688 0.0131226
0 0.51875 0.708984 0.0195312 0.0371094 0.012825
0 0.512891 0.697754 0.0257812 0.0517578 0.0127258
0 0.508594 0.500488 0.0101562 0.0146484 0.0126266
0 0.682422 0.313721 0.0125 0.0161133 0.0124283
0 0.796875 0.541016 0.0328125 0.0283203 0.0124283
0 0.410156 0.211182 0.01875 0.0219727 0.0124283
0 0.282813 0.569336 0.0304688 0.0332031 0.0123367
0 0.302344 0.363525 0.0234375 0.0273438 0.0122375
0 0.8375 0.577148 0.01875 0.0302734 0.0122375
0 0.987891 0.193604 0.0242187 0.0256348 0.0115051
0 0.792188 0.561035 0.025 0.0332031 0.0113754
0 0.501172 0.499023 0.0242187 0.0273438 0.0111618
0 0.66875 0.228027 0.0140625 0.015625 0.0110321
0 0.710156 0.906738 0.0382813 0.0498047 0.0109863
0 0.161328 0.364014 0.0236328 0.0273438 0.0108185
0 0.295508 0.681152 0.0214844 0.0478516 0.0108185
0 0.155371 0.363525 0.0138672 0.0200195 0.0106125
0 0.712891 0.899414 0.0492188 0.0634766 0.0105667
0 0.573047 0.609375 0.0203125 0.0302734 0.0105667
0 0.710938 0.305908 0.015625 0.0180664 0.0105286
0 0.921875 0.814941 0.021875 0.0332031 0.0104904
0 0.287695 0.570312 0.0183594 0.0263672 0.0104065
0 0.155762 0.356934 0.00859375 0.0151367 0.0101318
0 0.433984 0.102051 0.0226563 0.0231934 0.0100937
0 0.723047 0.588867 0.021875 0.0449219 0.0100555
0 0.0146973 0.269287 0.0191895 0.0229492 0.00993347
0 0.721484 0.564941 0.0179687 0.0175781 0.00974274
0 0.804688 0.550293 0.025 0.0380859 0.00971222
0 0.722656 0.566406 0.0210938 0.0253906 0.00971222
0 0.365039 0.985352 0.0144531 0.0117188 0.00967407
0 0.939062 0.305908 0.00625 0.0126953 0.00952148
0 0.758984 0.587402 0.0226563 0.0361328 0.00941467
0 0.909375 0.507324 0.0171875 0.0214844 0.00930023
0 0.908594 0.269775 0.0203125 0.027832 0.00908661
0 0.997656 0.0673828 0.0046875 0.134521 0.00905609
0 0.801562 0.560059 0.0359375 0.0400391 0.00901794
0 0.902344 0.487793 0.028125 0.0351562 0.00901794
0 0.577344 0.322754 0.0171875 0.0244141 0.00898743
0 0.976953 0.208557 0.0460938 0.0560303 0.00894928
0 0.401563 0.211365 0.0257812 0.0235596 0.00888062
0 0.538281 0.616699 0.0265625 0.0419922 0.0088501
0 0.454688 0.686035 0.0234375 0.0253906 0.00871277
0 0.78125 0.946289 0.0171875 0.015625 0.00871277
0 0.112012 0.467041 0.0197266 0.0288086 0.00867462
0 0.901563 0.493652 0.025 0.03125 0.0086441
0 0.778711 0.945801 0.0300781 0.0214844 0.0086441
0 0.902344 0.27832 0.0234375 0.0297852 0.0086441
0 0.45625 0.686523 0.0296875 0.0322266 0.0086441
0 0.323828 0.463989 0.0242187 0.0368652 0.00861359
0 0.911719 0.50293 0.0140625 0.0283203 0.00857544
0 0.939844 0.304688 0.0140625 0.0239258 0.00857544
0 0.707812 0.313721 0.0132813 0.015625 0.00854492
0 0.687109 0.318848 0.0117188 0.0136719 0.0085144
0 0.479297 0.333252 0.0265625 0.0292969 0.0085144
0 0.286133 0.681641 0.0429688 0.046875 0.00847626
0 0.934375 0.833496 0.028125 0.046875 0.00818634
0 0.716016 0.584473 0.0257812 0.046875 0.00800323
0 0.26582 0.568848 0.0203125 0.0322266 0.00793457
0 0.283398 0.224548 0.0304688 0.0469971 0.00775528
0 0.482812 0.338135 0.0210938 0.0170898 0.00772476
0 0.0883789 0.470215 0.0152344 0.0185547 0.00772476
0 0.14541 0.600098 0.0275391 0.0390625 0.00769424
0 0.440234 0.099762 0.015625 0.0206909 0.00757599
0 0.149414 0.367188 0.0173828 0.0175781 0.00751877
0 0.739453 0.280762 0.0257812 0.0283203 0.00740433
0 0.128516 0.352051 0.0369141 0.0258789 0.00728989
0 0.45 0.688477 0.0164062 0.03125 0.00723267
0 0.406641 0.207764 0.0226563 0.0234375 0.00714874
0 0.785156 0.560547 0.0171875 0.0263672 0.00706482
0 0.138379 0.606445 0.0316406 0.0449219 0.00706482
0 0.729297 0.905762 0.0304688 0.0556641 0.00706482
0 0.782031 0.941895 0.021875 0.0273438 0.00706482
0 0.720312 0.575195 0.021875 0.0390625 0.00703812
0 0.676953 0.318115 0.021875 0.0253906 0.00703812
0 0.9125 0.493164 0.0109375 0.0185547 0.0068779
0 0.550391 0.624512 0.05 0.0400391 0.00682449
0 0.824219 0.563477 0.034375 0.0361328 0.00677109
0 0.828906 0.57666 0.0203125 0.0273438 0.00671768
0 0.936719 0.304199 0.0203125 0.0258789 0.00669098
0 0.825781 0.575195 0.0359375 0.0371094 0.00666809
0 0.45 0.686035 0.015625 0.0205078 0.00664139
0 0.5875 0.320068 0.0257812 0.0166016 0.00661469
0 0.267969 0.687988 0.0285156 0.0351562 0.00656509
0 0.907812 0.281982 0.0125 0.0224609 0.0064621
0 0.110352 0.455322 0.0232422 0.0258789 0.00638962
0 0.660547 0.984375 0.0179687 0.0214844 0.00634003
0 0.264062 0.681641 0.0300781 0.0419922 0.00634003
0 0.00705566 0.491211 0.0141113 0.15332 0.00631332
0 0.048877 0.553223 0.0211914 0.0283203 0.00629044
0 0.0384766 0.539551 0.0220703 0.0273438 0.00624084
0 0.756641 0.601562 0.009375 0.015625 0.00621796
0 0.519141 0.718262 0.0179687 0.0234375 0.00621796
0 0.298633 0.691406 0.0171875 0.0322266 0.00619125
0 0.707422 0.310547 0.0140625 0.0166016 0.00609589
0 0.139258 0.359863 0.0181641 0.0219727 0.00609589
0 0.264062 0.69043 0.0199219 0.0371094 0.00600433
0 0.77832 0.955811 0.0246094 0.0336914 0.00600433
0 0.717969 0.30957 0.0101562 0.0141602 0.00593567
0 0.810938 0.544434 0.0234375 0.0341797 0.00593567
0 0.782812 0.557129 0.0140625 0.0273438 0.00588989
0 0.523438 0.711426 0.0140625 0.0341797 0.00577545
0 0.496875 0.487305 0.0226563 0.0195312 0.00575256
0 0.279687 0.551758 0.0332031 0.0322266 0.00572968
0 0.715625 0.575684 0.0234375 0.0380859 0.00572968
0 0.453516 0.69043 0.0265625 0.0283203 0.00568771
0 0.00635986 0.933105 0.0127197 0.133789 0.00564194
0 0.523828 0.720703 0.00859375 0.0126953 0.0055542
0 0.746484 0.293457 0.025 0.0341797 0.0055542
0 0.111328 0.458984 0.0160156 0.0205078 0.00551224
0 0.138574 0.59375 0.0185547 0.0322266 0.00548935
0 0.566797 0.333008 0.00625 0.0112305 0.00547028
0 0.00296631 0.0456848 0.00593262 0.0913696 0.00538635
0 0.576953 0.62793 0.0164062 0.0283203 0.00536346
0 0.311523 0.375732 0.0230469 0.0258789 0.0053215
0 0.988281 0.138916 0.0171875 0.0227051 0.00530243
0 0.985156 0.13501 0.0265625 0.0449219 0.00530243
0 0.525391 0.721191 0.0132813 0.0234375 0.00530243
0 0.549219 0.609863 0.0445312 0.0380859 0.00527954
0 0.143359 0.609375 0.0154297 0.0302734 0.00527954
0 0.503516 0.885742 0.015625 0.0175781 0.00526047
0 0.53125 0.341309 0.034375 0.0283203 0.00526047
0 0.964063 0.201721 0.059375 0.0438232 0.00524139
0 0.719922 0.569824 0.0179687 0.0292969 0.00524139
0 0.25293 0.208252 0.053125 0.0917969 0.00521851
0 0.759766 0.405273 0.0226563 0.0351562 0.00519943
0 0.735547 0.872559 0.025 0.0410156 0.00518036
0 0.489844 0.499023 0.0203125 0.0283203 0.00503922
0 0.663281 0.228516 0.0296875 0.0268555 0.00500107
0 0.139551 0.3479 0.0197266 0.0292969 0.00500107
0 0.739453 0.415039 0.0289063 0.0410156 0.00500107
0 0.929688 0.28833 0.021875 0.0283203 0.00498199
0 0.513281 0.68457 0.0242187 0.0361328 0.00498199
0 0.274414 0.672852 0.0367187 0.0332031 0.00492477
0 0.171484 0.754883 0.00859375 0.00976562 0.00481033
0 0.414844 0.512207 0.0171875 0.0244141 0.00479126
0 0.019104 0.268799 0.012085 0.0175781 0.00477219
0 0.0156982 0.265137 0.00957031 0.0136719 0.00475693
0 0.102539 0.459229 0.0339844 0.0249023 0.00475693
0 0.397266 0.294861 0.0335938 0.181763 0.00471878
0 0.759375 0.606445 0.00390625 0.210938 0.00471878
0 0.00463867 0.492188 0.00927734 0.124023 0.00468063
0 0.139258 0.595215 0.0310547 0.0458984 0.00457382
0 0.746094 0.410889 0.0148437 0.0283203 0.00453949
0 0.728125 0.592773 0.021875 0.0341797 0.00450516
0 0.536719 0.625 0.021875 0.0322266 0.00448608
0 0.66875 0.223145 0.0234375 0.0263672 0.00443268
