0 0.727344 0.145996 0.0484375 0.045166 0.908203
0 0.845312 0.169189 0.0765625 0.065918 0.875977
0 0.75 0.0397797 0.0289063 0.0351868 0.762695
0 0.875 0.187622 0.0234375 0.0432129 0.253174
0 0.444531 0.255371 0.0335938 0.0361328 0.150513
0 0.447266 0.248047 0.0257812 0.0263672 0.150024
0 0.45 0.247559 0.0210938 0.0205078 0.142212
0 0.0716797 0.138062 0.0140625 0.0090332 0.112
0 0.330566 0.931396 0.157617 0.123535 0.0974121
0 0.755078 0.0377197 0.0257812 0.0317383 0.0927124
0 0.446875 0.268799 0.034375 0.0297852 0.0703125
0 0.751953 0.0452728 0.021875 0.0309143 0.0656128
0 0.458594 0.108887 0.0125 0.0090332 0.0603027
0 0.735547 0.140991 0.0328125 0.0371094 0.0514526
0 0.224609 0.249268 0.028125 0.0205078 0.0495911
0 0.745313 0.0371094 0.0257812 0.0324707 0.049408
0 0.226172 0.249512 0.0238281 0.0131836 0.0488586
0 0.442187 0.269775 0.028125 0.0249023 0.0467224
0 0.233008 0.676758 0.0125 0.0273438 0.0446777
0 0.746875 0.602539 0.00859375 0.0117188 0.0383301
0 0.865625 0.490723 0.0078125 0.0107422 0.0367737
0 0.0170776 0.725098 0.0336182 0.0361328 0.0359497
0 0.741406 0.0407715 0.0203125 0.034668 0.0347595
0 0.242773 0.178833 0.0335938 0.0200195 0.0341797
0 0.451172 0.243896 0.01875 0.0185547 0.0309143
0 0.109277 0.738281 0.00917969 0.00976562 0.0293121
0 0.720312 0.145508 0.0460938 0.0385742 0.028656
0 0.367383 0.0888672 0.0078125 0.00756836 0.0278015
0 0.0712891 0.137695 0.0185547 0.019043 0.0278015
0 0.834375 0.15918 0.0546875 0.046875 0.0261078
0 0.233984 0.688477 0.00742187 0.0244141 0.024704
0 0.851562 0.159424 0.059375 0.0444336 0.0239105
0 0.285352 0.94165 0.110547 0.108887 0.0236969
0 0.36416 0.932861 0.0927734 0.120605 0.0235596
0 0.723047 0.151855 0.0335938 0.0390625 0.0221558
0 0.746094 0.600586 0.009375 0.0146484 0.021698
0 0.438672 0.259033 0.025 0.0356445 0.0193787
0 0.233008 0.681152 0.0152344 0.0371094 0.0192719
0 0.10332 0.73877 0.0105469 0.0107422 0.0186157
0 0.233398 0.685547 0.0105469 0.0302734 0.0182648
0 0.872656 0.185791 0.0375 0.0471191 0.0174408
0 0.877344 0.180786 0.021875 0.0368652 0.0172424
0 0.743359 0.0318604 0.015625 0.019165 0.0167847
0 0.24082 0.178467 0.0230469 0.0102539 0.0162811
0 0.252539 0.722656 0.0328125 0.0751953 0.0162811
0 0.374902 0.93042 0.0595703 0.111816 0.0158997
0 0.860937 0.16687 0.0390625 0.0456543 0.0158386
0 0.240039 0.680664 0.0269531 0.0546875 0.0149536
0 0.876562 0.970703 0.0078125 0.0136719 0.0147324
0 0.743359 0.0460815 0.0171875 0.0252686 0.0145035
0 0.0692871 0.138306 0.0113281 0.00830078 0.0142288
0 0.4375 0.268799 0.0210938 0.0268555 0.0141754
0 0.739453 0.154907 0.0203125 0.0275879 0.014061
0 0.724609 0.621582 0.0171875 0.0126953 0.0132751
0 0.237695 0.178223 0.0183594 0.00878906 0.0131226
0 0.0200195 0.717285 0.0400391 0.0449219 0.012825
0 0.842188 0.696777 0.0203125 0.0263672 0.0127258
0 0.842188 0.699219 0.0171875 0.0185547 0.012146
0 0.270312 0.643555 0.0136719 0.0224609 0.0119171
0 0.997266 0.0531006 0.00546875 0.106201 0.0118713
0 0.567187 0.637207 0.0390625 0.0732422 0.0117798
0 0.523438 0.450195 0.00625 0.00585938 0.011734
0 0.367871 0.0864563 0.0158203 0.0211792 0.0116882
0 0.32207 0.677246 0.0332031 0.0634766 0.0116882
0 0.271484 0.951416 0.08125 0.0913086 0.0115051
0 0.713672 0.146484 0.025 0.0368652 0.0114212
0 0.839063 0.988281 0.0078125 0.0136719 0.0111618
0 0.822656 0.153564 0.028125 0.0324707 0.0106506
0 0.113086 0.736816 0.00742187 0.00976562 0.0106125
0 0.0961914 0.87793 0.0107422 0.015625 0.0104065
0 0.825 0.161865 0.0296875 0.0510254 0.0103683
0 0.281836 0.836426 0.034375 0.0917969 0.0102463
0 0.192383 0.690918 0.0199219 0.0517578 0.0100098
0 0.142676 0.151733 0.0123047 0.00927734 0.00985718
0 0.883594 0.185181 0.0234375 0.041748 0.00985718
0 0.227344 0.233643 0.0113281 0.00878906 0.00967407
0 0.326367 0.696289 0.0164062 0.0185547 0.00933838
0 0.285547 0.812012 0.0207031 0.0273438 0.00933838
0 0.00466309 0.0608521 0.00932617 0.121704 0.00912476
0 0.388672 0.53418 0.0046875 0.00683594 0.00908661
0 0.886719 0.193115 0.025 0.0368652 0.00905609
0 0.438281 0.248535 0.0304688 0.03125 0.00898743
0 0.572266 0.153076 0.0078125 0.00830078 0.00891876
0 0.368945 0.0883789 0.00859375 0.00878906 0.0088501
0 0.741016 0.0405273 0.0304688 0.032959 0.00871277
0 0.231055 0.249023 0.01875 0.0102539 0.0086441
0 0.77793 0.531738 0.0113281 0.0107422 0.00854492
0 0.865625 0.152588 0.0296875 0.0292969 0.0085144
0 0.677734 0.751953 0.0117188 0.0166016 0.00847626
0 0.778125 0.529785 0.009375 0.00976562 0.00844574
0 0.0737305 0.138062 0.0140625 0.0107422 0.00841522
0 0.965625 0.942627 0.0671875 0.11084 0.00831604
0 0.654688 0.686035 0.015625 0.0146484 0.00828552
0 0.766016 0.52832 0.0109375 0.0078125 0.008255
0 0.357031 0.801758 0.0539063 0.103516 0.00821686
0 0.323633 0.689941 0.025 0.0361328 0.00818634
0 0.712109 0.138428 0.021875 0.0290527 0.00806427
0 0.803125 0.974609 0.021875 0.0332031 0.00803375
0 0.622266 0.0482788 0.0078125 0.00769043 0.00796509
0 0.278125 0.848145 0.0421875 0.106445 0.00784302
0 0.935938 0.662109 0.0078125 0.00878906 0.00766754
0 0.28418 0.822266 0.0277344 0.0585938 0.00766754
0 0.458203 0.108887 0.01875 0.0217285 0.00763702
0 0.245703 0.723633 0.0488281 0.0839844 0.00757599
0 0.261133 0.94458 0.0574219 0.0913086 0.00746155
0 0.0111206 0.726562 0.0222412 0.0322266 0.00740433
0 0.85625 0.744141 0.0296875 0.0458984 0.00728989
0 0.752734 0.870117 0.0234375 0.0341797 0.00706482
0 0.874219 0.194458 0.0203125 0.0336914 0.00701141
0 0.510156 0.435547 0.00859375 0.00976562 0.00695801
0 0.797656 0.978271 0.0203125 0.0297852 0.00695801
0 0.866406 0.489746 0.015625 0.0214844 0.0069313
0 0.875 0.174927 0.021875 0.0344238 0.0068779
0 0.327344 0.692383 0.0210938 0.0361328 0.00674438
0 0.467969 0.62793 0.0757812 0.0859375 0.00671768
0 0.748438 0.149658 0.0171875 0.0356445 0.00669098
0 0.00543213 0.790527 0.0108643 0.146484 0.00664139
0 0.755859 0.046814 0.0226563 0.029541 0.00661469
0 0.869531 0.154053 0.01875 0.0231934 0.0064888
0 0.191016 0.685547 0.0183594 0.0380859 0.00643921
0 0.883594 0.980469 0.0078125 0.0136719 0.00643921
0 0.451172 0.269775 0.0328125 0.0214844 0.00641251
0 0.9 0.432129 0.0078125 0.0078125 0.00638962
0 0.074585 0.141968 0.020752 0.0251465 0.00634003
0 0.14375 0.151978 0.01875 0.0202637 0.00629044
0 0.641406 0.863281 0.0640625 0.0917969 0.00624084
0 0.84375 0.740234 0.0515625 0.0732422 0.00624084
0 0.8375 0.987305 0.0078125 0.0117188 0.00621796
0 0.870313 0.0588989 0.009375 0.00915527 0.00616837
0 0.207031 0.972412 0.0488281 0.0551758 0.00616837
0 0.857813 0.186157 0.0625 0.0544434 0.00614548
0 0.390625 0.65332 0.0078125 0.00878906 0.00612259
0 0.248633 0.0922852 0.00703125 0.00634766 0.00609589
0 0.380078 0.0656128 0.015625 0.0111084 0.006073
0 0.863281 0.490723 0.0171875 0.0205078 0.00605011
0 0.840625 0.694336 0.015625 0.0185547 0.00602722
0 0.254492 0.602539 0.0445312 0.0917969 0.00602722
0 0.996875 0.0747681 0.00625 0.149536 0.005867
0 0.214062 0.975342 0.0371094 0.0493164 0.00577545
0 0.678125 0.469849 0.0109375 0.00952148 0.00572968
0 0.141992 0.945312 0.0515625 0.0917969 0.00568771
0 0.880469 0.188965 0.01875 0.0371094 0.00564194
0 0.239648 0.178223 0.0289063 0.015625 0.00564194
0 0.595703 0.871094 0.00703125 0.00976562 0.00559998
0 0.521094 0.56543 0.0289063 0.046875 0.00559998
0 0.752344 0.872559 0.0171875 0.0224609 0.0055542
0 0.548828 0.210815 0.0125 0.0102539 0.00553513
0 0.747266 0.136963 0.0171875 0.0334473 0.00553513
0 0.880469 0.178467 0.0171875 0.0307617 0.00551224
0 0.163965 0.509277 0.0148437 0.0126953 0.00547028
0 0.445703 0.238281 0.0257812 0.0273438 0.00540543
0 0.285742 0.816406 0.0242187 0.0380859 0.00538635
0 0.454688 0.246338 0.0164062 0.0185547 0.00524139
0 0.897656 0.604492 0.01875 0.0166016 0.00524139
0 0.878906 0.976562 0.015625 0.0273438 0.00524139
0 0.463672 0.270752 0.0179687 0.0131836 0.00521851
0 0.668359 0.309082 0.009375 0.00927734 0.00518036
0 0.867969 0.0598145 0.0078125 0.00805664 0.00516129
0 0.713281 0.143921 0.0234375 0.0251465 0.0051384
0 0.0407227 0.404785 0.0166016 0.0117188 0.0051384
0 0.938281 0.846191 0.00625 0.015625 0.0051384
0 0.792188 0.989258 0.0109375 0.0175781 0.0051384
0 0.796875 0.979492 0.009375 0.0175781 0.00511932
0 0.45625 0.108276 0.0125 0.010498 0.00510025
0 0.00949707 0.729492 0.0189941 0.0195312 0.00510025
0 0.876562 0.967773 0.00625 0.0117188 0.00508118
0 0.503125 0.784668 0.05625 0.105469 0.00503922
0 0.452344 0.273926 0.0375 0.0244141 0.00502014
0 0.746875 0.600098 0.0164062 0.0244141 0.00500107
0 0.819531 0.153809 0.021875 0.0253906 0.00494385
0 0.608594 0.941406 0.0078125 0.00976562 0.00494385
0 0.327539 0.693359 0.0175781 0.0253906 0.00492477
0 0.382422 0.666016 0.0164062 0.0292969 0.00492477
0 0.678906 0.75 0.0101562 0.0136719 0.00488663
0 0.447656 0.0375977 0.009375 0.00842285 0.00486755
0 0.964063 0.00967407 0.071875 0.0193481 0.00486755
0 0 0.0393982 0 0.0787964 0.00486755
0 0.627734 0.939941 0.00546875 0.0078125 0.00484848
0 0.105566 0.738281 0.0197266 0.0195312 0.00482941
0 0.103516 0.741211 0.0113281 0.0117188 0.00479126
0 0.0227295 0.795898 0.00844727 0.00878906 0.00479126
0 0.0137695 0.874512 0.0234375 0.0351562 0.00475693
0 0.814062 0.581055 0.015625 0.0126953 0.00473785
0 0.728125 0.62207 0.0265625 0.0244141 0.00473785
0 0.217773 0.693848 0.00820312 0.0146484 0.00469971
0 0.742578 0.144043 0.0203125 0.0300293 0.00468063
0 0.9375 0.841797 0.00625 0.0136719 0.0046463
0 0.0800537 0.888672 0.0111816 0.0107422 0.0046463
0 0.894531 0.616699 0.028125 0.0351562 0.00460815
0 0.173193 0.898438 0.00517578 0.00878906 0.0045929
0 0.748438 0.870117 0.03125 0.0429688 0.00457382
0 0.0594727 0.989258 0.0136719 0.00976562 0.00455475
0 0.507031 0.646973 0.0296875 0.0439453 0.00452042
0 0.0157715 0.73291 0.0293945 0.0322266 0.00450516
0 0.813281 0.150024 0.0171875 0.026123 0.00446701
0 0.318164 0.0388184 0.0332031 0.0316162 0.00441742
0 0.312305 0.921875 0.129297 0.0878906 0.00441742
0 0.228125 0.583008 0.028125 0.0527344 0.00439835
0 0.218945 0.248779 0.0160156 0.00878906 0.00436401
0 0.740234 1 0.133594 0 0.00436401
0 0.864062 0.744629 0.021875 0.0341797 0.00436401
0 0.871094 0.978516 0.0234375 0.0292969 0.00436401
0 0.4375 0.0550537 0.0117188 0.00927734 0.00434875
0 0.0249512 0.723633 0.0386719 0.0410156 0.00432968
0 0.0938477 0.876465 0.0222656 0.0292969 0.00428009
0 0.377734 0.987305 0.0179687 0.0136719 0.00426483
0 0.96875 0.850586 0.0625 0.112305 0.00426483
0 0.0105713 0.736816 0.0168457 0.0146484 0.00424957
0 0.121582 0.726074 0.0167969 0.0283203 0.00424957
0 0.878125 0.19873 0.0171875 0.0314941 0.0042305
0 0.254492 0.435791 0.015625 0.0107422 0.00419998
0 0.348047 0.987305 0.0214844 0.015625 0.00419998
0 0.00517578 0.724121 0.00825195 0.0107422 0.00416565
0 0.742969 0.138306 0.01875 0.0273438 0.00415039
0 0.885938 0.486328 0.021875 0.0126953 0.00415039
0 0.362402 0.787109 0.0564453 0.118164 0.00413513
0 0.817969 0.148682 0.01875 0.0185547 0.00408554
0 0.454688 0.283203 0.0335938 0.0322266 0.00408554
0 0.894531 0.605469 0.028125 0.0341797 0.00408554
0 0.232227 0.689453 0.0105469 0.0263672 0.00405502
0 0.871875 0.0571899 0.0234375 0.0233154 0.00405502
0 0.732031 0.129517 0.0398437 0.0324707 0.00405502
0 0.439453 0.055481 0.0109375 0.0102539 0.00403976
0 0.752344 0.0529175 0.0132813 0.0172119 0.00403976
0 0.0676758 0.825684 0.0162109 0.0166016 0.00397491
0 0.00356445 0.792969 0.00712891 0.120117 0.0039444
0 0.270117 0.643066 0.0207031 0.0351562 0.0039444
0 0.187891 0.692871 0.0242187 0.0527344 0.00391388
0 0.669531 0.821289 0.00546875 0.0126953 0.00390053
0 0.0717773 0.140869 0.0246094 0.0166016 0.00388527
0 0.455859 0.769531 0.0664062 0.101562 0.00388527
0 0.714844 0.998535 0.14375 0.00292969 0.00388527
0 0.364648 0.0875244 0.0230469 0.0256348 0.00388527
0 0.7375 0.148682 0.0328125 0.0356445 0.00387001
0 0.316992 0.495239 0.0414063 0.0759277 0.00385475
0 0.864062 0.159912 0.0296875 0.0305176 0.00383949
0 0.792188 0.979492 0.0078125 0.0136719 0.00383949
0 0.730078 0.724609 0.0179687 0.0390625 0.00383949
0 0.917188 1 0.128125 0 0.00380898
0 0.875 0.971436 0.009375 0.012207 0.00374985
0 0.351172 0.986328 0.0171875 0.0136719 0.0037365
0 0.41875 0.755859 0.0640625 0.0751953 0.0037365
0 0.445703 0.279053 0.0351562 0.0375977 0.00372124
0 0.561719 0.64502 0.0484375 0.0800781 0.00370789
0 0.0358398 0.677734 0.00947266 0.0126953 0.00367928
0 0.763672 0.0471649 0.0226563 0.0326233 0.00367928
0 0.370117 0.0799561 0.0207031 0.0262451 0.00367928
0 0.239258 0.48291 0.00507812 0.0078125 0.00366402
0 0.0268555 0.811035 0.0173828 0.0117188 0.00366402
0 0.00467529 0.0729065 0.00935059 0.126648 0.00365067
0 0.738281 0.156006 0.0296875 0.0297852 0.00365067
0 0.874219 0.151245 0.01875 0.0300293 0.00365067
0 0.242969 0.691895 0.0292969 0.0566406 0.00365067
0 0.0258789 0.714355 0.034375 0.0263672 0.00363541
0 0.441406 0.697266 0.0273438 0.0400391 0.00363541
0 0.4625 0.271484 0.0257812 0.0224609 0.00362206
0 0.446484 0.645996 0.0375 0.0527344 0.00362206
0 0.455469 0.642578 0.0460938 0.0634766 0.00362206
0 0.0374512 0.404053 0.0118164 0.00976562 0.0036068
0 0.186914 0.994141 0.0125 0.0117188 0.0036068
0 0.738672 0.999512 0.0945313 0.000976562 0.00355148
0 0.741797 0.128418 0.0210938 0.0239258 0.00352478
0 0.226367 0.582031 0.0230469 0.0361328 0.00351143
0 0.23457 0.686523 0.0246094 0.0371094 0.00349617
0 0.00493164 0.476562 0.00986328 0.133789 0.00349617
0 0.727344 0.735352 0.00703125 0.0136719 0.00348282
0 0.996875 0.026886 0.00625 0.053772 0.00348282
0 0.00101318 0.774414 0.00202637 0.128906 0.00348282
0 0.803906 0.97168 0.0125 0.0195312 0.00346947
0 0.722656 0.155518 0.0210938 0.0275879 0.00345612
0 0.654297 0.692383 0.0265625 0.0371094 0.00342941
0 0.381738 0.887207 0.0388672 0.0351562 0.00342941
0 0.00541992 0.961426 0.0108398 0.0771484 0.00342941
0 0.739062 0.134033 0.021875 0.0202637 0.00341606
0 0.807813 0.965088 0.0078125 0.0131836 0.00341606
0 0.707422 0.678711 0.0617188 0.113281 0.00341606
0 0.909375 0.57959 0.0125 0.0107422 0.00340271
0 0.249219 0.178345 0.0316406 0.0241699 0.00338936
0 0.388281 0.527344 0.00546875 0.00878906 0.00336266
0 0.560547 0.950195 0.0117188 0.0117188 0.00336266
0 0.691797 0.00497437 0.122656 0.00994873 0.00336266
0 1 0.0102844 0 0.0205688 0.00336266
0 0.760156 0.0312653 0.025 0.0326843 0.00336266
0 0.417969 0.692871 0.06875 0.078125 0.00333786
0 0.389453 0.53418 0.0164062 0.0263672 0.00333786
0 0.00722656 0.819336 0.0144531 0.148438 0.00333786
0 0.192969 0.941406 0.0597656 0.103516 0.00332451
0 0.994141 0.0135498 0.0117188 0.0270996 0.00332451
0 0.680078 0.757812 0.0203125 0.0371094 0.00331116
0 0.318555 0.907715 0.124609 0.0771484 0.00329781
0 0.00493164 0.898438 0.00986328 0.128906 0.00329781
0 0.716992 1 0.119141 0 0.00327301
0 0.681641 0.772461 0.0234375 0.0595703 0.00324821
0 0.245117 0.613281 0.0609375 0.0888672 0.00321007
0 0.841406 0.706543 0.0234375 0.0341797 0.00321007
0 0.692187 0.737305 0.0148437 0.0253906 0.00318527
0 0.833594 0.740234 0.0375 0.0634766 0.00318527
0 0.803125 0.978516 0.0109375 0.0175781 0.00317192
0 0.864844 0.14978 0.021875 0.0168457 0.00313568
0 0.666406 1 0.14375 0 0.00312424
