0 0.878906 0.0698547 0.0703125 0.0653687 0.968262
0 0.958594 0.337891 0.0515625 0.100098 0.94043
0 0.967969 0.67041 0.0640625 0.0429688 0.806152
0 0.0780518 0.601074 0.122803 0.130859 0.726562
0 0.415625 0.9729 0.0265625 0.0541992 0.60498
0 0.983984 0.647461 0.0320312 0.0234375 0.59375
0 0.791406 0.962646 0.0171875 0.0317383 0.586914
0 0.916406 0.664062 0.0265625 0.0273438 0.577637
0 0.00842285 0.23584 0.0168457 0.0195312 0.361084
0 0.766211 0.517578 0.0253906 0.0185547 0.242188
0 0.269336 0.116089 0.0128906 0.0476074 0.2323
0 0.326953 0.793457 0.0757812 0.162109 0.210815
0 0.772656 0.427246 0.03125 0.0283203 0.191895
0 0.122266 0.166626 0.0144531 0.0537109 0.184814
0 0.915625 0.830078 0.028125 0.0351562 0.182373
0 0.979688 0.655273 0.0390625 0.0292969 0.174927
0 0.770117 0.517578 0.0316406 0.0234375 0.15918
0 0.565234 0.938477 0.0296875 0.0292969 0.153564
0 0.925 0.776855 0.0171875 0.0166016 0.151978
0 0.326367 0.828613 0.0660156 0.130859 0.151001
0 0.889063 0.0756836 0.053125 0.0546875 0.138428
0 0.993359 0.405029 0.0132813 0.0161133 0.136597
0 0.0789307 0.787598 0.0163574 0.0166016 0.133911
0 0.396875 0.0765991 0.0140625 0.0455322 0.129395
0 0.484375 0.842773 0.00859375 0.0136719 0.123352
0 0.60625 0.0140381 0.0117188 0.0280762 0.119629
0 0.821875 0.381104 0.0125 0.0234375 0.119202
0 0.266992 0.969727 0.0144531 0.0136719 0.117554
0 0.596875 0.907715 0.0132813 0.0126953 0.113586
0 0.953125 0.640625 0.0125 0.0117188 0.110474
0 0.565625 0.937988 0.0242187 0.0175781 0.110474
0 0.483203 0.843262 0.00859375 0.0166016 0.108948
0 0.50625 0.0404663 0.0117188 0.0393066 0.106689
0 0.606641 0.00901794 0.00859375 0.0180359 0.101257
0 0.332227 0.746582 0.0546875 0.0556641 0.101257
0 0.111035 0.441406 0.0279297 0.0268555 0.0997925
0 0.0762695 0.790039 0.0269531 0.0253906 0.0970459
0 0.342578 0.257324 0.0183594 0.0136719 0.0966797
0 0.553906 0.947754 0.0101562 0.0126953 0.093689
0 0.446094 0.885742 0.0109375 0.0117188 0.092041
0 0.569141 0.935547 0.0195312 0.0136719 0.0907593
0 0.553906 0.915527 0.0179687 0.0185547 0.0891113
0 0.298828 0.900391 0.0121094 0.0234375 0.0875854
0 0.795313 0.961426 0.01875 0.0322266 0.0872803
0 0.982813 0.396484 0.03125 0.0332031 0.085083
0 0.287109 0.942871 0.0113281 0.015625 0.0838623
0 0.496875 0.753906 0.0210938 0.0957031 0.0830078
0 0.272461 0.116699 0.0167969 0.0510254 0.0817871
0 0.772266 0.422852 0.0226563 0.0195312 0.0803833
0 0.396875 0.0797729 0.0101562 0.0408936 0.0800781
0 0.540234 0.964844 0.0101562 0.0136719 0.0747681
0 0.95625 0.433838 0.0421875 0.0224609 0.0736694
0 0.601953 0.26416 0.0117188 0.00927734 0.069519
0 0.0766357 0.790039 0.0189941 0.0195312 0.0678101
0 0.385156 0.992188 0.0171875 0.0117188 0.0678101
0 0.901563 0.492798 0.0390625 0.0505371 0.0668335
0 0.84375 0.614746 0.021875 0.0273438 0.0668335
0 0.498047 0.791016 0.01875 0.03125 0.0665894
0 0.990625 0.645996 0.01875 0.0205078 0.0648804
0 0.991406 0.402588 0.0171875 0.0166016 0.0643921
0 0.428125 0.773926 0.0140625 0.015625 0.0637207
0 0.432813 0.77002 0.0132813 0.0126953 0.0630493
0 0.343359 0.257568 0.021875 0.0205078 0.0598755
0 0.0918945 0.954102 0.0199219 0.0166016 0.0583496
0 0.791406 0.95459 0.0125 0.0185547 0.0574951
0 0.546484 0.957031 0.0101562 0.0136719 0.053009
0 0.483594 0.843262 0.0148437 0.0224609 0.0522461
0 0.396484 0.0675659 0.00859375 0.03125 0.0518494
0 0.772266 0.421387 0.0164062 0.015625 0.0503235
0 0.915625 0.658203 0.0234375 0.0195312 0.0499573
0 0.791406 0.959717 0.0234375 0.0336914 0.0483093
0 0.122168 0.154297 0.00976562 0.0297852 0.0479431
0 0.129102 0.817871 0.0371094 0.0429688 0.0479431
0 0.0921875 0.95459 0.0220703 0.0244141 0.0479431
0 0.0855225 0.299805 0.0316895 0.019043 0.0472412
0 0.521875 0.982422 0.0140625 0.015625 0.0463867
0 0.336133 0.792969 0.0613281 0.132812 0.0462036
0 0.385938 0.991211 0.0257812 0.0175781 0.0455322
0 0.646875 0.861816 0.009375 0.0146484 0.0451965
0 0.516797 0.985352 0.0132813 0.0195312 0.0445251
0 0.125098 0.170288 0.0148437 0.0524902 0.0433655
0 0.603906 0.987305 0.0132813 0.00976562 0.0419312
0 0.269141 0.107819 0.009375 0.0363159 0.0414734
0 0.506641 0.0293579 0.0078125 0.0218506 0.0413208
0 0.77207 0.514648 0.0230469 0.015625 0.0394897
0 0.560156 0.942383 0.0140625 0.0126953 0.0387573
0 0.507031 0.0357056 0.0078125 0.036377 0.0377502
0 0.896094 0.0704346 0.034375 0.0578613 0.0374756
0 0.0871094 0.299561 0.0240234 0.0136719 0.0370483
0 0.509766 0.039978 0.0164062 0.0429688 0.0368958
0 0.776563 0.513184 0.01875 0.0117188 0.0360718
0 0.423828 0.895996 0.01875 0.0253906 0.0330811
0 0.990234 0.403564 0.0195312 0.0249023 0.032959
0 0.425391 0.785645 0.0226563 0.0439453 0.032959
0 0.825781 0.385254 0.01875 0.0307617 0.0320435
0 0.396875 0.0621338 0.0078125 0.0198975 0.0319824
0 0.498437 0.952637 0.0078125 0.0136719 0.0316162
0 0.321875 0.745117 0.0378906 0.0488281 0.0316162
0 0.123633 0.173584 0.0117188 0.0383301 0.0314941
0 0.693359 0.851562 0.021875 0.0390625 0.0314331
0 0.476562 0.978516 0.0078125 0.015625 0.03125
0 0.562109 0.638184 0.0117188 0.0146484 0.0309143
0 0.921094 0.664551 0.028125 0.03125 0.0306702
0 0.558203 0.944824 0.0226563 0.0292969 0.0306244
0 0.396875 0.0768127 0.0226563 0.0475464 0.0303802
0 0.899219 0.490234 0.034375 0.0351562 0.0297546
0 0.542578 0.961426 0.0171875 0.0263672 0.0297089
0 0.921875 0.830566 0.0171875 0.0341797 0.02948
0 0.774219 0.51416 0.028125 0.0244141 0.0292511
0 0.839063 0.397949 0.015625 0.0136719 0.0289764
0 0.480469 0.900879 0.0101562 0.0146484 0.0289764
0 0.746484 0.554199 0.009375 0.0136719 0.0288696
0 0.0700684 0.438477 0.0147461 0.0131836 0.0287628
0 0.480469 0.870117 0.0132813 0.0263672 0.0287628
0 0.204492 0.600098 0.0132813 0.0107422 0.028656
0 0.425391 0.897949 0.0242187 0.0322266 0.0283356
0 0.480469 0.875488 0.0164062 0.0380859 0.0282135
0 0.128613 0.953613 0.00878906 0.0107422 0.0281067
0 0.265039 0.117798 0.0203125 0.0493164 0.0280609
0 0.610156 0.0145569 0.0171875 0.0291138 0.0276947
0 0.289844 0.941406 0.0171875 0.0253906 0.0276337
0 0.602344 0.0140686 0.0164062 0.0281372 0.0271759
0 0.925781 0.775879 0.01875 0.0234375 0.0269165
0 0.485547 0.605957 0.0148437 0.0292969 0.0268555
0 0.776367 0.334717 0.0160156 0.0522461 0.0268555
0 0.859375 0.0820618 0.0234375 0.0375366 0.0266571
0 0.507422 0.0487671 0.00703125 0.027832 0.0258636
0 0.270703 0.126587 0.0105469 0.0354004 0.0255585
0 0.489062 0.614746 0.0203125 0.0488281 0.0253754
0 0.549609 0.756836 0.009375 0.00878906 0.0252686
0 0.978125 0.649414 0.0421875 0.0214844 0.025177
0 0.990234 0.649902 0.0195312 0.0205078 0.0250854
0 0.623828 0.202515 0.0101562 0.00854492 0.0248871
0 0.204297 0.599609 0.0171875 0.0205078 0.0248413
0 0.606641 0.0177917 0.00859375 0.027771 0.0246124
0 0.427344 0.784668 0.0101562 0.0166016 0.0245209
0 0.551953 0.913574 0.0203125 0.0263672 0.0243378
0 0.416797 0.729492 0.0210938 0.0527344 0.0235596
0 0.109863 0.442871 0.0230469 0.0185547 0.0235138
0 0.271484 0.132568 0.009375 0.0212402 0.0233307
0 0.995313 0.674805 0.0078125 0.00976562 0.0232391
0 0.496875 0.795898 0.015625 0.0214844 0.0232391
0 0.507031 0.0337372 0.0117188 0.0323792 0.0232391
0 0.335352 0.817383 0.0558594 0.131836 0.0231476
0 0.301562 0.895996 0.0148437 0.0283203 0.0231476
0 0.855469 0.0890808 0.0171875 0.0276489 0.0230713
0 0.645703 0.95752 0.0328125 0.0732422 0.0230255
0 0.919531 0.658203 0.0203125 0.0175781 0.0227203
0 0.415625 0.875488 0.0140625 0.0205078 0.0227203
0 0.0996826 0.590332 0.092041 0.12793 0.0222931
0 0.685938 0.862793 0.00546875 0.0117188 0.0217743
0 0.648047 0.859375 0.0109375 0.0136719 0.0215302
0 0.957031 0.441895 0.0453125 0.0361328 0.021286
0 0.519922 0.984375 0.0164062 0.0214844 0.0210419
0 0.565234 0.642578 0.0171875 0.0253906 0.0209656
0 0.698438 0.606934 0.0132813 0.0117188 0.0207977
0 0.358203 0.564453 0.0078125 0.00878906 0.0204163
0 0.420703 0.966309 0.0273438 0.0517578 0.0204163
0 0.914844 0.67041 0.0265625 0.0302734 0.0202179
0 0.428906 0.775879 0.0210938 0.0253906 0.0201721
0 0.762109 0.516113 0.0203125 0.0175781 0.0200958
0 0.41875 0.876953 0.01875 0.0273438 0.0200653
0 0.122266 0.148804 0.00742187 0.0192871 0.0196381
0 0.985937 0.652832 0.028125 0.0263672 0.0195618
0 0.171191 0.842285 0.0162109 0.0136719 0.0193481
0 0.180127 0.523926 0.0249023 0.0292969 0.0193024
0 0.535937 0.970947 0.0078125 0.0112305 0.0189819
0 0.0806641 0.785645 0.0132813 0.0136719 0.0188293
0 0.540625 0.322266 0.0140625 0.0117188 0.0186157
0 0.597266 0.904785 0.01875 0.0224609 0.0184326
0 0.286523 0.486328 0.0210938 0.015625 0.0183411
0 0.489453 0.572266 0.0117188 0.0351562 0.0182648
0 0.123145 0.169189 0.0246094 0.0559082 0.0182648
0 0.951563 0.327637 0.0390625 0.0942383 0.018158
0 0.998047 0.597168 0.00390625 0.0126953 0.0181274
0 0.875 0.0774231 0.0546875 0.0499878 0.0180511
0 0.667188 0.988281 0.00625 0.00976562 0.0180511
0 0.403906 0.819336 0.0210938 0.0654297 0.0180511
0 0.543359 0.713379 0.0234375 0.0263672 0.0179901
0 0.950781 0.671875 0.028125 0.0410156 0.0179138
0 0.417969 0.677246 0.0226563 0.0546875 0.0178528
0 0.566406 0.645996 0.0140625 0.0175781 0.0177155
0 0.897656 0.0605469 0.034375 0.0438232 0.0175781
0 0.560547 0.932617 0.0234375 0.0273438 0.0171814
0 0.767187 0.424805 0.01875 0.0166016 0.0170441
0 0.551562 0.955322 0.0296875 0.0366211 0.0167236
0 0.555859 0.944336 0.0117188 0.0126953 0.0166626
0 0.613281 0.0172729 0.0226563 0.0345459 0.0166626
0 0.485547 0.816895 0.0101562 0.0214844 0.0165253
0 0.992969 0.649414 0.0140625 0.0283203 0.0165253
0 0.542578 0.959473 0.0109375 0.0146484 0.0164642
0 0.123242 0.158447 0.0136719 0.0449219 0.0162811
0 0.55625 0.913574 0.01875 0.015625 0.0161591
0 0.410156 0.830566 0.0203125 0.0556641 0.0160217
0 0.0922852 0.882812 0.0238281 0.0283203 0.0160217
0 0.285547 0.489746 0.0269531 0.0244141 0.0158997
0 0.168359 0.84082 0.0246094 0.0224609 0.0158997
0 0.0873047 0.88623 0.0134766 0.0166016 0.0157776
0 0.94375 0.428955 0.015625 0.00878906 0.0157166
0 0.846875 0.617188 0.01875 0.0224609 0.0157166
0 0.670313 0.942383 0.0140625 0.0341797 0.0155411
0 0.788281 0.968262 0.0140625 0.0263672 0.0151901
0 0.521094 0.983398 0.021875 0.0273438 0.0150757
0 0.547656 0.711426 0.0164062 0.0136719 0.0150146
0 0.921094 0.781738 0.021875 0.0302734 0.0150146
0 0.296875 0.904785 0.0117188 0.0166016 0.0146179
0 0.776563 0.425781 0.025 0.0229492 0.0145035
0 0.417969 0.908203 0.0320312 0.0488281 0.0145035
0 0.490625 0.567383 0.0132813 0.046875 0.014389
0 0.249023 0.741699 0.0148437 0.00976562 0.0143356
0 0.792188 0.634277 0.021875 0.0302734 0.0142822
0 0.733203 0.241699 0.0125 0.00878906 0.0142288
0 0.7625 0.42627 0.0101562 0.0112305 0.0141144
0 0.863281 0.0715637 0.0328125 0.0536499 0.0138474
0 0.914062 0.65918 0.0265625 0.0283203 0.0137405
0 0.742188 0.854004 0.0359375 0.0439453 0.0137405
0 0.412109 0.983398 0.0203125 0.0332031 0.0136871
0 0.762891 0.514648 0.0226563 0.0244141 0.013588
0 0.658594 0.887207 0.0195312 0.0166016 0.0135345
0 0.209766 0.845215 0.00820312 0.00976562 0.0134811
0 0.975 0.395752 0.0453125 0.0405273 0.0134277
0 0.269531 0.102386 0.00820312 0.0210571 0.0133286
0 0.816406 0.443115 0.015625 0.00878906 0.0133286
0 0.103125 0.714355 0.0234375 0.0166016 0.0133286
0 0.164844 0.723633 0.0164062 0.015625 0.0132751
0 0.816406 0.504883 0.0296875 0.0400391 0.0131683
0 0.501562 0.0409546 0.01875 0.0427246 0.0131226
0 0.134863 0.834473 0.028125 0.03125 0.0131226
0 0.957031 0.673828 0.0421875 0.0390625 0.0130234
0 0.95625 0.647461 0.025 0.0244141 0.0130234
0 0.331641 0.736816 0.0425781 0.0400391 0.0130234
0 0.43125 0.774902 0.0140625 0.0146484 0.0129242
0 0.396875 0.0648193 0.0125 0.0292969 0.012825
0 0.499219 0.787598 0.0140625 0.0400391 0.0127258
0 0.0107422 0.237549 0.0203125 0.0209961 0.0126724
0 0.33125 0.755859 0.0679687 0.0878906 0.0126266
0 0.499609 0.768555 0.0195312 0.0839844 0.0126266
0 0.658594 0.884277 0.0265625 0.0283203 0.0126266
0 0.414844 0.83252 0.0164062 0.0517578 0.0125732
0 0.978906 0.392822 0.0234375 0.0249023 0.0124283
0 0.352344 0.439453 0.0148437 0.0107422 0.0124283
0 0.415625 0.798828 0.0109375 0.0292969 0.012146
0 0.138086 0.838379 0.0185547 0.0195312 0.0121002
0 0.264453 0.487793 0.0164062 0.015625 0.0119171
0 0.538672 0.967773 0.0101562 0.0136719 0.0119171
0 0.783594 0.43042 0.0140625 0.0166016 0.0118713
0 0.838281 0.616211 0.034375 0.0361328 0.0118713
0 0.267773 0.968262 0.0160156 0.0224609 0.011734
0 0.971094 0.338379 0.046875 0.102539 0.0116882
0 0.810938 0.506348 0.0296875 0.0371094 0.0116882
0 0.113281 0.585938 0.0505859 0.104492 0.0116882
0 0.484766 0.820801 0.0101562 0.0195312 0.0116425
0 0.698047 0.605957 0.0195312 0.0224609 0.0115967
0 0.959375 0.434082 0.0296875 0.0141602 0.0115051
0 0.551172 0.757812 0.0148437 0.0214844 0.0115051
0 0.669141 0.941895 0.009375 0.0263672 0.011467
0 0.989062 0.643555 0.021875 0.0175781 0.0113754
0 0.486719 0.601074 0.0125 0.0244141 0.0113297
0 0.778125 0.346924 0.0140625 0.0366211 0.0113297
0 0.5375 0.965332 0.0171875 0.0263672 0.0113297
0 0.598437 0.908691 0.0203125 0.0244141 0.0112915
0 0.123633 0.17981 0.00957031 0.0256348 0.0112
0 0.398438 0.807617 0.0148437 0.0273438 0.0112
0 0.541016 0.965332 0.0203125 0.0283203 0.0111618
0 0.0485352 0.658691 0.00898437 0.015625 0.011116
0 0.964063 0.351318 0.0453125 0.0786133 0.0110703
0 0.426953 0.889648 0.0148437 0.015625 0.0110703
0 0.484375 0.844238 0.021875 0.0224609 0.0110703
0 0.786914 0.430176 0.0246094 0.0292969 0.0110703
0 0.444922 0.88623 0.01875 0.0205078 0.0110703
0 0.603906 0.266846 0.0195312 0.0229492 0.0109863
0 0.347852 0.440674 0.025 0.0195312 0.0109863
0 0.386328 0.992188 0.0203125 0.015625 0.0109482
0 0.166064 0.725098 0.0217773 0.0244141 0.0109024
0 0.5 0.950684 0.009375 0.0146484 0.0108566
0 0.606641 0.987305 0.0171875 0.0117188 0.0107803
0 0.699609 0.851562 0.0289063 0.0429688 0.0107803
0 0.5625 0.638672 0.0171875 0.0253906 0.0107346
0 0.647656 0.86084 0.015625 0.0224609 0.0107346
0 0.312891 0.749023 0.0195312 0.0253906 0.0106506
0 0.480078 0.876465 0.0132813 0.0263672 0.0105667
0 0.270898 0.121826 0.0230469 0.0473633 0.0105667
0 0.729688 0.242188 0.0164062 0.0117188 0.0104904
0 0.690234 0.925781 0.0539063 0.0996094 0.0104904
0 0.528516 0.974609 0.0226563 0.0292969 0.0104904
0 0.557422 0.945312 0.01875 0.0175781 0.0102463
0 0.788867 0.964355 0.0285156 0.0380859 0.0102463
0 0.396484 0.802734 0.0140625 0.0253906 0.0102081
0 0.178125 0.925293 0.0113281 0.015625 0.0102081
0 0.741406 0.864746 0.0390625 0.0566406 0.01017
0 0.572266 0.932617 0.0210938 0.0234375 0.01017
0 0.575 0.931152 0.009375 0.0126953 0.00997162
0 0.513672 0.0480957 0.0210938 0.0388184 0.00997162
0 0.853125 0.0865479 0.0140625 0.0288086 0.00993347
0 0.76582 0.427246 0.0199219 0.0249023 0.00993347
0 0.653906 0.815918 0.009375 0.0224609 0.00989532
0 0.413281 0.837402 0.0148437 0.0341797 0.00989532
0 0.465625 0.754883 0.0328125 0.0341797 0.00978088
0 0.263281 0.11792 0.0324219 0.043457 0.00974274
0 0.487891 0.604492 0.0164062 0.0371094 0.00971222
