0 0.769336 0.0800781 0.0691406 0.0673828 0.936523
0 0.864844 0.365479 0.0546875 0.108398 0.905762
0 0.889844 0.728027 0.053125 0.0439453 0.731934
0 0.835156 0.723145 0.03125 0.0361328 0.639648
0 0.844531 0.908203 0.03125 0.0380859 0.385742
0 0.939062 0.660645 0.0390625 0.0449219 0.338867
0 0.143555 0.14563 0.0132813 0.0505371 0.318359
0 0.978125 0.677734 0.04375 0.0292969 0.277588
0 0.678125 0.564453 0.0359375 0.0273438 0.216675
0 0.679297 0.465088 0.0320312 0.0288086 0.19873
0 0.953125 0.73584 0.0234375 0.0234375 0.196777
0 0.941406 0.665527 0.0328125 0.03125 0.183594
0 0.994531 0.737793 0.0109375 0.0146484 0.181274
0 0.853125 0.84668 0.01875 0.0175781 0.180054
0 0.275195 0.0979004 0.0136719 0.0495605 0.178345
0 0.0071167 0.661621 0.0142334 0.111328 0.178345
0 0.673047 0.56543 0.0257812 0.0205078 0.175537
0 0.836719 0.718262 0.028125 0.0244141 0.165649
0 0.875781 0.694824 0.0125 0.0126953 0.157104
0 0.389453 0.94873 0.0101562 0.0224609 0.155029
0 0.487109 0.0229797 0.0140625 0.0437622 0.139404
0 0.655469 0.607422 0.0109375 0.0146484 0.130249
0 0.3875 0.960449 0.0179687 0.0537109 0.128052
0 0.219922 0.936035 0.0730469 0.125977 0.11554
0 0.85 0.908203 0.021875 0.0361328 0.112427
0 0.387109 0.0567627 0.0109375 0.0415039 0.111267
0 0.222461 0.29541 0.0199219 0.0141602 0.108215
0 0.953125 0.581543 0.0359375 0.0371094 0.105591
0 0.452734 0.791016 0.0164062 0.0136719 0.103394
0 0.89375 0.727051 0.046875 0.0322266 0.0933228
0 0.21875 0.918945 0.0820312 0.162109 0.092041
0 0.959375 0.517578 0.0078125 0.0234375 0.0888062
0 0.93125 0.654785 0.0234375 0.0351562 0.0888062
0 0.347266 0.894531 0.00976562 0.0136719 0.0838623
0 0.402734 0.885254 0.01875 0.0332031 0.076416
0 0.916406 0.703613 0.0359375 0.0214844 0.0750122
0 0.211328 0.87207 0.0675781 0.113281 0.0726318
0 0.953906 0.557129 0.009375 0.0126953 0.0713501
0 0.574609 0.987305 0.015625 0.0136719 0.0710449
0 0.390234 0.945312 0.009375 0.015625 0.0708008
0 0.147168 0.146606 0.0195312 0.0532227 0.0705566
0 0.972656 0.677734 0.034375 0.0205078 0.0682983
0 0.989844 0.700684 0.0203125 0.0166016 0.0637207
0 0.14043 0.148315 0.01875 0.0515137 0.0637207
0 0.935156 0.470337 0.0109375 0.0153809 0.0616455
0 0.989062 0.558594 0.0203125 0.0410156 0.0611877
0 0.953125 0.555176 0.0109375 0.0136719 0.0603027
0 0.949219 0.733887 0.0234375 0.0224609 0.0598755
0 0.95625 0.733887 0.0203125 0.0214844 0.0596619
0 0.965625 0.397217 0.009375 0.0102539 0.0585632
0 0.335156 0.911133 0.00859375 0.0136719 0.0585632
0 0.723437 0.41333 0.0125 0.0219727 0.0568542
0 0.98125 0.523071 0.0375 0.111084 0.0558167
0 0.66875 0.56543 0.0242187 0.0185547 0.055603
0 0.954687 0.575195 0.0390625 0.0576172 0.0554199
0 0.0562988 0.595215 0.0249023 0.0322266 0.0544128
0 0.3875 0.0508423 0.00859375 0.0323486 0.0535889
0 0.991406 0.425049 0.015625 0.0175781 0.0531921
0 0.723828 0.550781 0.0296875 0.0380859 0.0531921
0 0.386719 0.95874 0.0171875 0.0375977 0.0526123
0 0.403906 0.821777 0.0171875 0.0478516 0.0516663
0 0.575781 0.986328 0.0203125 0.0175781 0.0501404
0 0.511719 0.226562 0.0109375 0.0102539 0.0497742
0 0.333008 0.916992 0.00898437 0.0175781 0.0492249
0 0.724219 0.416016 0.015625 0.0273438 0.0479431
0 0.402344 0.850586 0.0210938 0.102539 0.0476074
0 0.488281 0.0134583 0.00703125 0.0209961 0.0467224
0 0.488281 0.0193481 0.00859375 0.0345459 0.0456848
0 0.335156 0.770996 0.00742187 0.015625 0.0456848
0 0.492188 0.295166 0.0125 0.00976562 0.0445251
0 0.925 0.646973 0.0125 0.0175781 0.0428772
0 0.674609 0.460205 0.015625 0.0141602 0.0427246
0 0.759766 0.671387 0.0234375 0.0332031 0.0417786
0 0.964844 0.70166 0.0265625 0.0175781 0.0399475
0 0.928125 0.65332 0.01875 0.0253906 0.0396423
0 0.273633 0.0917053 0.0109375 0.0314331 0.0394897
0 0.834375 0.72998 0.0296875 0.0341797 0.0391235
0 0.246875 0.632324 0.00898437 0.0107422 0.0390625
0 0.992578 0.699707 0.0148437 0.015625 0.0381775
0 0.456641 0.842773 0.0101562 0.00878906 0.0381775
0 0.340625 0.762207 0.00703125 0.0136719 0.0375977
0 0.785156 0.0838623 0.034375 0.0563965 0.037384
0 0.354297 0.852539 0.0757812 0.0634766 0.0367126
0 0.760547 0.672363 0.0195312 0.0244141 0.0363464
0 0.390234 0.644043 0.015625 0.0634766 0.0357361
0 0.994922 0.449463 0.0101562 0.0288086 0.0347595
0 0.343555 0.899902 0.0191406 0.0292969 0.0343628
0 0.00759277 0.662109 0.0151855 0.118164 0.0342407
0 0.865625 0.467529 0.0390625 0.0219727 0.0331421
0 0.986328 0.523804 0.0273438 0.121338 0.0325928
0 0.876562 0.695312 0.01875 0.0205078 0.0325928
0 0.143164 0.138306 0.0111328 0.0358887 0.0323486
0 0.941406 0.67041 0.0265625 0.0244141 0.0317383
0 0.385156 0.0603027 0.0140625 0.0419922 0.0316162
0 0.390234 0.705566 0.0203125 0.0517578 0.0306702
0 0.341406 0.902344 0.00898437 0.015625 0.0305634
0 0.655859 0.606934 0.0148437 0.0234375 0.0305634
0 0.684375 0.560547 0.01875 0.0136719 0.0303345
0 0.337109 0.909668 0.01875 0.03125 0.0303345
0 0.389453 0.951172 0.0140625 0.0292969 0.0299225
0 0.233203 0.492676 0.025 0.0224609 0.0297546
0 0.813281 0.537598 0.040625 0.0556641 0.02948
0 0.980078 0.695312 0.0398437 0.0263672 0.0287628
0 0.485547 0.0166626 0.0140625 0.0333252 0.0282745
0 0.742188 0.431396 0.0164062 0.012207 0.0280151
0 0.986719 0.473145 0.009375 0.0185547 0.0279083
0 0.135742 0.836426 0.0150391 0.0117188 0.0278015
0 0.487109 0.605469 0.0117188 0.0146484 0.0275879
0 0.272656 0.099823 0.0214844 0.0459595 0.0275879
0 0.978906 0.413086 0.009375 0.0151367 0.0273743
0 0.230469 0.871582 0.0710938 0.129883 0.0272675
0 0.00834961 0.705078 0.011084 0.0253906 0.0266571
0 0.908594 0.706543 0.040625 0.0263672 0.0265503
0 0.352344 0.744629 0.00820312 0.0146484 0.0263519
0 0.989844 0.457397 0.0203125 0.0480957 0.0255127
0 0.222461 0.295654 0.0234375 0.0205078 0.0252686
0 0.900781 0.734863 0.034375 0.03125 0.0252686
0 0.828906 0.724609 0.021875 0.0332031 0.0251312
0 0.216064 0.883789 0.0932617 0.166992 0.0250397
0 0.333594 0.916016 0.015625 0.0273438 0.0250397
0 0.988281 0.562988 0.0203125 0.0273438 0.0249939
0 0.345117 0.898438 0.0117188 0.015625 0.0247955
0 0.951563 0.49707 0.00625 0.0107422 0.0245209
0 0.446875 0.791504 0.025 0.0263672 0.0245209
0 0.388672 0.0650024 0.0078125 0.0321045 0.024231
0 0.486328 0.0227966 0.021875 0.0436401 0.0239563
0 0.910156 0.385498 0.0171875 0.015625 0.0236969
0 0.95 0.735352 0.03125 0.0273438 0.0236053
0 0.577344 0.00306702 0.00546875 0.00613403 0.0235138
0 0.994922 0.740723 0.0101562 0.0175781 0.0234222
0 0.873438 0.374512 0.04375 0.0957031 0.0233765
0 0.959375 0.515625 0.0125 0.0283203 0.0232849
0 0.352344 0.888184 0.00976562 0.0107422 0.0232391
0 0.925781 0.705078 0.046875 0.0283203 0.0232391
0 0.273047 0.0975342 0.0152344 0.0410156 0.0229797
0 0.77832 0.0914917 0.0511719 0.0523682 0.022934
0 0.489844 0.0276184 0.0125 0.0392456 0.0227661
0 0.3875 0.0464478 0.00703125 0.0169678 0.0227203
0 0.609766 0.480957 0.0078125 0.0126953 0.0226288
0 0.0838867 0.678223 0.0125 0.00976562 0.0225372
0 0.346094 0.753418 0.00703125 0.0136719 0.0225372
0 0.983594 0.417725 0.0171875 0.0229492 0.02211
0 0.673047 0.462036 0.0226563 0.0192871 0.02211
0 0.922656 0.731445 0.0109375 0.00976562 0.0220337
0 0.915625 0.530762 0.009375 0.0166016 0.0217743
0 0.580469 0.983398 0.028125 0.0253906 0.0216217
0 0.979688 0.414551 0.0125 0.019043 0.0215302
0 0.682813 0.562012 0.0265625 0.0185547 0.0214539
0 0.666016 0.960449 0.0398437 0.0693359 0.0214539
0 0.993359 0.42627 0.0132813 0.0166016 0.0213623
0 0.450781 0.791504 0.0203125 0.0234375 0.0213623
0 0.875 0.727051 0.025 0.0419922 0.0205994
0 0.894531 0.720215 0.0421875 0.0322266 0.0204926
0 0.810156 0.530273 0.03125 0.0322266 0.0204163
0 0.32832 0.785645 0.00625 0.0146484 0.02034
0 0.916406 0.541016 0.0203125 0.0439453 0.0202484
0 0.324414 0.793457 0.00742187 0.015625 0.0199432
0 0.88125 0.725586 0.0453125 0.0361328 0.0197144
0 0.133594 0.835449 0.0226563 0.0205078 0.0196075
0 0.974219 0.481445 0.0109375 0.0117188 0.0195618
0 0.882031 0.717773 0.0328125 0.0332031 0.0190125
0 0.394531 0.766602 0.0210938 0.0830078 0.0187225
0 0.138867 0.148804 0.0294922 0.0458984 0.018692
0 0.348242 0.894531 0.0210938 0.0322266 0.018692
0 0.625391 0.267822 0.0117188 0.0102539 0.0185394
0 0.338477 0.907715 0.009375 0.0146484 0.0184784
0 0.810156 0.528809 0.040625 0.0429688 0.0183716
0 0.988281 0.550781 0.0171875 0.0576172 0.0180969
0 0.871094 0.467407 0.025 0.0124512 0.0178528
0 0.145703 0.550293 0.0181641 0.0175781 0.0177765
0 0.084375 0.678223 0.01875 0.0195312 0.0177155
0 0.142773 0.132446 0.00898437 0.0231934 0.0176392
0 0.333008 0.775391 0.0078125 0.0175781 0.0176392
0 0.727734 0.421631 0.01875 0.0332031 0.0175781
0 0.953906 0.558105 0.0171875 0.03125 0.0175781
0 0.316992 0.956055 0.0226563 0.078125 0.0173035
0 0.623438 0.269043 0.0132813 0.00927734 0.0171051
0 0.961719 0.523926 0.009375 0.0244141 0.0171051
0 0.747266 0.096405 0.0226563 0.0332642 0.0170441
0 0.911719 0.385498 0.0203125 0.0229492 0.0170441
0 0.992188 0.43042 0.015625 0.03125 0.016922
0 0.3875 0.698242 0.0171875 0.0449219 0.016922
0 0.852344 0.847168 0.021875 0.0244141 0.0167847
0 0.38584 0.967285 0.0275391 0.0537109 0.0165863
0 0.565234 0.958496 0.00703125 0.0136719 0.0164032
0 0.401172 0.879395 0.015625 0.0507812 0.0164032
0 0.98125 0.679688 0.03125 0.0244141 0.0162811
0 0.992969 0.449097 0.0140625 0.0393066 0.0162811
0 0.963281 0.737793 0.0328125 0.0263672 0.0162811
0 0.237695 0.493164 0.015625 0.0126953 0.0162201
0 0.321289 0.800781 0.00742187 0.0185547 0.0162201
0 0.96875 0.675293 0.03125 0.0195312 0.0161591
0 0.946875 0.699219 0.0203125 0.0126953 0.0161591
0 0.489062 0.0330811 0.00703125 0.0267334 0.0159607
0 0.4 0.836914 0.021875 0.0869141 0.0157776
0 0.949219 0.586426 0.025 0.0332031 0.0157166
0 0.685156 0.465576 0.028125 0.0307617 0.0156708
0 0.366602 0.839844 0.0449219 0.0390625 0.0156708
0 0.988281 0.700195 0.0234375 0.0214844 0.0155411
0 0.35 0.891602 0.0121094 0.015625 0.0154877
0 0.330469 0.919434 0.00898437 0.0166016 0.0154877
0 0.232812 0.991211 0.0125 0.0175781 0.0154266
0 0.9125 0.701172 0.0328125 0.0205078 0.0153046
0 0.941406 0.380859 0.034375 0.0239258 0.0152512
0 0.303906 0.949707 0.0289063 0.0751953 0.0151901
0 0.371582 0.338379 0.00996094 0.0112305 0.0151291
0 0.925781 0.650391 0.0140625 0.0244141 0.0149536
0 0.388672 0.976807 0.0125 0.0288086 0.0149002
0 0.239063 0.85791 0.040625 0.0625 0.0146179
0 0.00256348 0.0464783 0.00512695 0.0929565 0.0146179
0 0.758984 0.092041 0.0492188 0.046875 0.0146179
0 0.332617 0.775879 0.0148437 0.0322266 0.0145035
0 0.143457 0.157959 0.0109375 0.03125 0.014389
0 0.967969 0.522461 0.0203125 0.0527344 0.0142822
0 0.916406 0.53418 0.015625 0.0253906 0.0141144
0 0.685938 0.563965 0.0257812 0.0263672 0.0141144
0 0.416016 0.693359 0.0242187 0.0283203 0.0140076
0 0.992969 0.739258 0.0140625 0.0234375 0.0139542
0 0.907812 0.728027 0.0171875 0.0146484 0.0139008
0 0.308594 0.817383 0.0257812 0.0458984 0.0139008
0 0.672656 0.467529 0.0265625 0.027832 0.0135345
0 0.485547 0.60498 0.0179687 0.0244141 0.0135345
0 0.778711 0.508789 0.0207031 0.0166016 0.0134277
0 0.677344 0.5625 0.025 0.0175781 0.0134277
0 0.00859375 0.709961 0.00986328 0.0175781 0.0134277
0 0.727734 0.422363 0.015625 0.0224609 0.0133743
0 0.676953 0.367676 0.0164062 0.0473633 0.0133286
0 0.4875 0.605469 0.0140625 0.0195312 0.0130692
0 0.935938 0.378418 0.0234375 0.0131836 0.0130234
0 0.686719 0.559082 0.0179687 0.0136719 0.0130234
0 0.652344 0.605469 0.0195312 0.0273438 0.0130234
0 0.982031 0.702148 0.0359375 0.0263672 0.0130234
0 0.385547 0.0570068 0.0210938 0.0430908 0.01297
0 0.201562 0.869141 0.0382813 0.0898438 0.0128708
0 0.238086 0.870605 0.0511719 0.113281 0.012825
0 0.276758 0.105957 0.0128906 0.0405273 0.0126266
0 0.513281 0.227356 0.0164062 0.0223389 0.0126266
0 0.274219 0.0858154 0.00898437 0.020752 0.0125732
0 0.0102051 0.671875 0.0204102 0.105469 0.0125732
0 0.385156 0.0496216 0.0132813 0.0307617 0.0125732
0 0.917188 0.548828 0.0234375 0.0498047 0.0125732
0 0.994141 0.455078 0.0117188 0.0302734 0.0125275
0 0.353906 0.739258 0.0078125 0.0146484 0.0123825
0 0.138867 0.140503 0.0169922 0.0415039 0.0123825
0 0.983594 0.460938 0.025 0.0390625 0.0123825
0 0.471094 0.718262 0.0132813 0.0126953 0.012291
0 0.982031 0.413818 0.0125 0.0175781 0.0122375
0 0.685547 0.393799 0.00859375 0.00927734 0.0121918
0 0.991016 0.456543 0.0179687 0.0283203 0.0121002
0 0.949219 0.572266 0.025 0.0439453 0.0120544
0 0.990625 0.541016 0.01875 0.0693359 0.0120087
0 0.801562 0.425049 0.0171875 0.012207 0.0119629
0 0.983594 0.738281 0.0328125 0.0263672 0.0118713
0 0.409375 0.69873 0.0078125 0.00878906 0.0118256
0 0.967969 0.935547 0.009375 0.0146484 0.0117798
0 0.402344 0.863281 0.0257812 0.0869141 0.0117798
0 0.484766 0.0286713 0.0148437 0.0400696 0.0117798
0 0.971094 0.699707 0.0359375 0.0253906 0.0115967
0 0.853125 0.849609 0.015625 0.0175781 0.0115509
0 0.897656 0.430664 0.040625 0.0444336 0.0115509
0 0.683984 0.465088 0.0210938 0.0200195 0.0115051
0 0.867188 0.344238 0.0515625 0.0771484 0.0113297
0 0.953125 0.740723 0.0203125 0.0224609 0.0112915
0 0.564844 0.960938 0.00703125 0.0136719 0.0111618
0 0.388281 0.971924 0.0179687 0.0444336 0.0111618
0 0.969531 0.701172 0.025 0.015625 0.011116
0 0.387109 0.046875 0.009375 0.0201416 0.0110703
0 0.851562 0.361816 0.0359375 0.104004 0.0110703
0 0.232812 0.987793 0.0140625 0.0244141 0.0109863
0 0.492969 0.297119 0.0195312 0.0219727 0.0109863
0 0.8625 0.473633 0.0484375 0.0332031 0.0109863
0 0.930469 0.657715 0.0328125 0.0351562 0.0109024
0 0.45 0.791992 0.0171875 0.0146484 0.0109024
0 0.272266 0.105103 0.0140625 0.0419922 0.0109024
0 0.225781 0.901367 0.0796875 0.142578 0.0108566
0 0.678516 0.379395 0.0148437 0.0336914 0.0108566
0 0.879687 0.494629 0.0390625 0.0439453 0.0108185
0 0.00744629 0.698242 0.0140137 0.0400391 0.0107803
0 0.95625 0.558105 0.0171875 0.0205078 0.0107346
0 0.944531 0.731934 0.015625 0.0195312 0.0107346
0 0.491406 0.611328 0.0210938 0.03125 0.0107346
0 0.00664063 0.658691 0.0132813 0.0908203 0.0106964
0 0.782031 0.774414 0.0171875 0.0253906 0.0106506
0 0.769141 0.0678711 0.0507812 0.041626 0.0105667
0 0.457031 0.842773 0.0140625 0.0214844 0.0105667
0 0.988281 0.472168 0.015625 0.0263672 0.0105286
0 0.342383 0.759277 0.015625 0.0322266 0.0104065
0 0.328125 0.783691 0.0136719 0.0332031 0.0104065
0 0.318945 0.804688 0.0152344 0.0410156 0.0104065
0 0.388281 0.0704346 0.00703125 0.0206299 0.0102463
0 0.622266 0.269775 0.0226563 0.0205078 0.0102463
0 0.742578 0.102936 0.0132813 0.0216675 0.0102081
0 0.65625 0.958252 0.0625 0.0795898 0.0102081
0 0.782031 0.771973 0.009375 0.0136719 0.0101318
0 0.627734 0.351562 0.015625 0.0112305 0.0100937
0 0.842188 0.564941 0.0078125 0.0146484 0.0100937
0 0.326172 0.791016 0.00664063 0.0146484 0.0100555
0 0.941406 0.378418 0.028125 0.0151367 0.0100098
0 0.689062 0.470215 0.0125 0.0136719 0.00989532
0 0.138281 0.836914 0.0109375 0.0107422 0.00985718
