0 0.56875 0.276123 0.0578125 0.0581055 0.943848
0 0.581641 0.107758 0.0351562 0.0418091 0.813477
0 0.714844 0.307617 0.0929687 0.0771484 0.811035
0 0.214062 0.47168 0.0425781 0.0654297 0.53125
0 0.754687 0.32959 0.0273438 0.0551758 0.386719
0 0.322656 0.791504 0.0113281 0.0117188 0.332764
0 0.0144775 0.910645 0.0289551 0.0986328 0.180054
0 0.574219 0.282471 0.0492188 0.0493164 0.174438
0 0.466797 0.777832 0.01875 0.0205078 0.166626
0 0.304297 0.766602 0.0148437 0.0234375 0.13208
0 0.585938 0.106934 0.03125 0.0332031 0.130249
0 0.574609 0.108978 0.0242187 0.0410767 0.128906
0 0.0442871 0.255615 0.00771484 0.00732422 0.104492
0 0.989062 0.90332 0.021875 0.0185547 0.0997925
0 0.240625 0.215271 0.0109375 0.00793457 0.0994873
0 0.355273 0.916504 0.0109375 0.0126953 0.0966797
0 0.248828 0.0172729 0.0113281 0.00958252 0.0930176
0 0.115137 0.727539 0.0160156 0.0136719 0.0875854
0 0.220313 0.458618 0.0320312 0.0378418 0.0745239
0 0.683203 0.915039 0.0164062 0.0195312 0.0703125
0 0.792188 0.828125 0.0109375 0.0136719 0.0643921
0 0.759766 0.332031 0.0234375 0.0527344 0.0572815
0 0.664062 0.910645 0.0140625 0.0126953 0.0545959
0 0.574219 0.269531 0.046875 0.0463867 0.0545959
0 0.15791 0.862793 0.0126953 0.0253906 0.0538025
0 0.107422 0.876465 0.0189453 0.0380859 0.0528259
0 0.158203 0.858398 0.00859375 0.0146484 0.0524292
0 0.43125 0.12146 0.0078125 0.00854492 0.0512695
0 0.134375 0.189819 0.00878906 0.00878906 0.0505066
0 0.683203 0.913574 0.0140625 0.0146484 0.0486755
0 0.995313 0.266846 0.0078125 0.0107422 0.0470886
0 0.062793 0.896484 0.0195312 0.0371094 0.0453491
0 0.5625 0.281006 0.040625 0.0522461 0.0446777
0 0.214453 0.485352 0.0355469 0.0429688 0.0430298
0 0.508984 0.53125 0.0132813 0.0146484 0.041626
0 0.222266 0.452881 0.0234375 0.0234375 0.0387573
0 0.105664 0.871582 0.0142578 0.0234375 0.0362244
0 0.0593262 0.888184 0.00957031 0.0166016 0.0362244
0 0.416016 0.803223 0.0109375 0.0136719 0.035675
0 0.466406 0.775391 0.0210938 0.0283203 0.0350647
0 0.664062 0.912109 0.0203125 0.0205078 0.0346985
0 0.377441 0.289795 0.00761719 0.00878906 0.0343628
0 0.307617 0.918945 0.009375 0.015625 0.033844
0 0.037793 0.802734 0.0101562 0.0107422 0.0333252
0 0.357031 0.91748 0.0160156 0.0146484 0.0313721
0 0.917188 0.148804 0.0125 0.0100098 0.0310211
0 0.721875 0.803711 0.015625 0.00976562 0.0309143
0 0.701953 0.301514 0.0710938 0.0722656 0.0307922
0 0.332812 0.981445 0.009375 0.0117188 0.0278015
0 0.323438 0.791992 0.0144531 0.0146484 0.0276947
0 0.535547 0.810547 0.015625 0.0136719 0.0262604
0 0.317578 0.876465 0.0257812 0.0302734 0.0255127
0 0.222266 0.812988 0.00976562 0.0117188 0.0253754
0 0.750781 0.322998 0.0367187 0.0629883 0.0253296
0 0.239258 0.901367 0.00820312 0.0136719 0.0250854
0 0.757422 0.321045 0.0242187 0.0390625 0.0245209
0 0.322656 0.791504 0.015625 0.0214844 0.0234222
0 0.560938 0.268311 0.0445312 0.0395508 0.0232391
0 0.584766 0.273682 0.025 0.0463867 0.0231476
0 0.375391 0.37793 0.0046875 0.0078125 0.0228882
0 0.580469 0.0993347 0.0328125 0.0352173 0.0224609
0 0.718359 0.303467 0.0679687 0.0668945 0.0219421
0 0.817969 0.816406 0.0296875 0.0273438 0.0217438
0 0.216992 0.287109 0.00859375 0.0078125 0.0214539
0 0.00734863 0.821777 0.0120605 0.0244141 0.0214539
0 0.580859 0.115601 0.0234375 0.032959 0.0210419
0 0.106055 0.876465 0.0107422 0.0244141 0.0207214
0 0.372363 0.902344 0.0130859 0.0126953 0.02034
0 0.621484 0.39917 0.0125 0.0107422 0.0200958
0 0.685547 0.916504 0.0210938 0.0263672 0.0198669
0 0.0750977 0.833496 0.00878906 0.0107422 0.0195618
0 0.317187 0.873047 0.0191406 0.0166016 0.0193481
0 0.680859 0.912598 0.0132813 0.0136719 0.0192719
0 0.218945 0.951416 0.0714844 0.097168 0.0190887
0 0.0597168 0.802734 0.0129883 0.0117188 0.0184021
0 0.429688 0.827148 0.009375 0.00976562 0.0184021
0 0.221875 0.474487 0.0320312 0.0461426 0.0179901
0 0.09375 0.804688 0.0291016 0.0302734 0.0179138
0 0.0283691 0.914062 0.0567383 0.102539 0.0178528
0 0.307031 0.921387 0.0128906 0.0185547 0.0177765
0 0.0806885 0.755371 0.0149902 0.015625 0.0175781
0 0.0189941 0.911621 0.0379883 0.0820312 0.0175781
0 0.684375 0.287842 0.0257812 0.0390625 0.0175781
0 0.282227 0.292725 0.00859375 0.0078125 0.0173798
0 0.992578 0.902832 0.0148437 0.0185547 0.0171814
0 0.988281 0.903809 0.0234375 0.0263672 0.0170441
0 0.587891 0.103302 0.0234375 0.0258179 0.0166626
0 0.356836 0.914062 0.01875 0.0224609 0.0164642
0 0.280859 0.293213 0.0101562 0.00976562 0.0162811
0 0.860937 0.411865 0.0125 0.00976562 0.0162811
0 0.114941 0.880859 0.0212891 0.0390625 0.0162811
0 0.374023 0.37915 0.00585938 0.00878906 0.0162201
0 0.178857 0.766113 0.0102539 0.0126953 0.016098
0 0.826563 0.716797 0.0109375 0.0126953 0.0156021
0 0.250391 0.0198059 0.01875 0.0183716 0.0156021
0 0.398438 0.865234 0.00859375 0.0107422 0.0154266
0 0.268945 0.943848 0.0671875 0.106445 0.0153046
0 0.365723 0.908691 0.0271484 0.0302734 0.0153046
0 0.0606445 0.893555 0.0147461 0.0302734 0.0151291
0 0.0646973 0.735352 0.0160156 0.015625 0.0149002
0 0.376953 0.841797 0.0148437 0.0126953 0.0149002
0 0.0842773 0.900879 0.00898437 0.0146484 0.0147858
0 0.398047 0.867676 0.00859375 0.0136719 0.0145035
0 0.431641 0.122681 0.015625 0.0241699 0.014389
0 0.330469 0.980469 0.00859375 0.0117188 0.014061
0 0.196094 0.577148 0.0128906 0.0126953 0.0139542
0 0.651563 0.84082 0.0171875 0.0146484 0.0137939
0 0.368555 0.901367 0.0214844 0.0263672 0.0136871
0 0.559375 0.296387 0.0078125 0.0209961 0.0136337
0 0.811719 0.817871 0.025 0.0263672 0.0135345
0 0.0171631 0.910645 0.0343262 0.125977 0.0134811
0 0.386328 0.588867 0.0171875 0.0117188 0.0134277
0 0.351172 0.978516 0.00820312 0.015625 0.0134277
0 0.434766 0.834473 0.0101562 0.00878906 0.0132751
0 0.305078 0.768066 0.0210938 0.0283203 0.0129242
0 0.755859 0.342773 0.0226563 0.0395508 0.0129242
0 0.150977 0.807617 0.0078125 0.0117188 0.012825
0 0.8125 0.816895 0.0171875 0.015625 0.0127716
0 0.874219 0.991211 0.0171875 0.0117188 0.0127716
0 0.989844 0.499023 0.0109375 0.0107422 0.0127258
0 0.516797 0.612793 0.00703125 0.00976562 0.0125275
0 0.996484 0.816895 0.00703125 0.0117188 0.0123825
0 0.00700684 0.823242 0.0140137 0.0429688 0.0123367
0 0.289453 0.712891 0.0136719 0.015625 0.012291
0 0.375781 0.899902 0.009375 0.0107422 0.0121918
0 0.217187 0.290039 0.0164062 0.0209961 0.0121918
0 0.0594238 0.908691 0.012207 0.0361328 0.0121002
0 0.528125 0.755371 0.0125 0.0136719 0.0118713
0 0.163184 0.866211 0.0205078 0.0341797 0.0118713
0 0.68125 0.286377 0.021875 0.027832 0.0116882
0 0.303906 0.924805 0.0101562 0.015625 0.0115967
0 0.15625 0.857422 0.0117188 0.0166016 0.0115051
0 0.739844 0.290771 0.03125 0.0380859 0.0115051
0 0.154785 0.78418 0.00800781 0.00976562 0.0113754
0 0.348828 0.979492 0.009375 0.0136719 0.0108566
0 0.207422 0.47998 0.040625 0.0576172 0.0108185
0 0.280664 0.292725 0.0175781 0.0185547 0.0106506
0 0.107324 0.877441 0.015625 0.0292969 0.0105667
0 0.112891 0.227783 0.00527344 0.00683594 0.0105286
0 0.104785 0.867188 0.0121094 0.0185547 0.0105286
0 0.198242 0.54834 0.0121094 0.0126953 0.0103683
0 0.377441 0.291016 0.0154297 0.0209961 0.0103683
0 0.224414 0.45752 0.0253906 0.0302734 0.0102921
0 0.55 0.272461 0.0226563 0.0371094 0.0102921
0 0.0587402 0.906738 0.0210938 0.0673828 0.0102463
0 0.403125 0.967285 0.0132813 0.0185547 0.01017
0 0.322852 0.0055542 0.0175781 0.0111084 0.0100098
0 0.851562 0.396484 0.009375 0.0131836 0.00989532
0 0.989844 0.900879 0.01875 0.0175781 0.00989532
0 0.587891 0.2854 0.015625 0.0332031 0.00989532
0 0.320898 0.791992 0.0140625 0.0166016 0.00985718
0 0.373535 0.290527 0.0185547 0.0219727 0.00981903
0 0.444922 0.914062 0.0117188 0.0136719 0.00974274
0 0.808594 0.769531 0.01875 0.0126953 0.00971222
0 0.935156 0.969727 0.0078125 0.00976562 0.00971222
0 0.353516 0.382812 0.0207031 0.0229492 0.00971222
0 0.193359 0.577148 0.0113281 0.0117188 0.00959778
0 0.430078 0.829102 0.0109375 0.0107422 0.00955963
0 0.311914 0.775391 0.0203125 0.0283203 0.00955963
0 0.134375 0.185913 0.0179687 0.0236816 0.00948334
0 0.063916 0.889648 0.0186523 0.03125 0.00948334
0 0.141211 0.524902 0.0193359 0.015625 0.00945282
0 0.138184 0.17981 0.0154297 0.0212402 0.00941467
0 0.685547 0.921387 0.0171875 0.0195312 0.00933838
0 0.00668945 0.943848 0.0133789 0.112305 0.00933838
0 0.0601074 0.902344 0.0150391 0.0371094 0.00898743
0 0.853125 0.397461 0.009375 0.0146484 0.00891876
0 0.591797 0.291504 0.00703125 0.015625 0.00888062
0 0.116797 0.727539 0.0207031 0.0234375 0.0088501
0 0.80625 0.769531 0.0140625 0.00976562 0.00878143
0 0.0786133 0.896484 0.0109375 0.0136719 0.00878143
0 0.305469 0.922852 0.0160156 0.03125 0.00874329
0 0.361328 0.397705 0.0109375 0.00976562 0.00861359
0 0.339648 0.287109 0.00585938 0.00878906 0.00857544
0 0.0439453 0.257324 0.0151367 0.0200195 0.00857544
0 0.698438 0.294678 0.0570313 0.0546875 0.0085144
0 0.725781 0.314209 0.0617188 0.0805664 0.00847626
0 0.204102 0.720703 0.0109375 0.00878906 0.00847626
0 0.196484 0.58252 0.0199219 0.0283203 0.00844574
0 0.028125 0.614746 0.015332 0.00976562 0.00834656
0 0.535937 0.339844 0.0109375 0.00927734 0.00828552
0 0.792969 0.826172 0.015625 0.0224609 0.008255
0 0.586719 0.264893 0.0234375 0.0336914 0.00818634
0 0.841406 0.237549 0.0046875 0.00830078 0.00812531
0 0.783594 0.995117 0.009375 0.00976562 0.00809479
0 0.573438 0.0969238 0.0203125 0.0280762 0.00806427
0 0.720312 0.806152 0.0242187 0.0244141 0.00806427
0 0.202734 0.59082 0.00742187 0.00976562 0.00803375
0 0.855469 0.635254 0.025 0.0283203 0.00800323
0 0.219141 0.286621 0.00820312 0.0078125 0.00787354
0 0.46875 0.78125 0.015625 0.0195312 0.00787354
0 0.338281 0.979492 0.00859375 0.00976562 0.00787354
0 0.140625 0.523926 0.0152344 0.0117188 0.00784302
0 0.560156 0.290039 0.0179687 0.0317383 0.0078125
0 0.889063 0.0800171 0.009375 0.0101318 0.0077858
0 0.800781 0.270508 0.0078125 0.0205078 0.0077858
0 0.679297 0.281006 0.0195312 0.019043 0.00763702
0 0.193945 0.938477 0.0828125 0.121094 0.00760651
0 0.362891 0.396484 0.00820312 0.0078125 0.00751877
0 0.347852 0.649414 0.0324219 0.0273438 0.00751877
0 0.216602 0.224854 0.0101562 0.00976562 0.00746155
0 0.549609 0.271729 0.0226563 0.0244141 0.00746155
0 0.919531 0.148438 0.0125 0.0109863 0.00743103
0 0.287305 0.714355 0.0113281 0.0126953 0.00737381
0 0.247461 0.806152 0.0164062 0.0195312 0.00734711
0 0.295508 0.289062 0.0191406 0.0195312 0.00728989
0 0.433203 0.279297 0.0289063 0.0332031 0.00725937
0 0.15127 0.154297 0.00996094 0.00976562 0.00714874
0 0.802344 0.969482 0.01875 0.0141602 0.00712204
0 0.292188 0.0233459 0.00703125 0.00689697 0.00706482
0 0.148242 0.155151 0.0132813 0.0102539 0.00706482
0 0.681641 0.281006 0.0226563 0.0258789 0.00706482
0 0.110937 0.229248 0.00800781 0.0078125 0.00703812
0 0.302539 0.768555 0.0308594 0.0322266 0.00701141
0 0.736328 0.306396 0.0445312 0.0639648 0.00701141
0 0.415234 0.84375 0.0078125 0.00878906 0.00698471
0 0.432422 0.285645 0.03125 0.0327148 0.00695801
0 0.261523 0.822266 0.0277344 0.0322266 0.0069313
0 0.322656 0.00848389 0.0273438 0.0169678 0.0069046
0 0.617969 0.728027 0.0226563 0.0322266 0.0068779
0 0.181787 0.929932 0.0754883 0.122559 0.00679779
0 0.408594 0.806152 0.0234375 0.0273438 0.00679779
0 0.740234 0.861328 0.0320312 0.0292969 0.00679779
0 0.569922 0.10025 0.0140625 0.022644 0.00674438
0 0.333594 0.986328 0.0109375 0.015625 0.00674438
0 0.997656 0.949219 0.0046875 0.101562 0.00674438
0 0.210547 0.492676 0.0292969 0.0302734 0.00669098
0 0.569922 0.105469 0.015625 0.029541 0.00666809
0 0.991406 0.308105 0.0125 0.00927734 0.00664139
0 0.202344 0.365234 0.0128906 0.00830078 0.00664139
0 0.0766602 0.836426 0.0121094 0.0166016 0.00664139
0 0.996875 0.379883 0.0046875 0.00976562 0.00661469
0 0.121582 0.879883 0.00800781 0.0175781 0.00661469
0 0.391406 0.150391 0.0195312 0.0229492 0.00661469
0 0.197266 0.833496 0.0113281 0.0117188 0.00658798
0 0.362207 0.181641 0.0263672 0.0222168 0.00658798
0 0.140039 0.249268 0.0128906 0.00976562 0.00656509
0 0.219141 0.479004 0.0410156 0.0566406 0.00656509
0 0.718359 0.803711 0.0171875 0.0126953 0.00656509
0 0.112695 0.874023 0.0242187 0.0380859 0.00656509
0 0.795313 0.791016 0.015625 0.0166016 0.00638962
0 0.232617 0.216187 0.0207031 0.0222168 0.00638962
0 0.230859 0.902832 0.0265625 0.0341797 0.00638962
0 0.674609 0.27832 0.0164062 0.0239258 0.00634003
0 0.676172 0.286133 0.0140625 0.0297852 0.00634003
0 0.081543 0.759277 0.0220703 0.0292969 0.00634003
0 0.710938 0.341797 0.0125 0.0112305 0.00631332
0 0.239453 0.898438 0.00742187 0.0117188 0.00631332
0 0.139844 0.175293 0.00703125 0.00805664 0.00629044
0 0.267773 0.82959 0.0304688 0.0410156 0.00629044
0 0.37373 0.900879 0.0197266 0.0273438 0.00629044
0 0.350977 0.646484 0.0242187 0.0195312 0.00621796
0 0.814844 0.815918 0.025 0.0195312 0.00619125
0 0.889844 0.0814819 0.01875 0.0244141 0.00619125
0 0.218555 0.464722 0.0402344 0.0480957 0.00614548
0 0.46875 0.773438 0.0140625 0.0195312 0.00614548
0 0.745703 0.805176 0.0117188 0.0126953 0.00614548
0 0.0594727 0.803711 0.0240234 0.0234375 0.00612259
0 0.416797 0.803223 0.0179687 0.0253906 0.00612259
0 0.368262 0.38208 0.0189453 0.0205078 0.00609589
0 0.644141 0.847656 0.0335938 0.0322266 0.00609589
0 0.908594 0.78418 0.0203125 0.0166016 0.006073
0 0.0401367 0.803711 0.0194336 0.0205078 0.00605011
0 0.222852 0.447021 0.0164062 0.0131836 0.00600433
0 0.37666 0.37915 0.0154297 0.0214844 0.00598145
0 0.5875 0.270508 0.0203125 0.034668 0.00591278
0 0.582031 0.119873 0.0359375 0.0385742 0.00591278
0 0.313867 0.870605 0.0253906 0.0292969 0.005867
0 0.523047 0.697754 0.025 0.0175781 0.00584412
0 0.0954102 0.807129 0.0228516 0.0224609 0.00584412
0 0.550781 0.339355 0.0046875 0.00683594 0.00582123
0 0.4 0.143555 0.00390625 0.00854492 0.00579834
0 0.237891 0.216003 0.0109375 0.010376 0.00579834
0 0.853125 0.292969 0.0546875 0.26123 0.00579834
0 0.374023 0.287598 0.0105469 0.0107422 0.00577545
0 0.930469 0.716797 0.009375 0.0078125 0.00577545
0 0.220117 0.454834 0.03125 0.0239258 0.00577545
0 0.188086 0.603516 0.0160156 0.0146484 0.00575256
0 0.121289 0.884277 0.00878906 0.0214844 0.00572968
0 0.986328 0.907715 0.0273438 0.0361328 0.00572968
0 0.886719 0.0808105 0.0140625 0.0125732 0.00570679
0 0.341992 0.983398 0.0199219 0.0253906 0.00570679
0 0.725 0.803223 0.015625 0.00976562 0.00568771
0 0.742578 0.28125 0.0273438 0.027832 0.00568771
0 0.00819092 0.825684 0.0163818 0.0644531 0.00568771
0 0.136816 0.190552 0.0179687 0.0251465 0.00566483
0 0.167187 0.722656 0.0105469 0.0078125 0.00564194
0 0.322266 0.794434 0.0128906 0.0146484 0.00564194
0 0.0990234 0.805176 0.0296875 0.0332031 0.00564194
0 0.859375 0.630859 0.015625 0.0107422 0.00561905
0 0.158301 0.864746 0.0222656 0.0283203 0.00559998
0 0.378516 0.30542 0.01875 0.0258789 0.0055542
0 0.540625 0.339355 0.0203125 0.0214844 0.0055542
0 0.889844 0.0784912 0.009375 0.00952148 0.00551224
0 0.297266 0.287842 0.00976562 0.00830078 0.00547028
0 0.0833984 0.896973 0.00761719 0.0117188 0.00547028
0 0.578906 0.296143 0.0304688 0.027832 0.00547028
0 0.766406 0.346924 0.0148437 0.027832 0.00547028
0 0.358789 0.381348 0.0128906 0.0112305 0.00544739
0 0.526563 0.697754 0.0195312 0.015625 0.00544739
