0 0.369141 0.428955 0.0234375 0.0175781 0.816406
0 0.418359 0.448486 0.01875 0.0214844 0.690918
0 0.290039 0.104492 0.0152344 0.019043 0.594727
0 0.170703 0.311768 0.0191406 0.0141602 0.567871
0 0.358789 0.399414 0.0113281 0.0214844 0.53125
0 0.20918 0.198486 0.0144531 0.0131836 0.5
0 0.416016 0.34668 0.0132813 0.0136719 0.486328
0 0.234961 0.169067 0.00820312 0.0102539 0.435791
0 0.439453 0.236084 0.00703125 0.012207 0.422607
0 0.535937 0.129272 0.0101562 0.0273438 0.405518
0 0.389453 0.349121 0.015625 0.0161133 0.395996
0 0.428906 0.25293 0.00703125 0.0117188 0.37207
0 0.184961 0.249023 0.0109375 0.012207 0.346924
0 0.379297 0.038269 0.0179687 0.010376 0.343262
0 0.435937 0.144287 0.00703125 0.00830078 0.343262
0 0.385156 0.331543 0.0109375 0.0195312 0.339844
0 0.492188 0.194336 0.00703125 0.00927734 0.299072
0 0.358398 0.400879 0.0152344 0.0268555 0.286133
0 0.419141 0.476196 0.009375 0.0153809 0.282959
0 0.522266 0.395508 0.00859375 0.0126953 0.264404
0 0.171094 0.312012 0.0214844 0.0209961 0.256836
0 0.303906 0.0880127 0.0078125 0.0102539 0.253906
0 0.534766 0.132202 0.009375 0.0246582 0.253906
0 0.360547 0.0414429 0.00742187 0.00769043 0.240723
0 0.377344 0.464844 0.0078125 0.0107422 0.228149
0 0.379785 0.0390015 0.0224609 0.0194092 0.227417
0 0.520312 0.144409 0.00703125 0.00952148 0.225464
0 0.20957 0.198242 0.0175781 0.0212402 0.219971
0 0.536719 0.126587 0.0148437 0.0344238 0.218628
0 0.291406 0.102173 0.0125 0.0161133 0.204346
0 0.380859 0.0389404 0.0132813 0.00952148 0.188354
0 0.491797 0.194214 0.009375 0.0107422 0.153076
0 0.410937 0.34668 0.0148437 0.0131836 0.139404
0 0.386719 0.330566 0.0101562 0.015625 0.136597
0 0.383594 0.334717 0.0164062 0.0268555 0.133423
0 0.287109 0.108887 0.0132813 0.0163574 0.132935
0 0.374219 0.0404053 0.0234375 0.0192871 0.131592
0 0.437109 0.143921 0.0078125 0.00952148 0.129395
0 0.415625 0.346924 0.0179687 0.0205078 0.127197
0 0.289844 0.105225 0.0183594 0.0251465 0.121704
0 0.390625 0.350342 0.0195312 0.0219727 0.107788
0 0.491797 0.194702 0.0140625 0.0202637 0.107422
0 0.526563 0.393799 0.01875 0.0209961 0.104858
0 0.403125 0.345947 0.0078125 0.00927734 0.102295
0 0.393359 0.3479 0.0117188 0.0126953 0.0997925
0 0.538672 0.121582 0.009375 0.0231934 0.0927124
0 0.386328 0.347412 0.021875 0.0239258 0.0923462
0 0.386719 0.334473 0.0171875 0.0244141 0.092041
0 0.430078 0.25415 0.0125 0.0224609 0.0863037
0 0.437109 0.145996 0.015625 0.0195312 0.0844727
0 0.293945 0.0991516 0.0109375 0.0131226 0.0830078
0 0.380859 0.344482 0.0132813 0.0180664 0.0803833
0 0.185742 0.248535 0.0152344 0.0209961 0.0797729
0 0.380371 0.340576 0.0119141 0.0205078 0.0775146
0 0.419922 0.476074 0.0132813 0.0234375 0.0708008
0 0.392969 0.351807 0.0132813 0.0141602 0.0673218
0 0.362891 0.0415039 0.00976562 0.00744629 0.0658569
0 0.385156 0.330322 0.0164062 0.0249023 0.0651245
0 0.407813 0.3479 0.0179687 0.019043 0.0616455
0 0.439453 0.236328 0.0140625 0.0219727 0.0589905
0 0.361328 0.397217 0.0105469 0.0170898 0.0577087
0 0.354688 0.401123 0.01875 0.0273438 0.0577087
0 0.356055 0.405029 0.0152344 0.0200195 0.0490417
0 0.540234 0.117432 0.00703125 0.0119629 0.0488586
0 0.305859 0.0878296 0.009375 0.0109863 0.0458679
0 0.429688 0.251221 0.00859375 0.0107422 0.0427246
0 0.234961 0.1698 0.0144531 0.0202637 0.0422363
0 0.304297 0.0889893 0.0144531 0.0202637 0.0419312
0 0.524609 0.395996 0.0148437 0.019043 0.0403748
0 0.430859 0.252197 0.0109375 0.0146484 0.0401001
0 0.522656 0.397461 0.0101562 0.0166016 0.0393372
0 0.5375 0.125 0.0117188 0.0268555 0.0381775
0 0.432031 0.247559 0.0148437 0.0234375 0.0352173
0 0.417188 0.446289 0.025 0.0214844 0.0345459
0 0.532422 0.392578 0.0078125 0.00927734 0.0333252
0 0.421875 0.453857 0.0210938 0.0273438 0.032959
0 0.388281 0.340576 0.0140625 0.0185547 0.0304413
0 0.526563 0.393311 0.015625 0.0146484 0.0301056
0 0.166406 0.310303 0.0234375 0.0239258 0.0288696
0 0.404687 0.344971 0.0101562 0.00976562 0.0283356
0 0.302539 0.0935974 0.01875 0.0256958 0.0282135
0 0.536719 0.129517 0.021875 0.0336914 0.0269165
0 0.416016 0.45459 0.0210938 0.0283203 0.0269165
0 0.372949 0.42749 0.0197266 0.0136719 0.0255585
0 0.297266 0.0933533 0.0203125 0.0247192 0.0231018
0 0.360547 0.0411987 0.0144531 0.0186768 0.0219421
0 0.364453 0.428467 0.0183594 0.0175781 0.0202484
0 0.421875 0.3479 0.0210938 0.0239258 0.0196381
0 0.378906 0.467651 0.0148437 0.0236816 0.0189362
0 0.5375 0.132812 0.0148437 0.0273438 0.0178528
0 0.428906 0.25708 0.0101562 0.0161133 0.0175781
0 0.378223 0.336426 0.0177734 0.0283203 0.0175781
0 0.114258 0.864746 0.00664063 0.0078125 0.0174408
0 0.376953 0.467651 0.0109375 0.0158691 0.0171814
0 0.203906 0.19751 0.0214844 0.0249023 0.016922
0 0.415625 0.47522 0.01875 0.026123 0.0166626
0 0.520703 0.145264 0.0140625 0.0183105 0.0164032
0 0.423047 0.476562 0.0164062 0.0253906 0.0162201
0 0.00327148 0.0582886 0.00654297 0.116577 0.0156708
0 0.375098 0.0400391 0.0138672 0.0078125 0.0155411
0 0.360156 0.039856 0.0125 0.0130615 0.0154266
0 0.0333984 1 0.0667969 0 0.0149536
0 0.532812 0.135376 0.0132813 0.0236816 0.0142288
0 0.497656 0.194702 0.0195312 0.0236816 0.014061
0 0.374707 0.463257 0.0185547 0.0246582 0.0139542
0 0.404297 0.346924 0.01875 0.0219727 0.0139008
0 0.173291 0.313721 0.0198242 0.0146484 0.0137939
0 0.423047 0.448486 0.0164062 0.0195312 0.0136337
0 0.530859 0.139404 0.0171875 0.0234375 0.0129242
0 0.415234 0.453979 0.03125 0.0305176 0.0128708
0 0.373047 0.431396 0.0242187 0.0185547 0.012825
0 0.206055 0.195923 0.0164062 0.015625 0.0126724
0 0.113574 0.864746 0.0160156 0.0205078 0.0125275
0 0.0481445 0.999512 0.0962891 0.000976562 0.0124283
0 0.353906 0.399414 0.0308594 0.0239258 0.012146
0 0.295312 0.518066 0.00703125 0.00878906 0.0107803
0 0.492188 0.194214 0.0195312 0.0175781 0.0107346
0 0.185742 0.248779 0.0222656 0.019043 0.0107346
0 0.418359 0.345215 0.0109375 0.0151367 0.0106964
0 0.374121 0.437744 0.0212891 0.0263672 0.0106506
0 0.443359 0.237793 0.0117188 0.0161133 0.0105667
0 0.387109 0.333008 0.0242187 0.0219727 0.0103683
0 0.208008 0.192261 0.0195312 0.0253906 0.01017
0 0.370215 0.423828 0.0181641 0.0166016 0.0100937
0 0.427734 0.255127 0.0242187 0.0214844 0.0100937
0 0.425781 0.246582 0.021875 0.0263672 0.0100555
0 0.0584961 0.996582 0.116992 0.00683594 0.0100098
0 0.310742 0.088562 0.0199219 0.0238037 0.0100098
0 0.377344 0.460449 0.0117188 0.0151367 0.00971222
0 0.00592041 0.0767822 0.0118408 0.153564 0.00971222
0 0.36543 0.436035 0.0230469 0.03125 0.00963593
0 0.293555 0.518555 0.0160156 0.0205078 0.00963593
0 0.49375 0.199585 0.0164062 0.0263672 0.00955963
0 0.520312 0.147217 0.0101562 0.010498 0.00930023
0 0.374414 0.469604 0.0191406 0.0266113 0.00923157
0 0.0397949 0.996094 0.0795898 0.0078125 0.00919342
0 0.370703 0.0455933 0.0265625 0.0256348 0.00905609
0 0.165771 0.314209 0.0301758 0.0229492 0.00891876
0 0.0358398 1 0.0716797 0 0.00891876
0 0.372559 0.0341949 0.0314453 0.0278015 0.00891876
0 0.535547 0.393311 0.0226563 0.0234375 0.00878143
0 0.872656 1 0.1 0 0.0086441
0 0.00419922 0.946289 0.00839844 0.107422 0.00857544
0 0.359766 0.398926 0.0222656 0.0244141 0.0085144
0 0.439844 0.241699 0.0101562 0.0141602 0.00847626
0 0.38125 0.333984 0.0148437 0.0209961 0.00847626
0 0.0507812 1 0.101562 0 0.00841522
0 0.151636 0.996582 0.154541 0.00683594 0.00837708
0 0.435156 0.141846 0.0109375 0.013916 0.00831604
0 0.0887695 0.995605 0.167773 0.00878906 0.00828552
0 0.235156 0.170044 0.0109375 0.0090332 0.008255
0 0.397656 1 0.09375 0 0.008255
0 0.877344 0.997559 0.140625 0.00488281 0.00818634
0 0.438281 0.254639 0.0203125 0.0288086 0.00818634
0 0.528516 0.404297 0.0234375 0.0341797 0.00818634
0 0.287695 0.102081 0.0179687 0.0199585 0.00815582
0 0.961328 0.011673 0.0773437 0.0233459 0.00812531
0 0.523438 0.140137 0.01875 0.0280762 0.00812531
0 0.835156 1 0.0921875 0 0.00809479
0 0.421484 0.479492 0.0226563 0.0214844 0.00806427
0 0.9625 0.999023 0.075 0.00195312 0.00806427
0 0.38125 0.464844 0.009375 0.0117188 0.00800323
0 0.867188 1 0.117188 0 0.00790405
0 0.415625 0.998535 0.135156 0.00292969 0.00790405
0 0.853125 0.998535 0.134375 0.00292969 0.00787354
0 0.440625 0.236572 0.0210938 0.0195312 0.0077858
0 0.380078 0.0429688 0.0273438 0.0194092 0.00772476
0 0.294336 0.109619 0.0175781 0.0205078 0.00769424
0 0.341016 0.999512 0.129688 0.000976562 0.00763702
0 0.440234 0.997559 0.14375 0.00488281 0.00754929
0 0.526563 0.996582 0.154687 0.00683594 0.00754929
0 4.88281e-05 0.0397949 9.76563e-05 0.0795898 0.00751877
0 0.533594 0.13916 0.00859375 0.0148926 0.00746155
0 0.392969 1 0.107031 0 0.00746155
0 0.676562 0.997559 0.142188 0.00488281 0.00746155
0 0.0449219 1 0.0898438 0 0.00737381
0 0.0626465 1 0.125293 0 0.00734711
0 0.842188 1 0.107813 0 0.00734711
0 0.378418 0.999512 0.129883 0.000976562 0.00734711
0 0.477344 0.996582 0.153906 0.00683594 0.00734711
0 0.00239258 0.959473 0.00478516 0.0810547 0.00731659
0 0.29043 0.999023 0.132812 0.00195312 0.00728989
0 0.639063 0.99707 0.147656 0.00585938 0.00725937
0 0.714844 0.998535 0.1375 0.00292969 0.00723267
0 0.422363 1 0.0982422 0 0.00723267
0 0.372656 1 0.0914062 0 0.00720596
0 0.438672 0.237061 0.0101562 0.0146484 0.00712204
0 0.914844 0.998047 0.142188 0.00390625 0.00712204
0 0.815625 1 0.129688 0 0.00701141
0 0.994141 0.0415039 0.0117188 0.0830078 0.00701141
0 0.347559 1 0.0908203 0 0.00701141
0 0.370117 0.436035 0.0261719 0.0224609 0.00698471
0 0.252734 0.999023 0.133984 0.00195312 0.00698471
0 0.36748 0.425049 0.0267578 0.0166016 0.00695801
0 0.417578 1 0.114063 0 0.00695801
0 0.189111 0.997559 0.145996 0.00488281 0.00695801
0 0.778125 1 0.132812 0 0.00695801
0 0.00114746 0.935059 0.00229492 0.129883 0.00695801
0 0.342773 1 0.105859 0 0.0068512
0 0.368066 1 0.106055 0 0.0068512
0 0.353125 0.407715 0.0214844 0.0322266 0.0068512
0 0.235156 0.169922 0.0238281 0.0185547 0.00682449
0 0.410547 0.351807 0.0171875 0.0146484 0.00679779
0 0.936719 1 0.126563 0 0.00677109
0 0.170801 0.306641 0.0150391 0.015625 0.00674438
0 0.952734 1 0.0945313 0 0.00674438
0 0.995313 0.0656738 0.009375 0.131348 0.00674438
0 0.340039 0.998535 0.0933594 0.00292969 0.00671768
0 0.564062 0.997559 0.153125 0.00488281 0.00669098
0 0.375293 0.464844 0.0173828 0.0166016 0.00664139
0 0.818164 1 0.104297 0 0.00658798
0 0.184375 0.243652 0.0132813 0.0166016 0.00653839
0 0.539062 0.138794 0.0171875 0.0290527 0.00651169
0 0.141455 1 0.138965 0 0.0064888
0 0.892187 1 0.125 0 0.00643921
0 0.158252 1 0.109277 0 0.00643921
0 0.601562 0.997559 0.15 0.00488281 0.00638962
0 0.679297 1 0.121094 0 0.00634003
0 0.390332 0.998535 0.0935547 0.00292969 0.00634003
0 0.280078 1 0.109766 0 0.00631332
0 0.305078 1 0.109766 0 0.00631332
0 0.442187 1 0.125 0 0.00629044
0 0.372852 0.421631 0.0230469 0.0239258 0.00629044
0 0.996875 0.958496 0.00625 0.0830078 0.00629044
0 0.289062 0.998047 0.0957031 0.00390625 0.00629044
0 0.951563 1 0.096875 0 0.00624084
0 0.2146 0.998535 0.140332 0.00292969 0.00624084
0 0.0698975 1 0.118408 0 0.00624084
0 0.423438 0.44458 0.0117188 0.012207 0.00621796
0 0.415234 0.47522 0.0289063 0.0231934 0.00621796
0 0.432813 0.249756 0.0140625 0.0141602 0.00619125
0 0.426172 0.144531 0.0265625 0.026123 0.00619125
0 0.448047 0.239502 0.0210938 0.027832 0.00619125
0 0.365234 0.998535 0.0929687 0.00292969 0.00616837
0 0.700391 0.99707 0.0992187 0.00585938 0.00616837
0 0.641797 1 0.125781 0 0.00614548
0 0.930469 1 0.120312 0 0.00614548
0 0.432031 0.260986 0.015625 0.0288086 0.00614548
0 0.896875 1 0.101562 0 0.00614548
0 0.0672852 0.00653076 0.13457 0.0130615 0.00612259
0 0.377344 0.34668 0.0164062 0.027832 0.00609589
0 0.254883 1 0.110547 0 0.00605011
0 0.314453 0.998047 0.0949219 0.00390625 0.00605011
0 0.211523 0.0440674 0.0503906 0.0881348 0.00600433
0 0.00698242 0.923584 0.0139648 0.152832 0.00600433
0 0.133203 1 0.1125 0 0.00600433
0 0.29707 1 0.0921875 0 0.00600433
0 0.263867 0.998047 0.0964844 0.00390625 0.00600433
0 0.675 0.996094 0.101562 0.0078125 0.00600433
0 0.447266 1 0.103906 0 0.00595856
0 0.179346 1 0.12959 0 0.00593567
0 0.414551 0.997559 0.0966797 0.00488281 0.00593567
0 0.810352 1 0.0917969 0 0.005867
0 0.116162 1 0.146582 0 0.00584412
0 0.322266 1 0.0921875 0 0.00582123
0 0.0533203 0.991211 0.106641 0.0175781 0.00582123
0 0.777344 0.999023 0.0953125 0.00195312 0.00582123
0 0.827344 0.998047 0.09375 0.00390625 0.00579834
0 0.875781 0.995605 0.1 0.00878906 0.00579834
0 0.792188 1 0.109375 0 0.00577545
0 0.738867 0.998047 0.0972656 0.00390625 0.00577545
0 0.852344 0.996582 0.096875 0.00683594 0.00577545
0 0.961328 1 0.0773437 0 0.00577545
0 0.417969 0.351562 0.015625 0.0146484 0.00575256
0 0.236328 0.172974 0.0132813 0.013916 0.00572968
0 0.229883 1 0.113281 0 0.00572968
0 0.504297 1 0.139844 0 0.00570679
0 0.425391 0.482788 0.0203125 0.0305176 0.00568771
0 0.802344 0.999023 0.09375 0.00195312 0.00568771
0 0.466797 1 0.133594 0 0.00566483
0 0.377637 0.335693 0.0283203 0.0263672 0.00564194
0 0.649609 0.995605 0.104687 0.00878906 0.00561905
0 0.532812 0.128906 0.0140625 0.0244141 0.0055542
0 0.683594 1 0.096875 0 0.0055542
0 0.900781 0.995605 0.1 0.00878906 0.00553513
0 0.554297 1 0.132812 0 0.00551224
0 0.107617 1 0.115234 0 0.00548935
0 0.401953 0.352051 0.0125 0.0131836 0.00547028
0 0.149902 0.994141 0.107617 0.0117188 0.00547028
0 0.717383 1 0.118359 0 0.00544739
0 0.969922 1 0.0601562 0 0.00544739
0 0.271875 1 0.0921875 0 0.00544739
0 0.204688 1 0.119922 0 0.00542831
0 0.246875 1 0.0921875 0 0.00542831
0 0.416016 0.461304 0.0179687 0.0217285 0.00538635
0 0.742773 1 0.114453 0 0.00538635
0 0.658594 1 0.0984375 0 0.00538635
0 0.947656 1 0.0984375 0 0.00538635
0 0.624609 0.995605 0.105469 0.00878906 0.00538635
0 0.767383 1 0.110547 0 0.00534439
0 0.238672 0.997559 0.0972656 0.00488281 0.00534439
0 0.434375 0.147583 0.0132813 0.0163574 0.0053215
0 0.078418 1 0.156836 0 0.00530243
0 0.579297 1 0.128906 0 0.00530243
0 0.20293 0.195679 0.0332031 0.0217285 0.00527954
0 0.939844 0.999023 0.09375 0.00195312 0.00527954
0 0.176563 0.245605 0.0238281 0.0273438 0.00526047
0 0.233984 0.165894 0.0121094 0.0158691 0.00521851
0 0.305664 0.0887756 0.0214844 0.0158081 0.00521851
0 0.183203 1 0.104687 0 0.00519943
