0 0.93125 0.229797 0.05 0.0540771 0.949219
0 0.928906 0.544434 0.084375 0.0771484 0.927246
0 0.0221436 0.815918 0.0413574 0.0283203 0.783203
0 0.404199 0.874512 0.0619141 0.104492 0.755859
0 0.589063 0.022522 0.046875 0.0450439 0.612305
0 0.107129 0.571289 0.0300781 0.0214844 0.348633
0 0.936719 0.234863 0.040625 0.0444336 0.27832
0 0.586328 0.0161133 0.04375 0.0322266 0.213989
0 0.131055 0.568848 0.0167969 0.0117188 0.175537
0 0.535547 0.067627 0.015625 0.00964355 0.141235
0 0.742188 0.233643 0.0117188 0.0107422 0.10968
0 0.535547 0.521973 0.0117188 0.0117188 0.0761108
0 0.614453 0.709961 0.0109375 0.0126953 0.0703125
0 0.601172 0.982422 0.015625 0.015625 0.0698242
0 0.557813 0.511719 0.0203125 0.0214844 0.0698242
0 0.0786377 0.986328 0.0118652 0.0117188 0.069519
0 0.247266 0.410156 0.0117188 0.0078125 0.0685425
0 0.108301 0.571289 0.0261719 0.015625 0.0682983
0 0.373633 0.30835 0.0113281 0.00830078 0.0675659
0 0.131445 0.568848 0.0205078 0.0205078 0.0673218
0 0.899219 0.992676 0.015625 0.0146484 0.0670776
0 0.321484 0.429932 0.0128906 0.00927734 0.0643921
0 0.115234 0.831055 0.0109375 0.00878906 0.0643921
0 0.661719 0.530273 0.0109375 0.0107422 0.0618896
0 0.230273 0.245605 0.0269531 0.0302734 0.0587769
0 0.557813 0.511719 0.015625 0.0117188 0.0564575
0 0.534766 0.0697021 0.0203125 0.0197754 0.0562439
0 0.182227 0.987305 0.01875 0.0136719 0.0554199
0 0.498047 0.36377 0.0148437 0.00927734 0.0495911
0 0.453125 0.499512 0.0132813 0.0107422 0.0495911
0 0.74375 0.232666 0.0109375 0.0107422 0.049408
0 0.95 0.549316 0.0359375 0.0712891 0.0435181
0 0.902344 0.989746 0.021875 0.0205078 0.041626
0 0.648047 0.581543 0.00859375 0.00683594 0.0402527
0 0.0218994 0.82959 0.0362793 0.0341797 0.0378113
0 0.651172 0.703125 0.0109375 0.0136719 0.0367737
0 0.536719 0.522461 0.0179687 0.0195312 0.0363464
0 0.019043 0.069519 0.0170898 0.0107422 0.0358276
0 0.924219 0.220703 0.0359375 0.0449219 0.0333252
0 0.935938 0.223389 0.0390625 0.0390625 0.0324097
0 0.0196533 0.819336 0.0393066 0.0292969 0.0318604
0 0.917188 0.979492 0.0078125 0.00976562 0.0316162
0 0.431641 0.986328 0.046875 0.0273438 0.0314331
0 0.171875 0.491699 0.0140625 0.00878906 0.0299835
0 0.421875 0.841309 0.0351562 0.0332031 0.0297546
0 0.320117 0.429443 0.0222656 0.019043 0.0288086
0 0.660937 0.529785 0.0171875 0.0205078 0.0287018
0 0.238672 0.834961 0.0183594 0.0244141 0.0284424
0 0.0156738 0.0708008 0.0258789 0.020874 0.0283356
0 0.403516 0.899902 0.0585938 0.0742188 0.0279083
0 0.924219 0.535156 0.06875 0.0566406 0.0274353
0 0.372949 0.307617 0.0181641 0.0195312 0.0273285
0 0.405469 0.905762 0.0476562 0.0576172 0.0272217
0 0.683984 0.272461 0.0179687 0.0107422 0.0261536
0 0.0149414 0.816406 0.0298828 0.0244141 0.0257568
0 0.697656 0.589355 0.0101562 0.00878906 0.0255585
0 0.413281 0.855469 0.0515625 0.0712891 0.0253296
0 0.443359 0.0476685 0.0109375 0.00939941 0.0235138
0 0.148926 0.544434 0.0101562 0.00878906 0.0228882
0 0.336133 0.370605 0.00976562 0.0078125 0.0225372
0 0.180469 0.986328 0.0226563 0.0175781 0.0225372
0 0.202734 0.310547 0.00664063 0.00878906 0.021698
0 0.534766 0.0692139 0.01875 0.0136719 0.0214539
0 0.584375 0.0773926 0.0078125 0.00695801 0.0212097
0 0.44375 0.901367 0.0328125 0.0253906 0.0206909
0 0.575 0.00793457 0.0210938 0.0158691 0.0201721
0 0.624219 0.0527954 0.0148437 0.0106201 0.0199432
0 0.180518 0.983398 0.0256836 0.0253906 0.0190125
0 0.180469 0.529297 0.0164062 0.0107422 0.0179901
0 0.785156 0.740723 0.01875 0.0107422 0.0179901
0 0.247461 0.411865 0.0195312 0.0185547 0.0177155
0 0.936719 0.539551 0.0609375 0.0615234 0.0173035
0 0.480859 0.929688 0.0398437 0.0380859 0.0172424
0 0.997266 0.895508 0.00546875 0.0117188 0.016983
0 0.741406 0.230713 0.0210938 0.0292969 0.0166626
0 0.3375 0.369873 0.00820312 0.0078125 0.016098
0 0.422656 0.988281 0.0320312 0.0175781 0.016098
0 0.100781 0.572266 0.0232422 0.015625 0.0160217
0 0.0754883 0.879883 0.00800781 0.0078125 0.0158386
0 0.0358398 0.35083 0.0126953 0.00976562 0.0157776
0 0.452734 0.499023 0.0171875 0.0214844 0.0156708
0 0.0931641 0.76123 0.00996094 0.0166016 0.0155411
0 0.324219 0.430908 0.0199219 0.0200195 0.0153046
0 0.0931641 0.760742 0.0144531 0.0234375 0.0149536
0 0.910156 0.547852 0.04375 0.0673828 0.0148392
0 0.204688 0.986328 0.0113281 0.00976562 0.0145569
0 0.585547 0.0106506 0.0367187 0.0213013 0.0143356
0 0.558594 0.509277 0.015625 0.015625 0.0139542
0 0.168262 0.491211 0.0132813 0.00878906 0.0139008
0 0.614453 0.709473 0.015625 0.0234375 0.0139008
0 0.576172 0.0109558 0.0234375 0.0219116 0.0137405
0 0.675781 0.693359 0.0109375 0.0117188 0.0136871
0 0.405859 0.397705 0.025 0.0209961 0.0136337
0 0.899219 0.537109 0.021875 0.0253906 0.0134277
0 0.681641 0.273193 0.0289063 0.0219727 0.0134277
0 0.333008 0.371582 0.0210938 0.0200195 0.0134277
0 0.942969 0.229736 0.0359375 0.0327148 0.0133743
0 0.174609 0.981445 0.0179687 0.0175781 0.0131683
0 0.272266 0.880859 0.00976562 0.00976562 0.0130692
0 0.929688 0.240967 0.034375 0.043457 0.0129242
0 0.0243286 0.623047 0.0119873 0.00976562 0.0128708
0 0.545703 0.515137 0.0265625 0.0253906 0.0125732
0 0.9875 0.995605 0.0109375 0.00878906 0.0124817
0 0.0919922 0.756836 0.0078125 0.0107422 0.0123367
0 0.127637 0.684082 0.0185547 0.015625 0.0122375
0 0.495703 0.36499 0.0226563 0.0200195 0.012146
0 0.128809 0.68457 0.0210938 0.0234375 0.012146
0 0.652344 0.700195 0.015625 0.0244141 0.012146
0 0.168066 0.680176 0.0416016 0.0361328 0.0118713
0 0.00522461 0.463135 0.00913086 0.00976562 0.0115967
0 0.164648 0.951172 0.0162109 0.0136719 0.011467
0 0.663281 0.531738 0.0164062 0.0224609 0.011467
0 0.182959 0.528809 0.0243164 0.0214844 0.0112915
0 0.408203 0.396973 0.0132813 0.00927734 0.0112
0 0.0963867 0.763184 0.0128906 0.015625 0.0111618
0 0.113672 0.572266 0.0365234 0.0175781 0.0111618
0 0.688281 0.262451 0.00859375 0.00878906 0.011116
0 0.989062 0.917969 0.0171875 0.0166016 0.011116
0 0.442578 0.523438 0.0125 0.00878906 0.0110703
0 0.111621 0.572266 0.0251953 0.0126953 0.0109863
0 0.432031 0.990234 0.034375 0.0195312 0.0109482
0 0.600781 0.981445 0.0210938 0.0234375 0.0108185
0 0.581641 0.0137329 0.0359375 0.0274658 0.0106964
0 0.911719 0.572266 0.0171875 0.0292969 0.0106506
0 0.0233521 0.840332 0.0144287 0.015625 0.0106125
0 0.0150879 0.811523 0.0301758 0.0283203 0.0105667
0 0.0741455 0.880371 0.0108887 0.0107422 0.0105286
0 0.404297 0.397949 0.015625 0.0112305 0.0104904
0 0.382422 0.285889 0.00859375 0.00732422 0.0104523
0 0.554688 0.506836 0.015625 0.0146484 0.0104065
0 0.419141 0.986328 0.0242187 0.015625 0.0103683
0 0.942969 0.550781 0.0625 0.0673828 0.0101318
0 0.653125 0.322998 0.0273438 0.0205078 0.0100937
0 0.651563 0.32251 0.01875 0.012207 0.0100555
0 0.466016 0.376709 0.0117188 0.00976562 0.00997162
0 0.0813477 0.987305 0.0167969 0.015625 0.00989532
0 0.17168 0.492188 0.0210938 0.0195312 0.00985718
0 0.448828 0.505859 0.0195312 0.0253906 0.00985718
0 0.945312 0.228333 0.0265625 0.0389404 0.00974274
0 0.249805 0.410156 0.0144531 0.00927734 0.00967407
0 0.617969 0.691895 0.0109375 0.0107422 0.00963593
0 0.952344 0.528809 0.0328125 0.0458984 0.00963593
0 0.0345215 0.814941 0.0224609 0.0253906 0.00963593
0 0.0307129 0.81543 0.0318359 0.0205078 0.00952148
0 0.317383 0.428955 0.0167969 0.0107422 0.00948334
0 0.469922 0.874512 0.0117188 0.015625 0.00937653
0 0.9 0.539062 0.021875 0.0400391 0.00926971
0 0.986719 0.961914 0.0234375 0.0429688 0.00923157
0 0.611328 0.708008 0.0195312 0.0253906 0.00919342
0 0.145215 0.282959 0.0132813 0.00976562 0.00908661
0 0.441406 0.901367 0.0265625 0.0185547 0.00898743
0 0.860156 0.40332 0.009375 0.0107422 0.00894928
0 0.455859 0.498535 0.0117188 0.00976562 0.0088501
0 0.408984 0.0218201 0.0539063 0.0414429 0.0088501
0 0.425781 0.983398 0.040625 0.03125 0.0088501
0 0.00671387 0.462402 0.0134277 0.0126953 0.00878143
0 0.0711914 0.882324 0.0203125 0.0253906 0.00874329
0 0.494141 0.36377 0.015625 0.0117188 0.00867462
0 0.411719 0.652832 0.021875 0.0107422 0.0086441
0 0.537891 0.523438 0.0109375 0.00976562 0.00861359
0 0.623438 0.0535278 0.0210938 0.0206299 0.00844574
0 0.401172 0.399658 0.0289063 0.0239258 0.00844574
0 0.532031 0.0672607 0.0171875 0.0128174 0.00837708
0 0.925 0.233887 0.0375 0.046875 0.00834656
0 0.143555 0.282959 0.00839844 0.00634766 0.00831604
0 0.246484 0.407715 0.0125 0.0131836 0.00831604
0 0.905469 0.544922 0.0359375 0.046875 0.00828552
0 0.911719 0.565918 0.0265625 0.0429688 0.00812531
0 0.840625 0.638184 0.0140625 0.0146484 0.00809479
0 0.248242 0.90918 0.0203125 0.0166016 0.00803375
0 0.597656 0.0146179 0.0429688 0.0292358 0.00793457
0 0.303906 0.344238 0.0128906 0.00878906 0.0078125
0 0.612109 0.708008 0.015625 0.0166016 0.0078125
0 0.328516 0.207581 0.0332031 0.0252686 0.0078125
0 0.616406 0.698242 0.0171875 0.0224609 0.0078125
0 0.682422 0.0257263 0.0414063 0.0289917 0.0077858
0 0.328711 0.00402832 0.0152344 0.00805664 0.00775528
0 0.175635 0.215942 0.00771484 0.0065918 0.00775528
0 0.384375 0.990234 0.0109375 0.00976562 0.00766754
0 0.477344 0.92627 0.0335938 0.0234375 0.00763702
0 0.534375 0.518555 0.0195312 0.0224609 0.00763702
0 0.182617 0.700195 0.00820312 0.00878906 0.00760651
0 0.627734 0.0547485 0.021875 0.0224609 0.00757599
0 0.782812 0.743652 0.0265625 0.0234375 0.00757599
0 0.324219 0.428711 0.00976562 0.00732422 0.00754929
0 0.557813 0.51416 0.0257812 0.0195312 0.00754929
0 0.372363 0.311035 0.0146484 0.0141602 0.00751877
0 0.244141 0.410889 0.0125 0.00927734 0.00748825
0 0.690234 0.273682 0.0296875 0.0219727 0.00748825
0 0.27168 0.881836 0.0121094 0.0126953 0.00746155
0 0.0165283 0.0681152 0.0330566 0.029541 0.00746155
0 0.940625 0.561523 0.053125 0.0654297 0.00743103
0 0.329688 0.169312 0.0125 0.00976562 0.00740433
0 0.109473 0.833984 0.0255859 0.0234375 0.00737381
0 0.572656 0.0734253 0.009375 0.00708008 0.00728989
0 0.507422 0.838867 0.0164062 0.0136719 0.00728989
0 0.327734 0.165771 0.0210938 0.0219727 0.00717545
0 0.372461 0.70752 0.0136719 0.00976562 0.00709534
0 0.560938 0.518066 0.021875 0.0283203 0.00701141
0 0.45 0.498047 0.0140625 0.0117188 0.00698471
0 0.129688 0.687988 0.0251953 0.0302734 0.00695801
0 0.505078 0.839355 0.021875 0.0166016 0.0068779
0 0.17749 0.670898 0.0161133 0.0107422 0.00682449
0 0.425391 0.847168 0.0289063 0.03125 0.00677109
0 0.582031 0.00889587 0.0335938 0.0177917 0.00658798
0 0.148828 0.544434 0.0197266 0.0224609 0.00653839
0 0.0859375 0.763672 0.0207031 0.0253906 0.0064888
0 0.0939453 0.756348 0.00917969 0.0126953 0.00641251
0 0.0907227 0.768555 0.0101562 0.0136719 0.00638962
0 0.648828 0.702637 0.0195312 0.0244141 0.00638962
0 0.0756836 0.882324 0.0164062 0.0234375 0.00636292
0 0.708984 0.0274963 0.0898438 0.0404663 0.00634003
0 0.984375 0.97168 0.03125 0.0507812 0.00629044
0 0.442969 0.90625 0.0351562 0.0371094 0.00626373
0 0.607422 0.981445 0.0109375 0.0175781 0.00624084
0 0.108789 0.446777 0.0210938 0.0229492 0.00624084
0 0.608594 0.700684 0.0109375 0.0117188 0.00621796
0 0.185742 0.440186 0.00859375 0.0078125 0.00619125
0 0.125488 0.682617 0.0164062 0.0126953 0.00616837
0 0.37207 0.311035 0.0207031 0.0239258 0.00612259
0 0.691406 0.742676 0.0125 0.0117188 0.00605011
0 0.680078 0.273193 0.0195312 0.00927734 0.00591278
0 0.587891 0.0298767 0.0570313 0.0597534 0.00591278
0 0.594531 0.00930786 0.0390625 0.0186157 0.00591278
0 0.996484 0.897461 0.00703125 0.0126953 0.005867
0 0.466406 0.353027 0.0125 0.0117188 0.00579834
0 0.672266 0.572266 0.0101562 0.00878906 0.00579834
0 0.95625 0.515625 0.028125 0.0224609 0.00579834
0 0.0993164 0.316895 0.0111328 0.0136719 0.00577545
0 0.727344 0.748047 0.0148437 0.0107422 0.00575256
0 0.533594 0.06604 0.021875 0.0250244 0.00572968
0 0.313477 0.431152 0.0300781 0.0239258 0.00570679
0 0.00554199 0.525879 0.011084 0.149414 0.00564194
0 0.593359 0.0270996 0.0421875 0.0482178 0.00561905
0 0.411328 0.846191 0.0453125 0.0429688 0.00559998
0 0.129199 0.563477 0.0132813 0.0136719 0.00557709
0 0.0286743 0.725586 0.0360107 0.0361328 0.0055542
0 0.903906 0.987305 0.025 0.0253906 0.0055542
0 0.00692139 0.462646 0.0138428 0.0249023 0.00553513
0 0.903125 0.122803 0.009375 0.00708008 0.00551224
0 0.695312 0.0267639 0.0671875 0.0348511 0.00548935
0 0.914062 0.227112 0.021875 0.0491943 0.00548935
0 0.192188 0.444824 0.0222656 0.0239258 0.00544739
0 0.649219 0.321289 0.0164062 0.012207 0.00540543
0 0.136328 0.38916 0.0117188 0.0078125 0.00540543
0 0.473828 0.922852 0.0226563 0.0185547 0.00540543
0 0.0848633 0.770996 0.009375 0.0107422 0.00538635
0 0.182617 0.986328 0.0359375 0.0195312 0.00538635
0 0.152734 0.543945 0.0175781 0.0234375 0.00527954
0 0.0219849 0.844238 0.0153076 0.0214844 0.00526047
0 0.105469 0.443359 0.0115234 0.00976562 0.00524139
0 0.133105 0.564453 0.0125 0.0136719 0.00524139
0 0.236719 0.748047 0.0109375 0.00976562 0.00521851
0 0.116016 0.833496 0.0199219 0.0224609 0.00521851
0 0.14248 0.557129 0.0205078 0.0244141 0.00519943
0 0.541406 0.336182 0.0109375 0.012207 0.00518036
0 0.996094 0.0648193 0.0078125 0.129639 0.00516129
0 0.270898 0.852539 0.0394531 0.0351562 0.00516129
0 0.560547 0.0718994 0.015625 0.0108643 0.00510025
0 0.0119385 0.394775 0.020752 0.0283203 0.00510025
0 0.557031 0.503418 0.0210938 0.0263672 0.00510025
0 0.230273 0.453369 0.0113281 0.00976562 0.0050621
0 0.568359 0.0733643 0.0234375 0.0203857 0.0050621
0 0.75 0.233826 0.0382813 0.0352783 0.0050621
0 0.472656 0.967529 0.021875 0.0180664 0.00503922
0 0.671094 0.692383 0.0242187 0.0253906 0.00503922
0 0.989844 0.587891 0.0140625 0.0126953 0.00502014
0 0.120508 0.564941 0.0316406 0.0283203 0.00502014
0 0.915625 0.450439 0.009375 0.00830078 0.00498199
0 0.994141 0.0432739 0.0117188 0.0865479 0.00498199
0 0.251367 0.407715 0.0199219 0.0244141 0.00498199
0 0.579687 0.0761719 0.021875 0.0217285 0.00494385
0 0.703125 0.742676 0.0125 0.0126953 0.00492477
0 0.108984 0.444824 0.0138672 0.00976562 0.00486755
0 0.534375 0.0744629 0.025 0.0290527 0.00486755
0 0.322656 0.165039 0.0292969 0.0234375 0.00484848
0 0.160352 0.228516 0.0154297 0.00927734 0.00481033
0 0.805469 0.983398 0.0078125 0.00976562 0.00481033
0 0.659766 0.532715 0.0242187 0.0205078 0.00481033
0 0.378906 0.291504 0.01875 0.0219727 0.00481033
0 0.337695 0.371094 0.0160156 0.0229492 0.00481033
0 0.00168457 0.508911 0.00336914 0.138428 0.00481033
0 0.917188 0.555664 0.0515625 0.0683594 0.00473785
0 0.91875 0.981445 0.0203125 0.0253906 0.00473785
0 0.226758 0.244629 0.0402344 0.0336914 0.00471878
0 0.609766 0.702637 0.0195312 0.0244141 0.00471878
0 0.754687 0.77832 0.009375 0.00878906 0.00469971
0 0.186133 0.989258 0.0160156 0.0117188 0.00466537
0 0.421875 0.385742 0.0132813 0.00927734 0.0046463
0 0.960156 0.541016 0.021875 0.0625 0.0046463
0 0.203711 0.756836 0.0351562 0.046875 0.00462723
0 0.779688 0.754395 0.025 0.0273438 0.00462723
0 0.428516 0.621094 0.00703125 0.0078125 0.00460815
0 0.594922 0.0101013 0.0320312 0.0202026 0.00457382
0 0.444531 0.522461 0.0117188 0.00976562 0.00457382
0 0.504297 0.839844 0.0273438 0.0244141 0.00452042
0 0.0833008 0.470337 0.0107422 0.0153809 0.00450516
0 0.788281 0.739746 0.0171875 0.0078125 0.00450516
0 0.124902 0.982422 0.015625 0.0136719 0.00450516
0 0.679297 0.272949 0.0351562 0.0151367 0.00450516
