0 0.630078 0.409912 0.0210938 0.0195312 0.930176
0 0.682031 0.432861 0.01875 0.0239258 0.782715
0 0.623438 0.375488 0.0140625 0.0200195 0.71875
0 0.428906 0.276855 0.0164062 0.0131836 0.702637
0 0.677734 0.326416 0.0109375 0.0166016 0.637207
0 0.466797 0.162842 0.0117188 0.0144043 0.519531
0 0.442578 0.213379 0.009375 0.0131836 0.470703
0 0.647266 0.304443 0.00859375 0.0161133 0.460938
0 0.752344 0.169067 0.0078125 0.0107422 0.439697
0 0.696875 0.11499 0.0078125 0.0102539 0.42627
0 0.55 0.0667114 0.0117188 0.0181885 0.403564
0 0.689844 0.228516 0.00625 0.0166016 0.401611
0 0.682031 0.461182 0.0101562 0.0146484 0.373779
0 0.563672 0.0499268 0.00625 0.0108643 0.366699
0 0.790625 0.378906 0.0125 0.0131836 0.336426
0 0.492188 0.133423 0.0078125 0.0109863 0.320801
0 0.637891 0.44751 0.0078125 0.0112305 0.317383
0 0.367188 0.848145 0.00625 0.0078125 0.291016
0 0.700391 0.212158 0.00703125 0.0136719 0.281494
0 0.428516 0.2771 0.01875 0.0209961 0.277588
0 0.802344 0.0906067 0.0078125 0.0165405 0.256836
0 0.779688 0.118042 0.00625 0.0112305 0.250977
0 0.674609 0.357666 0.0078125 0.0126953 0.240723
0 0.664453 0.324219 0.00703125 0.00927734 0.225464
0 0.553906 0.49707 0.00625 0.0078125 0.222656
0 0.466797 0.163574 0.015625 0.0217285 0.217285
0 0.674609 0.357422 0.00625 0.00976562 0.214722
0 0.791406 0.379639 0.01875 0.0224609 0.196167
0 0.796875 0.104401 0.009375 0.022644 0.185913
0 0.551562 0.0692139 0.0179687 0.0227051 0.185303
0 0.648828 0.326172 0.015625 0.0131836 0.178955
0 0.635156 0.00846863 0.0226563 0.0169373 0.168335
0 0.558984 0.0714111 0.00859375 0.00976562 0.162354
0 0.0188232 0.85791 0.00600586 0.00976562 0.156128
0 0.639844 0.00637817 0.0101562 0.00762939 0.149048
0 0.799219 0.0992432 0.009375 0.0227051 0.142212
0 0.547266 0.0707397 0.0109375 0.0167236 0.131226
0 0.640234 0.316406 0.0101562 0.0161133 0.130249
0 0.632812 0.00714111 0.0148437 0.0078125 0.129395
0 0.442969 0.213867 0.0140625 0.0219727 0.126343
0 0.795313 0.108643 0.0078125 0.0148926 0.115173
0 0.798437 0.096283 0.0125 0.0305786 0.113953
0 0.700781 0.213623 0.009375 0.0170898 0.111267
0 0.354102 0.340576 0.0101562 0.0141602 0.111267
0 0.696484 0.116821 0.0140625 0.0197754 0.104126
0 0.673828 0.360596 0.00859375 0.0170898 0.0974121
0 0.700391 0.213806 0.0140625 0.0230713 0.0957031
0 0.551562 0.0634155 0.009375 0.010498 0.0950317
0 0.680078 0.326172 0.009375 0.0151367 0.0950317
0 0.491797 0.133667 0.0132813 0.0205078 0.0946655
0 0.682813 0.46228 0.0140625 0.0227051 0.0910645
0 0.642187 0.320801 0.0132813 0.0175781 0.0891113
0 0.646484 0.307617 0.0140625 0.0244141 0.085083
0 0.558203 0.0704346 0.0109375 0.0119629 0.0753174
0 0.691406 0.229248 0.0117188 0.0244141 0.0680542
0 0.796875 0.102509 0.015625 0.0310669 0.0665894
0 0.0178711 0.856934 0.0105469 0.0136719 0.0658569
0 0.625781 0.408203 0.0171875 0.0161133 0.0646362
0 0.802344 0.0872803 0.0078125 0.0109863 0.0596619
0 0.660547 0.324707 0.0125 0.0136719 0.0579224
0 0.678125 0.326172 0.015625 0.0229492 0.0577087
0 0.675 0.358398 0.0140625 0.0224609 0.0577087
0 0.8 0.0919189 0.0125 0.0251465 0.0562439
0 0.653906 0.328125 0.0195312 0.0219727 0.0562439
0 0.649219 0.304199 0.0109375 0.0146484 0.0558167
0 0.751953 0.170166 0.0125 0.0212402 0.0552063
0 0.792969 0.378906 0.0109375 0.0126953 0.0548096
0 0.63125 0.416748 0.021875 0.0263672 0.0545959
0 0.646094 0.3125 0.0109375 0.0161133 0.0512695
0 0.651172 0.328125 0.0164062 0.0146484 0.0483093
0 0.78125 0.118408 0.009375 0.0124512 0.0463867
0 0.664453 0.327881 0.00859375 0.0112305 0.0462036
0 0.553516 0.0628662 0.0164062 0.0235596 0.0453491
0 0.630078 0.00790405 0.0117188 0.00897217 0.0446777
0 0.780273 0.117432 0.0128906 0.0197754 0.0445251
0 0.684766 0.437012 0.01875 0.0263672 0.042572
0 0.666016 0.327881 0.0164062 0.0219727 0.0406799
0 0.552344 0.0703735 0.0148437 0.0157471 0.0394897
0 0.366211 0.849121 0.0140625 0.0185547 0.0391235
0 0.638281 0.449707 0.0140625 0.0205078 0.0389709
0 0.648438 0.325684 0.0195312 0.0229492 0.0362244
0 0.674219 0.329834 0.0148437 0.0146484 0.0360718
0 0.66875 0.325684 0.0171875 0.0205078 0.0354004
0 0.622656 0.380615 0.0140625 0.0185547 0.0352783
0 0.563672 0.0518799 0.0140625 0.0218506 0.0352783
0 0.626562 0.408203 0.0195312 0.0244141 0.0336609
0 0.553125 0.498535 0.0125 0.0195312 0.0332031
0 0.367773 0.847656 0.00820312 0.00976562 0.0330811
0 0.644531 0.311279 0.0117188 0.0214844 0.0316162
0 0.679688 0.32959 0.0117188 0.015625 0.0306702
0 0.00961914 0.845215 0.00693359 0.0146484 0.0305634
0 0.639063 0.320312 0.0140625 0.0244141 0.0302124
0 0.0161621 0.859375 0.012793 0.0224609 0.0300446
0 0.689453 0.233643 0.00703125 0.0161133 0.0297546
0 0.349414 0.345947 0.00976562 0.0107422 0.029541
0 0.794531 0.109619 0.015625 0.0229492 0.0285492
0 0.637891 0.445557 0.0109375 0.0131836 0.0281067
0 0.751172 0.168335 0.0117188 0.0151367 0.0271759
0 0.352734 0.34082 0.0148437 0.0224609 0.0268555
0 0.549219 0.0638428 0.015625 0.0174561 0.0266571
0 0.678906 0.439697 0.0210938 0.0288086 0.0264587
0 0.905469 0.978516 0.0109375 0.0175781 0.0250854
0 0.625391 0.41333 0.0203125 0.0209961 0.0235138
0 0.563281 0.0505981 0.0101562 0.0126953 0.0230713
0 0.796094 0.380859 0.021875 0.0249023 0.0227661
0 0.754687 0.987305 0.0101562 0.0136719 0.0222931
0 0.688672 0.233398 0.015625 0.0268555 0.0222931
0 0.555469 0.496582 0.00859375 0.00878906 0.0220337
0 0.790625 0.376221 0.0140625 0.0161133 0.0218658
0 0.35293 0.344238 0.0113281 0.0131836 0.0216217
0 0.677344 0.322754 0.0117188 0.0166016 0.0214539
0 0.678516 0.462036 0.01875 0.0251465 0.0212402
0 0.564062 0.0484009 0.0078125 0.0109863 0.0211182
0 0.679297 0.431885 0.028125 0.0234375 0.0207977
0 0.780469 0.116821 0.009375 0.00854492 0.02034
0 0.545313 0.0723877 0.0109375 0.0161133 0.0200958
0 0.471484 0.163086 0.0203125 0.0251465 0.0193481
0 0.553125 0.498535 0.009375 0.0107422 0.0192719
0 0.0108643 0.839355 0.013916 0.0292969 0.0192719
0 0.561328 0.0704956 0.015625 0.0240479 0.0190582
0 0.433203 0.276611 0.021875 0.0239258 0.0190582
0 0.551562 0.49707 0.0171875 0.0195312 0.0189362
0 0.685938 0.429199 0.0132813 0.0166016 0.0187683
0 0.790625 0.381836 0.0140625 0.0136719 0.018692
0 0.0186768 0.857422 0.0144043 0.0224609 0.0179901
0 0.497266 0.133911 0.0195312 0.0231934 0.0179138
0 0.651172 0.320068 0.0132813 0.0146484 0.0177765
0 0.446484 0.213135 0.01875 0.0244141 0.0177765
0 0.795313 0.1073 0.0109375 0.0180664 0.0175781
0 0.621094 0.376709 0.0148437 0.0205078 0.0174408
0 0.466406 0.163818 0.0234375 0.0195312 0.0173035
0 0.625 0.375977 0.0226563 0.0249023 0.0173035
0 0.77832 0.119507 0.0152344 0.0214844 0.0170441
0 0.695703 0.114258 0.0171875 0.0227051 0.0167236
0 0.00501709 0.0655518 0.0100342 0.131104 0.0164642
0 0.554688 0.0742188 0.021875 0.0251465 0.0162811
0 0.0192261 0.860352 0.0117432 0.0136719 0.0157166
0 0.635156 0.409912 0.0171875 0.0166016 0.0156021
0 0.646484 0.302979 0.0164062 0.0244141 0.0153046
0 0.664844 0.322021 0.0109375 0.00976562 0.0152512
0 0.152832 0.84375 0.00605469 0.00976562 0.0150757
0 0.905469 0.975586 0.0125 0.0195312 0.0147858
0 0.642578 0.00497437 0.0078125 0.00738525 0.0146713
0 0.660156 0.330566 0.0171875 0.0151367 0.0144501
0 0.00793457 0.921631 0.0158691 0.156738 0.0137939
0 0.628516 0.0104675 0.01875 0.0192261 0.0137405
0 0.633984 0.0124817 0.0242187 0.0249634 0.0134811
0 0.639063 0.00756836 0.0164062 0.0105591 0.0132751
0 0.430859 0.275391 0.0140625 0.0146484 0.0128708
0 0.639453 0.310059 0.01875 0.0273438 0.012825
0 0.700781 0.2146 0.0210938 0.0229492 0.0126266
0 0.689453 0.229004 0.0117188 0.0209961 0.0123825
0 0.677734 0.438965 0.0328125 0.03125 0.0123825
0 0.0367187 0.0129089 0.0734375 0.0258179 0.0123367
0 0.696094 0.223572 0.0125 0.0172119 0.0122375
0 0.698438 0.115234 0.0101562 0.00878906 0.0121002
0 0.679297 0.325684 0.0226563 0.0195312 0.0116425
0 0.672656 0.358643 0.021875 0.0234375 0.0115509
0 0.492969 0.136597 0.0171875 0.0239258 0.0113297
0 0.684766 0.324463 0.0210938 0.0239258 0.0112457
0 0.794531 0.112061 0.009375 0.0146484 0.0112
0 0.8 0.104279 0.0109375 0.0214233 0.0110703
0 0.427734 0.279541 0.0257812 0.0224609 0.0110703
0 0.689062 0.11792 0.021875 0.0234375 0.0110703
0 0.8 0.110107 0.0171875 0.0280762 0.0109863
0 0.561719 0.0725708 0.009375 0.0107422 0.0107346
0 0.441406 0.217651 0.0117188 0.0158691 0.0107346
0 0.792969 0.386963 0.021875 0.0292969 0.0106506
0 0.659766 0.321045 0.0125 0.0131836 0.0104904
0 0.366211 0.850586 0.00976562 0.0117188 0.0104904
0 0.466016 0.158447 0.0132813 0.0170898 0.0104523
0 0.799219 0.0957031 0.0203125 0.0314941 0.0104065
0 0.686719 0.438965 0.0140625 0.0219727 0.0103683
0 0.00609131 0.901855 0.0121826 0.168945 0.0103302
0 0.668359 0.325928 0.0273438 0.0200195 0.0102463
0 0.647266 0.308105 0.0195312 0.0273438 0.01017
0 0.696094 0.120972 0.0179687 0.0266113 0.0100937
0 0.694531 0.11499 0.0140625 0.0148926 0.0100098
0 0.797656 0.10318 0.021875 0.0363159 0.00985718
0 0.691406 0.231201 0.0210938 0.0249023 0.00985718
0 0.492188 0.130249 0.0171875 0.0251465 0.00985718
0 0.683594 0.463745 0.021875 0.0217285 0.00978088
0 0.755078 0.169067 0.009375 0.0102539 0.00974274
0 0.425781 0.274658 0.0164062 0.015625 0.00974274
0 0.560547 0.0488281 0.0203125 0.026001 0.00971222
0 0.0239258 0.861816 0.0202148 0.0253906 0.00955963
0 0.687891 0.233643 0.025 0.0273438 0.00952148
0 0.00632324 0.941895 0.0126465 0.116211 0.00933838
0 0.696484 0.207275 0.0195312 0.0273438 0.00926971
0 0.000244141 0.0444641 0.000488281 0.0889282 0.0091629
0 0.785352 0.108978 0.0214844 0.0315552 0.00905609
0 0.671875 0.322266 0.0140625 0.0136719 0.00901794
0 0.90625 0.97583 0.015625 0.0249023 0.0088501
0 0.548047 0.0742188 0.0179687 0.0250244 0.00867462
0 0.755078 0.983398 0.0117188 0.0175781 0.0086441
0 0.695312 0.229492 0.0101562 0.0170898 0.00854492
0 0.014917 0.851074 0.0111816 0.0185547 0.00844574
0 0.633594 0.407715 0.021875 0.0244141 0.00812531
0 0.673047 0.350342 0.0140625 0.0166016 0.00809479
0 0.564062 0.0549316 0.0078125 0.012085 0.00803375
0 0.497266 0.00909424 0.114844 0.0181885 0.00803375
0 0.0425293 0.0211792 0.0850586 0.0423584 0.00787354
0 0.571484 0.276611 0.090625 0.0917969 0.00787354
0 0.752734 0.1698 0.0109375 0.0100098 0.0078125
0 0.429297 0.270996 0.0195312 0.0263672 0.0078125
0 0.969141 0.996094 0.0617188 0.0078125 0.0078125
0 0.701953 0.208313 0.0164062 0.0252686 0.00775528
0 0.78125 0.120605 0.015625 0.0236816 0.00769424
0 0.630859 0.372314 0.009375 0.0151367 0.00766754
0 0.696875 0.116089 0.0101562 0.0100098 0.00766754
0 0.753516 0.169434 0.0210938 0.0180664 0.00757599
0 0.435937 0.281494 0.0234375 0.0253906 0.00757599
0 0.995703 0.0537109 0.00859375 0.107422 0.00754929
0 0.642969 0.318604 0.0210938 0.0244141 0.00748825
0 0.351367 0.343994 0.0167969 0.0214844 0.00748825
0 0.934375 0.0110931 0.117188 0.0221863 0.00746155
0 0.569531 0.00836182 0.114063 0.0167236 0.00740433
0 0.440234 0.213867 0.025 0.019043 0.00740433
0 0.687891 0.467041 0.0203125 0.027832 0.00737381
0 0.966016 0.0131226 0.0679687 0.0262451 0.00728989
0 0.000341797 0.956543 0.000683594 0.0869141 0.00717545
0 0.701172 0.219727 0.009375 0.0141602 0.00714874
0 0.643359 0.328125 0.0171875 0.0146484 0.00714874
0 0.442969 0.208374 0.0164062 0.026123 0.00712204
0 0.626562 0.419678 0.0234375 0.0327148 0.00712204
0 0.0553711 0.0121765 0.110742 0.024353 0.00703812
0 0.00444336 0.0563965 0.00888672 0.112793 0.00703812
0 0.996094 0.666504 0.0078125 0.132812 0.00677109
0 0.79375 0.376221 0.0109375 0.0131836 0.00669098
0 0.468359 0.16748 0.0234375 0.0236816 0.00669098
0 0.805469 0.0894775 0.009375 0.013916 0.00664139
0 0.794531 0.110352 0.0234375 0.0222168 0.00664139
0 0.682031 0.468506 0.0117188 0.0161133 0.00661469
0 0.521875 0.00823975 0.11875 0.0164795 0.00661469
0 0.489062 0.134766 0.025 0.0214844 0.00661469
0 0.638281 0.320557 0.021875 0.0244141 0.00653839
0 0.464453 0.165161 0.0164062 0.0170898 0.00643921
0 0.354492 0.336426 0.0113281 0.0161133 0.00643921
0 0.00865479 0.0811768 0.0173096 0.162354 0.00638962
0 0.13418 0.0115662 0.122656 0.0231323 0.00634003
0 0.271289 0.0113525 0.126563 0.0227051 0.00629044
0 0.571484 0.282227 0.207813 0.0341797 0.00624084
0 0.367871 1 0.118945 0 0.00621796
0 0.640234 0.00846863 0.0234375 0.0169373 0.00619125
0 0.784375 0.0108948 0.126563 0.0217896 0.00614548
0 0.74707 0.0103455 0.121484 0.0206909 0.00609589
0 0.779883 1 0.123047 0 0.00609589
0 0.795313 0.383057 0.015625 0.0151367 0.006073
0 0.697656 0.11499 0.021875 0.0166016 0.006073
0 0.00554199 0.904297 0.011084 0.125 0.006073
0 0.430859 0.281006 0.01875 0.0170898 0.00605011
0 0.0964111 0.0117798 0.122803 0.0235596 0.00605011
0 0.196533 0.0115356 0.124121 0.0230713 0.00605011
0 0.308594 0.0108795 0.123438 0.021759 0.00605011
0 0.701563 0.21051 0.0101562 0.0164795 0.00600433
0 0.417969 1 0.119531 0 0.00595856
0 0.683594 0.46106 0.0101562 0.017334 0.00588989
0 0.686328 0.330811 0.021875 0.0253906 0.00588989
0 0.0227783 0.856934 0.0186035 0.0244141 0.00588989
0 0.553906 0.498047 0.009375 0.00585938 0.005867
0 0.233789 0.0118103 0.126172 0.0236206 0.005867
0 0.00686035 0.837891 0.0137207 0.0371094 0.005867
0 0.346289 0.0109711 0.119141 0.0219421 0.00579834
0 0.698828 0.00921631 0.10625 0.0184326 0.00577545
0 0.366406 0.848145 0.0195312 0.0146484 0.00577545
0 0.958984 0.999023 0.0820312 0.00195312 0.00575256
0 0.392969 1 0.119531 0 0.00575256
0 0.649609 0.305176 0.0195312 0.0214844 0.00566483
0 0.444141 0.21875 0.0125 0.0166016 0.00561905
0 0.721875 0.0100098 0.117188 0.0200195 0.00561905
0 0.443359 1 0.116406 0 0.00559998
0 0.4625 0.15918 0.0226563 0.0300293 0.00559998
0 0.781445 0.11731 0.0199219 0.0168457 0.00557709
0 0.896875 0.0106201 0.11875 0.0212402 0.0055542
0 0.00322266 0.94043 0.00644531 0.119141 0.0055542
0 0.750391 0.172363 0.025 0.0229492 0.00553513
0 0.687109 0.458008 0.00859375 0.012207 0.00551224
0 0.778906 0.117188 0.009375 0.012207 0.00548935
0 0.472656 0.0108032 0.109375 0.0216064 0.00548935
0 0.305078 1 0.118359 0 0.00547028
0 0.366797 0.849609 0.00976562 0.0078125 0.00544739
0 0.6375 0.449219 0.0203125 0.0185547 0.00544739
0 0.581641 1 0.110156 0 0.00544739
0 0.353711 0.341309 0.0234375 0.0200195 0.00542831
0 0.680078 0.429688 0.0164062 0.0234375 0.00540543
0 0.38125 1 0.100781 0 0.00538635
0 0.750781 0.172974 0.015625 0.0161133 0.00536346
0 0.0113037 0.852051 0.0100098 0.015625 0.00536346
0 0.640234 0.0136108 0.0226563 0.0272217 0.00536346
0 0.491797 0.132935 0.0101562 0.0136719 0.00534439
0 0.35625 1 0.100781 0 0.00534439
0 0.342969 1 0.121094 0 0.00534439
0 0.423047 1 0.0921875 0 0.00534439
0 0.36748 1 0.0869141 0 0.00534439
0 0.267578 1 0.121875 0 0.0053215
0 0.548828 0.074707 0.0273438 0.0245361 0.00530243
0 0.821094 0.0108337 0.125 0.0216675 0.00526047
0 0.858594 0.0106049 0.120312 0.0212097 0.00526047
0 0.817187 1 0.120312 0 0.00521851
0 0.0181885 0.85791 0.0217285 0.0205078 0.00516129
