0 0.65625 0.522461 0.059375 0.0556641 0.684082
0 0.364648 0.169067 0.0078125 0.0180664 0.38501
0 0.382812 0.165649 0.0078125 0.0153809 0.339844
0 0.596484 0.260254 0.009375 0.0234375 0.282959
0 0.648438 0.521484 0.0367187 0.046875 0.277588
0 0.364062 0.171997 0.00703125 0.0185547 0.271973
0 0.816406 0.691895 0.0140625 0.0175781 0.262939
0 0.270898 0.204224 0.0078125 0.0266113 0.250977
0 0.739844 0.918457 0.0140625 0.0205078 0.246582
0 0.545313 0.965088 0.0140625 0.0327148 0.246582
0 0.28418 0.554688 0.0152344 0.0117188 0.230957
0 0.322266 0.177979 0.00703125 0.0175781 0.228149
0 0.785156 0.899902 0.01875 0.0195312 0.228149
0 0.208594 0.238525 0.0078125 0.0258789 0.225464
0 0.795313 0.902832 0.0265625 0.0234375 0.224731
0 0.241211 0.216064 0.00742187 0.0209961 0.219971
0 0.757812 0.986328 0.009375 0.0117188 0.217285
0 0.415234 0.158936 0.00625 0.0144043 0.214722
0 0.297656 0.19043 0.00742187 0.0251465 0.213379
0 0.79375 0.905273 0.034375 0.0263672 0.184204
0 0.344727 0.174438 0.00742187 0.0219727 0.183594
0 0.322461 0.182007 0.00742187 0.0231934 0.183594
0 0.582422 0.473511 0.0078125 0.0109863 0.182373
0 0.241602 0.220215 0.00742187 0.0219727 0.171021
0 0.8 0.900879 0.0203125 0.0175781 0.167725
0 0.399219 0.166382 0.0078125 0.0183105 0.154053
0 0.766016 0.911621 0.0179687 0.0117188 0.154053
0 0.445312 0.144775 0.0078125 0.0129395 0.151978
0 0.398828 0.166016 0.0132813 0.0222168 0.151978
0 0.666406 0.88623 0.0117188 0.0263672 0.149048
0 0.430859 0.151733 0.00859375 0.0146484 0.141235
0 0.595703 0.256104 0.009375 0.0268555 0.141235
0 0.547266 0.959717 0.0117188 0.0239258 0.141235
0 0.132129 0.2854 0.00820312 0.0297852 0.140381
0 0.457812 0.137573 0.00703125 0.012207 0.138428
0 0.471484 0.13269 0.0078125 0.0170898 0.138428
0 0.0844727 0.31665 0.00800781 0.0302734 0.136597
0 0.297852 0.185913 0.00703125 0.0178223 0.131226
0 0.17251 0.256592 0.00732422 0.019043 0.129395
0 0.660156 0.0631104 0.0078125 0.0205078 0.127686
0 0.0318359 0.353516 0.0112305 0.0366211 0.125977
0 0.0323242 0.348389 0.0078125 0.0317383 0.124207
0 0.729688 0.0227356 0.03125 0.0454712 0.124207
0 0.172705 0.266113 0.00771484 0.0239258 0.12085
0 0.28418 0.555664 0.0195312 0.0195312 0.12085
0 0.501172 0.536621 0.0171875 0.0380859 0.119995
0 0.816406 0.693848 0.01875 0.0244141 0.119995
0 0.0839844 0.320801 0.0125 0.034668 0.11676
0 0.489453 0.583008 0.0210938 0.0361328 0.115967
0 0.714844 0.791504 0.0125 0.0166016 0.115967
0 0.635547 0.166138 0.00859375 0.0195312 0.11438
0 0.667578 0.880859 0.0109375 0.0214844 0.11438
0 0.909375 0.710449 0.0125 0.00976562 0.112
0 0.172461 0.261475 0.00859375 0.0283203 0.111267
0 0.445703 0.767578 0.0257812 0.0166016 0.107422
0 0.324219 0.180664 0.0140625 0.027832 0.104858
0 0.131738 0.28833 0.0117188 0.0307617 0.10376
0 0.832812 0.194214 0.0125 0.0141602 0.103394
0 0.271484 0.210205 0.00898437 0.0205078 0.103394
0 0.298828 0.190674 0.0136719 0.0310059 0.102295
0 0.809375 0.875 0.0109375 0.0136719 0.0991211
0 0.595703 0.969727 0.0234375 0.0566406 0.0987549
0 0.664844 0.891113 0.0101562 0.0273438 0.0984497
0 0.759375 0.901855 0.0164062 0.0117188 0.0984497
0 0.297852 0.195068 0.00742187 0.0209961 0.0963745
0 0.516406 0.480347 0.0132813 0.0236816 0.0939941
0 0.172119 0.260986 0.0120117 0.0327148 0.093689
0 0.736719 0.924805 0.01875 0.0253906 0.0930176
0 0.702734 0.0195618 0.0210938 0.0391235 0.0930176
0 0.595312 0.258789 0.0125 0.03125 0.0917358
0 0.482812 0.129028 0.00859375 0.0114746 0.0878906
0 0.399609 0.163086 0.00703125 0.0141602 0.0878906
0 0.0841797 0.311768 0.00644531 0.0185547 0.0866089
0 0.559375 0.417725 0.0109375 0.0102539 0.0866089
0 0.626953 0.773438 0.009375 0.0205078 0.0863037
0 0.634375 0.163208 0.00859375 0.0161133 0.0856934
0 0.345313 0.171143 0.00703125 0.0161133 0.0847778
0 0.282617 0.890625 0.00976562 0.0136719 0.0844727
0 0.598047 0.265381 0.0078125 0.0180664 0.0830078
0 0.361133 0.169922 0.015625 0.0241699 0.0827026
0 0.208789 0.240234 0.0121094 0.027832 0.0809326
0 0.444141 0.767578 0.0273438 0.0234375 0.0797729
0 0.728125 0.771973 0.0421875 0.0478516 0.0794678
0 0.0853516 0.328125 0.00664063 0.0205078 0.0792236
0 0.785937 0.908203 0.021875 0.0175781 0.078064
0 0.521875 0.447998 0.025 0.0317383 0.0766602
0 0.208984 0.234863 0.00703125 0.0166016 0.0758667
0 0.739062 0.428711 0.0125 0.00927734 0.0758667
0 0.382812 0.166748 0.0101562 0.0187988 0.0750122
0 0.0330566 0.360596 0.0078125 0.0273438 0.0739746
0 0.28418 0.88916 0.00976562 0.0126953 0.0739746
0 0.415625 0.156006 0.0078125 0.0117188 0.0734253
0 0.405859 0.961182 0.0210938 0.0600586 0.0731812
0 0.657812 0.90918 0.00859375 0.0224609 0.0726318
0 0.623047 0.243408 0.015625 0.0253906 0.0723877
0 0.660156 0.90332 0.00859375 0.0214844 0.0715942
0 0.660547 0.258545 0.009375 0.0195312 0.0710449
0 0.271094 0.205872 0.0125 0.0306396 0.0703125
0 0.457812 0.140869 0.0078125 0.015625 0.0700684
0 0.182812 0.270752 0.0171875 0.0244141 0.0700684
0 0.789844 0.908203 0.03125 0.0224609 0.0698242
0 0.56875 0.0968018 0.00703125 0.0112305 0.0690308
0 0.492188 0.12854 0.009375 0.0109863 0.0673218
0 0.0348145 0.353271 0.0145508 0.0390625 0.0673218
0 0.479688 0.130127 0.0125 0.0153809 0.0670776
0 0.483984 0.494629 0.0117188 0.0214844 0.0670776
0 0.498437 0.547852 0.0125 0.0283203 0.0670776
0 0.0325195 0.343994 0.00742187 0.019043 0.0656128
0 0.817969 0.689941 0.0125 0.015625 0.0656128
0 0.329297 0.908691 0.028125 0.0361328 0.0648804
0 0.566797 0.098877 0.009375 0.0117188 0.0643921
0 0.601562 0.969727 0.0320312 0.0605469 0.0611877
0 0.748047 0.674316 0.00859375 0.0166016 0.0603027
0 0.309375 0.855957 0.0101562 0.0117188 0.0598755
0 0.829687 0.197388 0.01875 0.0153809 0.0594177
0 0.241602 0.218262 0.0117188 0.0288086 0.0587769
0 0.44375 0.146118 0.009375 0.0148926 0.0579224
0 0.502734 0.511719 0.0125 0.0253906 0.0577087
0 0.59375 0.253906 0.009375 0.0209961 0.0572815
0 0.671484 0.987305 0.0179687 0.0195312 0.0570679
0 0.83125 0.196655 0.021875 0.0227051 0.0568542
0 0.132422 0.281494 0.00742187 0.019043 0.0566406
0 0.755469 0.987305 0.00859375 0.00976562 0.0562439
0 0.365039 0.168823 0.0136719 0.0236816 0.0554199
0 0.755078 0.901855 0.0132813 0.00976562 0.0538025
0 0.442969 0.147461 0.0140625 0.0217285 0.0528259
0 0.344531 0.178467 0.00703125 0.0163574 0.0520325
0 0.507422 0.822754 0.00859375 0.0214844 0.0514526
0 0.625391 0.243408 0.0109375 0.0214844 0.0512695
0 0.480859 0.131348 0.015625 0.0209961 0.0512695
0 0.664844 0.889648 0.0148437 0.0380859 0.0512695
0 0.322266 0.187256 0.00625 0.017334 0.0510864
0 0.848437 0.870117 0.009375 0.015625 0.0509033
0 0.526563 0.440918 0.0140625 0.0146484 0.0505066
0 0.696484 0.547852 0.00625 0.0185547 0.0501404
0 0.763281 0.754883 0.0101562 0.0117188 0.0499573
0 0.784375 0.543457 0.0140625 0.0117188 0.049408
0 0.469922 0.133179 0.0140625 0.0219727 0.0492249
0 0.702344 0.806641 0.0164062 0.0205078 0.0486755
0 0.355078 0.893555 0.0125 0.0126953 0.0483093
0 0.658984 0.0605469 0.0125 0.0291748 0.0476074
0 0.433203 0.14978 0.015625 0.0219727 0.0463867
0 0.35625 0.174316 0.0175781 0.0258789 0.0460205
0 0.30332 0.861328 0.0101562 0.0146484 0.0456848
0 0.741406 0.913574 0.009375 0.0146484 0.0456848
0 0.455078 0.143799 0.0117188 0.0170898 0.0453491
0 0.712109 0.793457 0.0117188 0.015625 0.0451965
0 0.737109 0.92041 0.0140625 0.0195312 0.0451965
0 0.782031 0.895996 0.0140625 0.0126953 0.0450134
0 0.652734 0.92627 0.0078125 0.0205078 0.0446777
0 0.907031 0.711426 0.0203125 0.0195312 0.0445251
0 0.733594 0.924805 0.025 0.0390625 0.0445251
0 0.551953 0.423096 0.0164062 0.0131836 0.0438538
0 0.787695 0.903809 0.0261719 0.0234375 0.0435181
0 0.659375 0.25415 0.0109375 0.0263672 0.0430298
0 0.543359 0.969727 0.015625 0.0332031 0.0423889
0 0.7625 0.911133 0.0171875 0.0107422 0.0422363
0 0.135449 0.287842 0.0158203 0.0327148 0.0420837
0 0.185937 0.270508 0.0113281 0.0117188 0.041626
0 0.646875 0.941406 0.0109375 0.0292969 0.041626
0 0.567187 0.098877 0.0148437 0.0217285 0.0413208
0 0.742188 0.0241241 0.021875 0.0450134 0.0409851
0 0.696484 0.541016 0.00859375 0.0292969 0.0408325
0 0.501562 0.444336 0.0148437 0.0322266 0.0403748
0 0.208594 0.711914 0.0113281 0.00976562 0.0401001
0 0.699609 0.808594 0.0140625 0.0214844 0.0397949
0 0.723437 0.0205383 0.0242187 0.0410767 0.0394287
0 0.381934 0.16687 0.0142578 0.0229492 0.0391846
0 0.771289 0.010376 0.0167969 0.0183105 0.0387573
0 0.482422 0.647949 0.0273438 0.0654297 0.0386047
0 0.824219 0.901855 0.0140625 0.0107422 0.0380249
0 0.720312 0.78418 0.0117188 0.0205078 0.037323
0 0.383887 0.8125 0.0220703 0.015625 0.037323
0 0.548437 0.425781 0.0109375 0.00976562 0.0372009
0 0.635547 0.166992 0.0132813 0.0253906 0.0370483
0 0.785156 0.542969 0.0203125 0.0214844 0.0368347
0 0.544141 0.959473 0.0132813 0.0263672 0.0366211
0 0.430469 0.148193 0.0101562 0.0119629 0.035675
0 0.344336 0.174438 0.0128906 0.0266113 0.035614
0 0.503125 0.506348 0.0101562 0.0195312 0.035553
0 0.719922 0.15979 0.0234375 0.0290527 0.0354919
0 0.830469 0.194824 0.015625 0.0163574 0.0354004
0 0.547656 0.95459 0.0109375 0.0146484 0.0351562
0 0.597656 0.867188 0.0210938 0.0322266 0.0350037
0 0.649609 0.93457 0.009375 0.0224609 0.0346069
0 0.355273 0.897461 0.0222656 0.0263672 0.0345459
0 0.415234 0.158203 0.0140625 0.0236816 0.0344849
0 0.666406 0.78125 0.00625 0.0117188 0.0343628
0 0.829687 0.898926 0.028125 0.0214844 0.0343628
0 0.650781 0.931641 0.009375 0.0214844 0.0340881
0 0.769336 0.911133 0.0191406 0.0117188 0.0339661
0 0.501953 0.523926 0.01875 0.0585938 0.033783
0 0.703516 0.0143433 0.0148437 0.0228271 0.0335999
0 0.719531 0.774414 0.028125 0.0390625 0.0334778
0 0.799219 0.904297 0.0234375 0.0273438 0.0331421
0 0.210742 0.553711 0.0261719 0.0185547 0.03302
0 0.746875 0.67041 0.0078125 0.0126953 0.032959
0 0.791406 0.675781 0.009375 0.00976562 0.032959
0 0.445312 0.148071 0.0078125 0.0141602 0.0328369
0 0.456641 0.139038 0.0101562 0.015625 0.0327148
0 0.324414 0.176514 0.0105469 0.017334 0.0327148
0 0.742969 0.915527 0.0132813 0.0185547 0.0327148
0 0.742578 0.271729 0.0132813 0.0107422 0.0325928
0 0.839844 0.674805 0.0140625 0.0107422 0.0325928
0 0.555078 0.418701 0.021875 0.0234375 0.0325928
0 0.661719 0.0627441 0.0140625 0.0283203 0.0325317
0 0.299219 0.184937 0.00820312 0.0175781 0.0324707
0 0.914062 0.363525 0.0078125 0.0078125 0.0324707
0 0.523047 0.444092 0.0164062 0.0180664 0.0323486
0 0.737109 0.918457 0.0195312 0.0273438 0.0322876
0 0.505859 0.830078 0.0132813 0.0400391 0.0317383
0 0.196875 0.544922 0.0132813 0.0117188 0.0313721
0 0.497656 0.440918 0.0101562 0.0175781 0.03125
0 0.582422 0.47522 0.009375 0.0134277 0.03125
0 0.544922 0.966064 0.0234375 0.0385742 0.0312042
0 0.761719 0.907227 0.0226563 0.0205078 0.0312042
0 0.498437 0.544434 0.015625 0.0332031 0.0309143
0 0.836719 0.675781 0.0109375 0.00878906 0.0306702
0 0.432813 0.149292 0.0117188 0.0112305 0.0299835
0 0.932813 0.683105 0.0296875 0.0195312 0.0298767
0 0.457031 0.138916 0.0140625 0.0224609 0.0295868
0 0.740234 0.996582 0.0101562 0.00683594 0.029541
0 0.642578 0.525391 0.0320312 0.0380859 0.0293121
0 0.414453 0.162476 0.00703125 0.0136719 0.0292053
0 0.578125 0.081543 0.00703125 0.00927734 0.0290833
0 0.90625 0.709961 0.015625 0.0117188 0.0290833
0 0.241016 0.212097 0.00742187 0.0137939 0.0287628
0 0.696484 0.535156 0.009375 0.0302734 0.028656
0 0.716016 0.787109 0.0125 0.0175781 0.0283356
0 0.638281 0.177246 0.015625 0.0400391 0.0282135
0 0.364844 0.165649 0.0078125 0.0126953 0.0281067
0 0.514844 0.474609 0.0125 0.0234375 0.0281067
0 0.822656 0.893066 0.0125 0.0126953 0.0281067
0 0.521875 0.447021 0.0203125 0.0234375 0.0280151
0 0.669141 0.989258 0.0117188 0.0175781 0.0280151
0 0.853125 0.86377 0.009375 0.0166016 0.0279083
0 0.489844 0.984375 0.0234375 0.03125 0.0279083
0 0.738672 0.429443 0.01875 0.0200195 0.0278473
0 0.465234 0.456665 0.0109375 0.0251465 0.0278015
0 0.596875 0.865723 0.015625 0.0253906 0.0278015
0 0.823438 0.888184 0.0109375 0.0107422 0.0278015
0 0.488672 0.97876 0.028125 0.0424805 0.0275879
0 0.768945 0.712402 0.0480469 0.0449219 0.0275879
0 0.549609 0.969727 0.0226563 0.0429688 0.0272675
0 0.0847656 0.314941 0.0121094 0.03125 0.0271759
0 0.761328 0.270752 0.021875 0.0102539 0.0269623
0 0.639844 0.522461 0.0234375 0.0371094 0.0269623
0 0.744141 0.911621 0.0101562 0.0107422 0.0268555
0 0.491406 0.130615 0.0179687 0.0202637 0.0266113
0 0.174316 0.254883 0.0111328 0.0185547 0.0265503
0 0.848437 0.88916 0.0125 0.00878906 0.0263519
0 0.820312 0.686523 0.0125 0.0117188 0.0258636
0 0.776367 0.711426 0.0300781 0.0302734 0.0257568
0 0.76582 0.903809 0.0214844 0.0224609 0.0255585
0 0.585938 0.606445 0.0109375 0.00878906 0.0253754
0 0.357812 0.895508 0.0136719 0.0136719 0.0253754
0 0.621094 0.230225 0.01875 0.0522461 0.0253754
0 0.757422 0.902832 0.0195312 0.0205078 0.0253754
0 0.655469 0.916992 0.0078125 0.0205078 0.0250854
0 0.584375 0.0754395 0.00859375 0.010498 0.0249939
0 0.732813 0.997559 0.0125 0.00488281 0.0248871
0 0.814062 0.693848 0.015625 0.0185547 0.0247955
0 0.761328 0.967773 0.0140625 0.0117188 0.0247955
0 0.952344 0.913574 0.0171875 0.00976562 0.024704
0 0.628906 0.772461 0.0132813 0.0263672 0.024704
0 0.467187 0.426025 0.00703125 0.0146484 0.0244293
0 0.484766 0.499512 0.0101562 0.0185547 0.024231
0 0.705469 0.257812 0.0296875 0.0302734 0.0241852
0 0.602734 0.76123 0.00546875 0.0107422 0.0241394
0 0.699609 0.0228271 0.0328125 0.0456543 0.0240479
0 0.761328 0.756348 0.0117188 0.0107422 0.0239563
0 0.533203 0.893066 0.00703125 0.0166016 0.0238647
0 0.744531 0.995117 0.0078125 0.0078125 0.0238647
0 0.441406 0.76416 0.0242187 0.0234375 0.0238647
0 0.816406 0.687988 0.0140625 0.0136719 0.0237732
0 0.827344 0.199951 0.028125 0.0283203 0.0236511
0 0.494531 0.128418 0.0101562 0.0090332 0.0236053
0 0.721094 0.669434 0.00703125 0.0078125 0.0236053
0 0.725781 0.158936 0.0195312 0.0292969 0.023468
0 0.5625 0.415283 0.0117188 0.012207 0.0234222
0 0.449609 0.769531 0.0171875 0.0146484 0.0233307
0 0.539453 0.522461 0.0304688 0.0351562 0.0231476
0 0.210742 0.554199 0.0164062 0.0107422 0.0230713
0 0.515234 0.485352 0.0148437 0.0380859 0.0230255
0 0.442969 0.765137 0.0195312 0.0146484 0.0229797
0 0.673828 0.523926 0.0320312 0.0605469 0.0229797
0 0.423438 0.834473 0.08125 0.0498047 0.022934
0 0.241211 0.226379 0.00703125 0.0159912 0.0227203
0 0.275 0.200073 0.0160156 0.0319824 0.0226746
0 0.665234 0.518555 0.046875 0.0507812 0.0226746
0 0.271289 0.196289 0.00742187 0.0148926 0.0226288
0 0.502344 0.544922 0.0164062 0.0322266 0.022583
0 0.587891 0.605469 0.00859375 0.00878906 0.0225372
0 0.638281 0.166748 0.0101562 0.0212402 0.0223694
0 0.686719 0.824219 0.0117188 0.015625 0.0222931
0 0.442969 0.151245 0.0109375 0.0168457 0.02211
0 0.534375 0.942383 0.0078125 0.0175781 0.02211
0 0.468359 0.135864 0.0132813 0.0185547 0.0219421
0 0.508203 0.819824 0.00703125 0.0166016 0.0219421
0 0.283008 0.890137 0.0164062 0.0224609 0.0219421
