0 0.344336 0.643066 0.0578125 0.0625 0.952148
0 0.244727 0.808105 0.0195312 0.0214844 0.496094
0 0.266602 0.785645 0.0148437 0.0224609 0.492188
0 0.439063 0.95166 0.0171875 0.0175781 0.320801
0 0.864844 0.980469 0.0171875 0.0136719 0.317383
0 0.0678223 0.182495 0.00800781 0.0175781 0.275146
0 0.267383 0.299316 0.0117188 0.0302734 0.236572
0 0.344336 0.961182 0.0351562 0.0776367 0.234375
0 0.0315918 0.192749 0.00888672 0.0153809 0.233765
0 0.0498535 0.191406 0.0078125 0.0202637 0.228149
0 0.11377 0.159058 0.00664063 0.0170898 0.221313
0 0.521875 0.212341 0.0125 0.0211182 0.214722
0 0.591797 0.853027 0.0140625 0.0136719 0.196777
0 0.683594 0.894531 0.0171875 0.0107422 0.195557
0 0.30957 0.192993 0.009375 0.019043 0.190674
0 0.354492 0.494629 0.0175781 0.0166016 0.184814
0 0.084082 0.173584 0.00546875 0.0146484 0.181274
0 0.269336 0.30542 0.009375 0.0229492 0.181274
0 0.570312 0.872559 0.0148437 0.0175781 0.17334
0 0.568359 0.87793 0.0210938 0.0263672 0.160278
0 0.440625 0.0114136 0.0148437 0.019165 0.153076
0 0.440625 0.716309 0.01875 0.0117188 0.146118
0 0.8625 0.978516 0.0171875 0.015625 0.144165
0 0.265625 0.293945 0.009375 0.0263672 0.143188
0 0.594531 0.851074 0.0171875 0.015625 0.133911
0 0.0482422 0.193237 0.0134766 0.0251465 0.133911
0 0.227734 0.818848 0.0113281 0.0136719 0.131226
0 0.121582 0.722656 0.00917969 0.0205078 0.127686
0 0.447266 0.853027 0.009375 0.0126953 0.127686
0 0.992969 0.0446777 0.009375 0.0102539 0.125977
0 0.128906 0.150391 0.00664063 0.0168457 0.125977
0 0.864844 0.979248 0.0203125 0.0219727 0.124634
0 0.106836 0.550293 0.00859375 0.0107422 0.123352
0 0.00966797 0.198364 0.00717773 0.0239258 0.121704
0 0.971094 0.0453491 0.021875 0.0115967 0.12085
0 0.682031 0.895996 0.0257812 0.0195312 0.119629
0 0.11377 0.155884 0.00644531 0.0107422 0.118408
0 0.232617 0.106812 0.00742187 0.0136719 0.115967
0 0.297852 0.282227 0.0144531 0.0253906 0.11438
0 0.260938 0.521484 0.0136719 0.0136719 0.113586
0 0.0310547 0.196289 0.00820312 0.0161133 0.111267
0 0.711328 0.89502 0.0078125 0.0107422 0.108948
0 0.592188 0.849609 0.0117188 0.0126953 0.108215
0 0.601172 0.84668 0.00859375 0.0107422 0.107422
0 0.241992 0.811523 0.0183594 0.0214844 0.106689
0 0.596094 0.850098 0.0125 0.0126953 0.106689
0 0.164062 0.879883 0.0207031 0.0439453 0.104492
0 0.0498047 0.187378 0.00722656 0.0114746 0.103394
0 0.340625 0.537598 0.00820312 0.00976562 0.0960083
0 0.161719 0.886719 0.0208984 0.0458984 0.0946655
0 0.508594 0.660156 0.0125 0.0126953 0.093689
0 0.225977 0.821289 0.0171875 0.0185547 0.0930176
0 0.100586 0.165894 0.00644531 0.0161133 0.0913696
0 0.567578 0.876953 0.015625 0.0214844 0.0913696
0 0.109082 0.992676 0.00800781 0.0146484 0.0878906
0 0.331445 0.0735474 0.00976562 0.0255127 0.0875854
0 0.455859 0.950195 0.009375 0.0117188 0.0866089
0 0.0845703 0.170532 0.00664063 0.0117188 0.0847778
0 0.352344 0.873535 0.015625 0.0185547 0.0841675
0 0.648047 0.86377 0.0257812 0.0117188 0.0836182
0 0.152832 0.144653 0.00644531 0.00976562 0.0806274
0 0.329883 0.0723267 0.00976562 0.0213623 0.0803833
0 0.208594 0.834961 0.0511719 0.0458984 0.0797729
0 0.541797 0.879395 0.00859375 0.015625 0.0794678
0 0.477734 0.854492 0.0140625 0.0244141 0.0792236
0 0.0494141 0.196045 0.00810547 0.0183105 0.0783691
0 0.969531 0.0444336 0.028125 0.0202637 0.0783691
0 0.0980469 0.16626 0.0152344 0.0224609 0.0755615
0 0.128027 0.147827 0.00605469 0.0107422 0.0747681
0 0.442969 0.0111084 0.0203125 0.0222168 0.0718384
0 0.0117676 0.199219 0.0130859 0.0268555 0.0718384
0 0.354883 0.493164 0.0207031 0.0234375 0.0708008
0 0.266797 0.782227 0.0132813 0.0166016 0.0705566
0 0.539062 0.88623 0.00703125 0.0146484 0.0700684
0 0.571875 0.826172 0.0125 0.00976562 0.0687866
0 0.480469 0.848633 0.0109375 0.0224609 0.0685425
0 0.0322754 0.195557 0.00898437 0.019043 0.0680542
0 0.246484 0.0878906 0.00820312 0.0126953 0.0675659
0 0.506641 0.89502 0.0320312 0.0263672 0.0675659
0 0.300586 0.282471 0.0125 0.0239258 0.0668335
0 0.153613 0.850586 0.0148437 0.0478516 0.0668335
0 0.35332 0.887207 0.0179687 0.0488281 0.0658569
0 0.509766 0.889648 0.0203125 0.0146484 0.0656128
0 0.164746 0.145264 0.00800781 0.00708008 0.0643921
0 0.160449 0.145386 0.00976562 0.010498 0.064209
0 0.260742 0.275391 0.00859375 0.0209961 0.0634766
0 0.340039 0.298828 0.0113281 0.0239258 0.0630493
0 0.140527 0.145142 0.00605469 0.0119629 0.062561
0 0.35625 0.0241699 0.0238281 0.0483398 0.062561
0 0.00957031 0.194824 0.00678711 0.0151367 0.0623169
0 0.271094 0.780762 0.015625 0.0185547 0.0623169
0 0.140527 0.147583 0.0148437 0.0224609 0.0623169
0 0.457031 0.949219 0.0078125 0.00976562 0.0616455
0 0.312695 0.196777 0.0144531 0.0339355 0.0614319
0 0.444141 0.0110779 0.0125 0.0160522 0.0611877
0 0.652344 0.863281 0.0210938 0.0107422 0.0607605
0 0.311133 0.196655 0.009375 0.0209961 0.0596619
0 0.560938 0.0986633 0.00859375 0.0153198 0.0587769
0 0.632812 0.413086 0.0101562 0.00976562 0.0577087
0 0.473828 0.861816 0.0109375 0.0185547 0.0577087
0 0.280469 0.77002 0.0105469 0.015625 0.0570679
0 0.404297 0.662598 0.0132813 0.046875 0.0570679
0 0.0097168 0.202881 0.00615234 0.0214844 0.0568542
0 0.614844 0.83252 0.0078125 0.0107422 0.0568542
0 0.411328 0.0562134 0.0078125 0.015625 0.0560303
0 0.614062 0.836426 0.0078125 0.0126953 0.055603
0 0.167334 0.978516 0.0172852 0.0332031 0.0552063
0 0.405469 0.506348 0.0078125 0.00878906 0.0549927
0 0.628125 0.838867 0.0132813 0.0117188 0.0538025
0 0.482031 0.846191 0.00859375 0.0195312 0.0531921
0 0.222656 0.822754 0.0238281 0.0263672 0.0531921
0 0.673437 0.861816 0.0140625 0.00878906 0.0526123
0 0.252344 0.0830078 0.00820312 0.00891113 0.0514526
0 0.565625 0.831055 0.0109375 0.0117188 0.0514526
0 0.0689941 0.180176 0.00927734 0.0126953 0.0497742
0 0.100586 0.162964 0.00722656 0.0107422 0.0492249
0 0.713281 0.894043 0.009375 0.0146484 0.0486755
0 0.65 0.864746 0.028125 0.0185547 0.0484924
0 0.215234 0.830566 0.0363281 0.0400391 0.0479431
0 0.222656 0.824219 0.0183594 0.0195312 0.0477905
0 0.564844 0.879883 0.0203125 0.0253906 0.0477905
0 0.241797 0.923828 0.00625 0.015625 0.0470886
0 0.268164 0.304688 0.0132813 0.0258789 0.0460205
0 0.447266 0.852539 0.015625 0.0205078 0.0453491
0 0.441797 0.506348 0.0117188 0.00878906 0.0448608
0 0.102148 0.165771 0.0130859 0.0234375 0.0448608
0 0.442578 0.714844 0.0148437 0.0107422 0.044342
0 0.499219 0.06604 0.00625 0.0169678 0.0440063
0 0.491797 0.825195 0.0101562 0.0185547 0.0440063
0 0.666797 0.885254 0.0078125 0.015625 0.0440063
0 0.0307617 0.194458 0.0143555 0.0249023 0.0438538
0 0.690234 0.857422 0.0117188 0.00976562 0.0433655
0 0.106836 0.550781 0.00976562 0.0146484 0.0430298
0 0.130273 0.150513 0.0136719 0.0231934 0.0430298
0 0.0810303 0.173706 0.014502 0.0224609 0.0427246
0 0.489453 0.830078 0.00859375 0.0166016 0.042572
0 0.713672 0.893066 0.0148437 0.0224609 0.042572
0 0.136035 0.506836 0.00742187 0.0078125 0.0423889
0 0.277734 0.774902 0.0136719 0.015625 0.0420837
0 0.484766 0.84082 0.0078125 0.0166016 0.0417786
0 0.623047 0.840332 0.0117188 0.0126953 0.0408325
0 0.560938 0.833008 0.00859375 0.0107422 0.0403748
0 0.265039 0.295654 0.0132813 0.0385742 0.0401001
0 0.258984 0.0797119 0.009375 0.0100098 0.0399475
0 0.504687 0.889648 0.0289063 0.0224609 0.0396423
0 0.571875 0.89209 0.021875 0.0273438 0.0391846
0 0.153223 0.642578 0.0140625 0.0458984 0.0388184
0 0.125195 0.713867 0.0132813 0.0322266 0.0388184
0 0.114258 0.158936 0.0138672 0.0244141 0.0385437
0 0.498437 0.184814 0.00546875 0.00805664 0.0384521
0 0.282617 0.769043 0.0136719 0.0166016 0.0384521
0 0.50625 0.660645 0.0109375 0.0126953 0.0379028
0 0.592969 0.851562 0.0195312 0.0205078 0.0375977
0 0.570312 0.827637 0.0140625 0.0136719 0.0367737
0 0.310352 0.195557 0.0132813 0.0280762 0.0367126
0 0.152051 0.147095 0.0158203 0.0209961 0.036438
0 0.263672 0.787109 0.0160156 0.0205078 0.0360718
0 0.329297 0.924316 0.00742187 0.0195312 0.0359497
0 0.264648 0.285889 0.00859375 0.0249023 0.0358276
0 0.501562 0.0649414 0.0148437 0.0258789 0.0358276
0 0.439453 0.717285 0.021875 0.0214844 0.0353394
0 0.250195 0.0837402 0.0175781 0.0229492 0.0352173
0 0.538281 0.89209 0.0078125 0.0126953 0.0351562
0 0.471094 0.987305 0.0078125 0.015625 0.0351562
0 0.262891 0.791016 0.0121094 0.0175781 0.0348816
0 0.610156 0.839355 0.0109375 0.0126953 0.0346069
0 0.498047 0.875488 0.0125 0.00976562 0.0346069
0 0.0147949 0.201416 0.0166992 0.0307617 0.0342407
0 0.246289 0.0868835 0.0160156 0.022522 0.0341797
0 0.229687 0.110229 0.00742187 0.0107422 0.033844
0 0.164062 0.975586 0.0210938 0.0390625 0.033783
0 0.4 0.663086 0.01875 0.0498047 0.0334778
0 0.106055 0.836914 0.0240234 0.0429688 0.0334778
0 0.437891 0.0115967 0.0117188 0.0163574 0.0330811
0 0.372461 0.970215 0.0214844 0.0595703 0.032959
0 0.437891 0.0116272 0.0203125 0.0232544 0.0327759
0 0.337891 0.964844 0.0316406 0.0703125 0.0327759
0 0.113965 0.162842 0.00761719 0.0134277 0.0325928
0 0.410547 0.0499268 0.009375 0.0205078 0.0324707
0 0.13457 0.150269 0.0125 0.0195312 0.0324707
0 0.960156 0.86084 0.01875 0.0205078 0.0324707
0 0.128711 0.928711 0.0251953 0.0712891 0.0324097
0 0.105664 0.553223 0.0134766 0.0224609 0.0323486
0 0.0461914 0.188843 0.0142578 0.0244141 0.0322266
0 0.675781 0.892578 0.0210938 0.0205078 0.0320435
0 0.337695 0.290039 0.0144531 0.0351562 0.0319824
0 0.0517578 0.188232 0.0138672 0.0249023 0.0318604
0 0.258984 0.272217 0.00742187 0.015625 0.0317383
0 0.508203 0.891113 0.0265625 0.0175781 0.0313721
0 0.679688 0.85791 0.0273438 0.0195312 0.0313721
0 0.415625 0.995605 0.00703125 0.00878906 0.03125
0 0.331836 0.0786133 0.00742187 0.0179443 0.0311432
0 0.289648 0.261963 0.00742187 0.0180664 0.0311432
0 0.533594 0.853516 0.0109375 0.0146484 0.0311432
0 0.247266 0.085083 0.00859375 0.0107422 0.0307922
0 0.0676758 0.189209 0.00976562 0.0170898 0.0307922
0 0.994141 0.0458984 0.0117188 0.0141602 0.0304413
0 0.357031 0.807129 0.00898437 0.0332031 0.0304413
0 0.31543 0.207764 0.01875 0.0498047 0.0304413
0 0.405859 0.628906 0.00859375 0.0224609 0.0303345
0 0.0688477 0.182007 0.0132813 0.0236816 0.0302734
0 0.391406 0.62793 0.009375 0.0205078 0.0302124
0 0.892969 0.981445 0.0125 0.0136719 0.0301056
0 0.437109 0.946777 0.0132813 0.0126953 0.0296478
0 0.408594 0.0521851 0.0148437 0.0281982 0.02948
0 0.409766 0.868164 0.028125 0.0195312 0.02948
0 0.507812 0.660645 0.0179687 0.0224609 0.0294189
0 0.667188 0.880371 0.0078125 0.0126953 0.0293121
0 0.266016 0.302002 0.0160156 0.0361328 0.0291443
0 0.476562 0.859863 0.0171875 0.0234375 0.0290833
0 0.109277 0.98877 0.00839844 0.0224609 0.0289764
0 0.474609 0.856445 0.0140625 0.0224609 0.0287628
0 0.1125 0.160522 0.009375 0.0180664 0.028656
0 0.393652 0.286621 0.0416016 0.0512695 0.0284882
0 0.374805 0.961914 0.0199219 0.0703125 0.0284882
0 0.248633 0.806641 0.0191406 0.0214844 0.0283356
0 0.497266 0.817383 0.0117188 0.0175781 0.0283356
0 0.644141 0.862793 0.0171875 0.0078125 0.0283356
0 0.226562 0.961914 0.0152344 0.0195312 0.0280151
0 0.565234 0.097168 0.0203125 0.0266113 0.0279083
0 0.475781 0.706543 0.00625 0.0078125 0.0276947
0 0.166309 0.873047 0.0169922 0.0341797 0.0276947
0 0.515625 0.0565186 0.00625 0.010498 0.0275879
0 0.151562 0.462891 0.0103516 0.0102539 0.0274811
0 0.578125 0.86377 0.00859375 0.0117188 0.0274811
0 0.566016 0.830566 0.0210938 0.0244141 0.0274811
0 0.243945 0.919922 0.00742187 0.015625 0.0268555
0 0.270117 0.310791 0.00976562 0.0175781 0.0265503
0 0.125293 0.719238 0.0160156 0.0332031 0.0265045
0 0.40625 0.504883 0.00859375 0.0078125 0.0263519
0 0.14209 0.981201 0.0253906 0.0375977 0.0263519
0 0.496875 0.877441 0.0132813 0.0117188 0.0262604
0 0.454688 0.308594 0.0257812 0.015625 0.026062
0 0.414844 0.868164 0.0132813 0.00976562 0.0258636
0 0.232227 0.108154 0.0144531 0.0217285 0.0256195
0 0.137402 0.505371 0.00742187 0.0078125 0.0255585
0 0.627734 0.822754 0.0101562 0.0117188 0.0255585
0 0.125977 0.713379 0.00800781 0.0185547 0.0254669
0 0.474219 0.707031 0.00625 0.0078125 0.0253754
0 0.403516 0.0357056 0.0210938 0.0450439 0.0253754
0 0.671875 0.886719 0.0132813 0.0175781 0.0252686
0 0.974219 0.950195 0.0140625 0.0175781 0.0252686
0 0.314063 0.197998 0.0101562 0.0239258 0.025177
0 0.338281 0.297119 0.015625 0.0292969 0.025177
0 0.40625 0.615234 0.0140625 0.0458984 0.025177
0 0.709375 0.851074 0.0164062 0.00976562 0.0250854
0 0.102539 0.839355 0.0201172 0.0283203 0.0249939
0 0.203516 0.987305 0.0171875 0.0214844 0.0248871
0 0.128125 0.708008 0.00683594 0.015625 0.0247955
0 0.474219 0.854004 0.0195312 0.03125 0.024704
0 0.392285 0.0265198 0.0349609 0.0530396 0.0246582
0 0.405078 0.63623 0.0078125 0.0205078 0.0246124
0 0.365234 0.028595 0.0390625 0.0571899 0.0246124
0 0.298242 0.275146 0.0140625 0.0419922 0.0243378
0 0.230859 0.109253 0.0109375 0.0134277 0.0240479
0 0.241992 0.0895081 0.00664063 0.010437 0.0239563
0 0.512109 0.898438 0.0273438 0.0244141 0.0235596
0 0.683984 0.84375 0.015625 0.00976562 0.0235138
0 0.553906 0.839844 0.0101562 0.0107422 0.0233307
0 0.237891 0.810547 0.0230469 0.0253906 0.0233307
0 0.404687 0.673828 0.00859375 0.0253906 0.0230713
0 0.20918 0.980469 0.0179687 0.0234375 0.0230713
0 0.709766 0.852051 0.0257812 0.0185547 0.0230713
0 0.602344 0.84668 0.01875 0.0214844 0.0229797
0 0.349805 0.873047 0.0152344 0.0136719 0.0228882
0 0.675781 0.861328 0.0179687 0.0107422 0.0226288
0 0.683203 0.896484 0.0210938 0.0136719 0.0226288
0 0.616016 0.835449 0.0164062 0.0234375 0.0226288
0 0.44375 0.95166 0.0148437 0.0166016 0.0225372
0 0.500391 0.0651855 0.009375 0.0177002 0.0224609
0 0.516406 0.746582 0.0125 0.0146484 0.0224609
0 0.0782227 0.81543 0.00742187 0.0205078 0.0224609
0 0.314258 0.194336 0.0121094 0.0236816 0.0223694
0 0.669531 0.879883 0.0101562 0.0126953 0.0223694
0 0.539062 0.881836 0.0132813 0.0263672 0.0222931
0 0.354883 0.65625 0.0332031 0.0419922 0.0222473
0 0.346484 0.893555 0.0332031 0.0634766 0.0222473
0 0.673828 0.894531 0.0132813 0.0107422 0.0222015
0 0.155566 0.859375 0.0162109 0.0566406 0.0222015
0 0.261328 0.521484 0.0191406 0.0205078 0.02211
0 0.21543 0.974365 0.0421875 0.0512695 0.0220795
0 0.19082 0.538086 0.0144531 0.00976562 0.0218658
0 0.429297 0.854004 0.00703125 0.00878906 0.0218658
0 0.507812 0.989258 0.01875 0.0175781 0.0217743
0 0.412891 0.057251 0.00703125 0.0164795 0.0216217
0 0.282422 0.772461 0.0144531 0.015625 0.0215302
0 0.116602 0.157227 0.0150391 0.0236816 0.0215302
0 0.586328 0.855957 0.0125 0.0136719 0.0213623
0 0.501953 0.0596924 0.009375 0.0148926 0.0212097
0 0.407031 0.620605 0.00703125 0.0253906 0.0211182
0 0.121973 0.720215 0.0146484 0.0292969 0.0211182
0 0.405078 0.680664 0.00703125 0.0166016 0.0209656
0 0.507812 0.80127 0.00625 0.015625 0.0209656
0 0.124219 0.716797 0.0101562 0.0224609 0.0208893
0 0.190234 0.939941 0.00820312 0.0166016 0.0208893
0 0.0476562 0.193359 0.0220703 0.0246582 0.0207214
0 0.494141 0.82373 0.01875 0.0302734 0.0205994
0 0.380469 0.941406 0.0078125 0.0166016 0.0205688
0 0.355469 0.29126 0.00742187 0.0161133 0.02034
0 0.715234 0.888672 0.0078125 0.0126953 0.0202484
