0 0.233789 0.0264282 0.046875 0.0391846 0.929199
0 0.507031 0.380127 0.0601562 0.0620117 0.893555
0 0.883594 0.0196228 0.0265625 0.0392456 0.803711
0 0.261523 0.060791 0.0449219 0.0375977 0.680664
0 0.583594 0.820801 0.0234375 0.0283203 0.574707
0 0.573828 0.681152 0.0273438 0.0253906 0.434082
0 0.853906 0.0236511 0.0296875 0.0444946 0.429199
0 0.529297 0.987305 0.0203125 0.0175781 0.392334
0 0.360156 0.897949 0.0148437 0.0146484 0.248047
0 0.460938 0.902832 0.0203125 0.0136719 0.248047
0 0.143555 0.773926 0.0240234 0.0263672 0.191895
0 0.535547 0.916016 0.0148437 0.015625 0.188354
0 0.459375 0.904297 0.0273438 0.0214844 0.166626
0 0.433594 0.805176 0.0164062 0.0205078 0.165649
0 0.875 0.0220337 0.0296875 0.0437012 0.119995
0 0.263281 0.0557861 0.0371094 0.0341797 0.117554
0 0.419531 0.824707 0.0382813 0.0253906 0.116333
0 0.511719 0.913086 0.0164062 0.0185547 0.11438
0 0.579687 0.819824 0.01875 0.0263672 0.113953
0 0.360938 0.898438 0.0171875 0.0214844 0.0984497
0 0.3875 0.791992 0.01875 0.0244141 0.0878906
0 0.535937 0.916016 0.01875 0.0224609 0.0869141
0 0.281445 0.424561 0.0167969 0.027832 0.0844727
0 0.900781 0.705566 0.015625 0.0273438 0.0844727
0 0.0513672 0.515137 0.0207031 0.0166016 0.0820923
0 0.691016 0.949219 0.015625 0.0107422 0.0817871
0 0.00935059 0.603027 0.0187012 0.0166016 0.0794678
0 0.364453 0.69043 0.0167969 0.0146484 0.0710449
0 0.576563 0.686035 0.0226563 0.0214844 0.0673218
0 0.0293091 0.790527 0.0267334 0.0380859 0.0661011
0 0.430078 0.811523 0.0210938 0.0253906 0.0628052
0 0.241016 0.623047 0.0253906 0.0205078 0.0607605
0 0.514063 0.914062 0.0210938 0.0224609 0.0594177
0 0.269336 0.747559 0.009375 0.0136719 0.0566406
0 0.144141 0.771484 0.0205078 0.0195312 0.0566406
0 0.513281 0.939941 0.0234375 0.0234375 0.0562439
0 0.283594 0.422119 0.0148437 0.0200195 0.0554199
0 0.553516 0.986328 0.0171875 0.0175781 0.0548096
0 0.386719 0.787598 0.0132813 0.0136719 0.0528259
0 0.588672 0.824707 0.0289063 0.0292969 0.0526123
0 0.771875 0.873047 0.01875 0.0224609 0.0516663
0 0.673828 0.623047 0.015625 0.0224609 0.0495911
0 0.110742 0.884277 0.0138672 0.0195312 0.049408
0 0.270117 0.0568848 0.028125 0.0322266 0.0465393
0 0.175195 0.824219 0.00859375 0.00878906 0.0448608
0 0.084668 0.550293 0.0228516 0.0214844 0.0445251
0 0.538672 0.919434 0.021875 0.0273438 0.0438538
0 0.853906 0.0198975 0.0234375 0.036499 0.0432129
0 0.404297 0.586914 0.0226563 0.0253906 0.0432129
0 0.585156 0.82666 0.0242187 0.0224609 0.0423889
0 0.521484 0.38208 0.028125 0.0454102 0.0423889
0 0.448438 0.906738 0.0179687 0.0146484 0.0417786
0 0.808594 0.865234 0.0109375 0.00878906 0.041626
0 0.691406 0.94873 0.0210938 0.0205078 0.0414734
0 0.148047 0.774902 0.0248047 0.0292969 0.0411377
0 0.455469 0.904785 0.0234375 0.015625 0.0403748
0 0.952344 0.898926 0.0125 0.0117188 0.0401001
0 0.111426 0.884277 0.0171875 0.0253906 0.0386963
0 0.0224854 0.989258 0.0342285 0.0214844 0.0381165
0 0.517578 0.388428 0.0390625 0.0449219 0.0374756
0 0.404297 0.590332 0.0210938 0.0166016 0.037323
0 0.0608398 0.00909424 0.0101562 0.00830078 0.0360718
0 0.463281 0.905273 0.0203125 0.0146484 0.0354004
0 0.0517578 0.515137 0.0228516 0.0234375 0.0351562
0 0.351367 0.970459 0.0167969 0.0180664 0.0342407
0 0.461328 0.900391 0.0171875 0.0117188 0.0328369
0 0.782031 0.877441 0.0328125 0.0302734 0.0322266
0 0.202148 0.618164 0.0128906 0.00976562 0.0314941
0 0.236914 0.0206299 0.0371094 0.0332031 0.0309143
0 0.410156 0.827148 0.05625 0.0371094 0.0301514
0 0.278125 0.429443 0.0105469 0.0200195 0.0301056
0 0.547656 0.987793 0.0289063 0.0244141 0.0300446
0 0.671484 0.626465 0.021875 0.0341797 0.0298157
0 0.388672 0.79834 0.009375 0.00976562 0.029541
0 0.423047 0.682129 0.0234375 0.0244141 0.0291443
0 0.623438 0.849609 0.0265625 0.0263672 0.0277405
0 0.02323 0.990234 0.02854 0.0175781 0.0274811
0 0.0278442 0.797852 0.0325928 0.0576172 0.0273743
0 0.426562 0.825195 0.0195312 0.0166016 0.0270691
0 0.555078 0.985352 0.0203125 0.0253906 0.0269623
0 0.452734 0.770996 0.0265625 0.0263672 0.0259552
0 0.00928955 0.602539 0.0185791 0.0263672 0.0251312
0 0.705469 0.835449 0.025 0.0322266 0.0247955
0 0.388672 0.791016 0.0132813 0.015625 0.024704
0 0.268164 0.746582 0.0167969 0.0234375 0.0246582
0 0.958594 0.852051 0.009375 0.0126953 0.0246124
0 0.0264648 0.990234 0.0222656 0.0136719 0.0246124
0 0.226367 0.0290527 0.0359375 0.0391846 0.0241852
0 0.169971 0.770508 0.0249023 0.0273438 0.0240936
0 0.807031 0.867676 0.01875 0.0214844 0.0240479
0 0.244922 0.622559 0.0175781 0.0136719 0.0238647
0 0.589453 0.828613 0.0234375 0.0205078 0.0238647
0 0.0543457 0.549805 0.0133789 0.00976562 0.0232391
0 0.410156 0.791992 0.0109375 0.0136719 0.0232391
0 0.882812 0.0253754 0.0328125 0.0439758 0.0228424
0 0.908594 0.748047 0.0140625 0.015625 0.0226288
0 0.510938 0.938965 0.0265625 0.0302734 0.0222931
0 0.53125 0.914551 0.0140625 0.0146484 0.02211
0 0.405859 0.79248 0.01875 0.0244141 0.0218658
0 0.653516 0.761719 0.0117188 0.0117188 0.021698
0 0.269336 0.0628662 0.0324219 0.0324707 0.0211182
0 0.426953 0.6875 0.0210938 0.0263672 0.0203705
0 0.427734 0.981445 0.0117188 0.00976562 0.02034
0 0.448828 0.904297 0.0203125 0.0214844 0.0199432
0 0.665234 0.657715 0.0265625 0.03125 0.0199127
0 0.181445 0.390869 0.0140625 0.0102539 0.0197144
0 0.202734 0.687012 0.0152344 0.0166016 0.0197144
0 0.138672 0.980469 0.0142578 0.015625 0.0194244
0 0.513281 0.915527 0.0148437 0.0166016 0.0191956
0 0.274023 0.501465 0.0117188 0.00976562 0.0191193
0 0.276758 0.425293 0.0238281 0.0317383 0.0191193
0 0.654297 0.802246 0.0171875 0.0126953 0.0189819
0 0.245898 0.0252075 0.0257812 0.0323486 0.0189056
0 0.353125 0.974365 0.0195312 0.0297852 0.0189056
0 0.533594 0.920898 0.01875 0.0273438 0.0185852
0 0.137402 0.982422 0.0121094 0.0117188 0.0181885
0 0.453125 0.906738 0.0320312 0.0195312 0.0181274
0 0.973437 0.99707 0.01875 0.00585938 0.0177765
0 0.268359 0.747559 0.0132813 0.0166016 0.0175171
0 0.907812 0.750977 0.0203125 0.0273438 0.0175171
0 0.422266 0.806641 0.0289063 0.0292969 0.0173035
0 0.448047 0.769043 0.0164062 0.0107422 0.0171814
0 0.528516 0.990234 0.01875 0.0136719 0.0170441
0 0.447266 0.772461 0.0265625 0.0273438 0.016922
0 0.860937 0.132324 0.0109375 0.00976562 0.0167236
0 0.810156 0.62793 0.0171875 0.0195312 0.0162811
0 0.741406 0.873047 0.0140625 0.0195312 0.0162811
0 0.410937 0.789551 0.0109375 0.0117188 0.0160217
0 0.654688 0.804199 0.0234375 0.0224609 0.0160217
0 0.857031 0.0306396 0.025 0.0380859 0.0158997
0 0.579687 0.683594 0.0171875 0.0214844 0.0158997
0 0.467578 0.902344 0.0148437 0.0146484 0.0158997
0 0.361914 0.688477 0.0164062 0.0175781 0.0156708
0 0.171143 0.772461 0.0151367 0.0166016 0.0155411
0 0.381738 0.797852 0.0224609 0.0234375 0.0155411
0 0.516016 0.932617 0.028125 0.0302734 0.0154266
0 0.545313 0.984375 0.0296875 0.0253906 0.0153046
0 0.384766 0.799316 0.0101562 0.0107422 0.0151901
0 0.251758 0.0552368 0.0265625 0.0328369 0.0151901
0 0.664844 0.652832 0.0203125 0.015625 0.0151291
0 0.660937 0.658691 0.025 0.0273438 0.0151291
0 0.908594 0.745605 0.0203125 0.0302734 0.0150757
0 0.364062 0.565918 0.009375 0.00976562 0.0148392
0 0.394922 0.683594 0.0109375 0.00976562 0.0147324
0 0.525391 0.390625 0.0210938 0.0307617 0.0145035
0 0.790625 0.879395 0.0265625 0.0244141 0.014389
0 0.707422 0.958496 0.0242187 0.0244141 0.014389
0 0.185937 0.789551 0.0140625 0.0146484 0.0142822
0 0.0308594 0.683105 0.0235352 0.0322266 0.0142288
0 0.258594 0.744629 0.0242187 0.0263672 0.0141754
0 0.975781 0.997559 0.015625 0.00488281 0.0141144
0 0.174365 0.82373 0.0161133 0.0205078 0.0138474
0 0.174072 0.772949 0.0245117 0.0302734 0.0135345
0 0.510938 0.910645 0.0210938 0.0253906 0.0135345
0 0.0331055 0.791992 0.0199219 0.03125 0.0134811
0 0.495313 0.388672 0.0328125 0.0537109 0.0134811
0 0.195117 0.00346375 0.0117188 0.00692749 0.0133743
0 0.610156 0.768066 0.0164062 0.0185547 0.0132217
0 0.504297 0.822266 0.04375 0.09375 0.0131226
0 0.424609 0.825684 0.025 0.0283203 0.0129242
0 0.766406 0.946289 0.028125 0.0332031 0.0129242
0 0.659375 0.866699 0.0109375 0.0126953 0.0128708
0 0.648438 0.802246 0.028125 0.0263672 0.012825
0 0.7 0.950684 0.0265625 0.0253906 0.012825
0 0.528125 0.985352 0.021875 0.0273438 0.012825
0 0.705859 0.651367 0.0289063 0.0283203 0.0127716
0 0.390234 0.794922 0.0179687 0.0234375 0.0127716
0 0.85 0.015625 0.025 0.0296631 0.0126266
0 0.584375 0.679688 0.0242187 0.0273438 0.0126266
0 0.365625 0.69043 0.0195312 0.0224609 0.0124283
0 0.433594 0.807129 0.0226563 0.0224609 0.0123367
0 0.583203 0.814453 0.01875 0.0185547 0.0122375
0 0.141113 0.976807 0.0193359 0.0268555 0.0120544
0 0.412109 0.793457 0.0179687 0.0244141 0.0120087
0 0.560156 0.68457 0.0226563 0.0214844 0.0119629
0 0.397656 0.825195 0.0203125 0.0224609 0.0116425
0 0.403906 0.79834 0.0164062 0.015625 0.0115967
0 0.0609863 0.00961304 0.0186523 0.0192261 0.0115509
0 0.55625 0.983398 0.015625 0.0175781 0.0115051
0 0.254297 0.0493774 0.0289063 0.026123 0.0113297
0 0.357617 0.891602 0.0195312 0.0253906 0.0113297
0 0.409375 0.730957 0.0195312 0.0322266 0.0112
0 0.510547 0.9375 0.021875 0.0234375 0.011116
0 0.621484 0.848145 0.0210938 0.0195312 0.0110703
0 0.694141 0.901855 0.0109375 0.0175781 0.0110321
0 0.525781 0.984375 0.0195312 0.0195312 0.0110321
0 0.225 0.0170288 0.0296875 0.0281982 0.0109863
0 0.0867188 0.551758 0.015625 0.0185547 0.0106964
0 0.0608398 0.00830078 0.0142578 0.0130005 0.0106125
0 0.666797 0.892578 0.0078125 0.0078125 0.0105286
0 0.410547 0.734863 0.0117188 0.0166016 0.0103683
0 0.626562 0.798828 0.0125 0.0136719 0.0103302
0 0.268555 0.415039 0.0234375 0.0244141 0.0102921
0 0.609766 1 0.0953125 0 0.01017
0 0.569922 0.677734 0.0242187 0.0175781 0.0101318
0 0.501172 0.232178 0.009375 0.00878906 0.0100937
0 0.789844 0.880371 0.015625 0.0136719 0.0100937
0 0.178564 0.395508 0.0198242 0.0234375 0.0100098
0 0.586328 0.818848 0.0203125 0.0234375 0.00971222
0 0.810156 0.867188 0.01875 0.0244141 0.00955963
0 0.775977 0.875 0.0246094 0.0292969 0.00948334
0 0.353711 0.874023 0.00703125 0.00878906 0.00937653
0 0.237695 0.622559 0.0207031 0.0117188 0.00926971
0 0.455469 0.766113 0.021875 0.0244141 0.00926971
0 0.226172 0.0223846 0.0394531 0.0306702 0.00908661
0 0.144531 0.777832 0.0294922 0.0292969 0.00898743
0 0.977344 0.996582 0.0453125 0.00683594 0.00891876
0 0.704687 0.574707 0.0109375 0.00878906 0.0088501
0 0.558203 0.994141 0.00859375 0.0078125 0.0088501
0 0.00969238 0.607422 0.0193848 0.0449219 0.0088501
0 0.20293 0.687988 0.01875 0.0253906 0.0088501
0 0.3625 0.565918 0.0121094 0.0117188 0.00874329
0 0.431641 0.807617 0.015625 0.0205078 0.00874329
0 0.433203 0.8125 0.0125 0.0195312 0.00874329
0 0.138477 0.984375 0.0140625 0.0117188 0.00871277
0 0.627734 0.803223 0.0195312 0.0263672 0.00867462
0 0.882812 0.00968933 0.025 0.0193787 0.0086441
0 0.232812 0.535645 0.0078125 0.00878906 0.00861359
0 0.0550781 0.512695 0.0171875 0.0166016 0.00857544
0 0.626172 0.761719 0.009375 0.0117188 0.00857544
0 0.587891 0.81543 0.0265625 0.03125 0.00857544
0 0.0627441 0.00924683 0.00927734 0.00933838 0.00854492
0 0.232422 0.0180054 0.0367187 0.0256348 0.00854492
0 0.575781 0.67627 0.0265625 0.0273438 0.0085144
0 0.706641 0.833008 0.0195312 0.0185547 0.00847626
0 0.377832 0.801758 0.0130859 0.00976562 0.00834656
0 0.619922 0.803223 0.0304688 0.0332031 0.00834656
0 0.522656 0.373535 0.025 0.0405273 0.00828552
0 0.889844 0.0278015 0.0203125 0.0316772 0.00818634
0 0.396094 0.793945 0.0132813 0.0146484 0.00815582
0 0.259766 0.219177 0.0132813 0.0108643 0.00803375
0 0.88125 0.0116577 0.0234375 0.0233154 0.00796509
0 0.185547 0.788574 0.0183594 0.0234375 0.00796509
0 0.616016 1 0.125781 0 0.00793457
0 0.688672 0.996582 0.153906 0.00683594 0.00793457
0 0.860937 0.133545 0.0140625 0.0134277 0.00790405
0 0.860156 0.134033 0.0203125 0.0222168 0.00787354
0 0.14502 0.768555 0.0169922 0.0166016 0.00784302
0 0.876562 0.0164795 0.0390625 0.032959 0.00784302
0 0.258008 0.753906 0.0285156 0.0273438 0.0078125
0 0.424219 0.685059 0.01875 0.0146484 0.00775528
0 0.608594 0.769043 0.0234375 0.0283203 0.00775528
0 0.615625 0.997559 0.14375 0.00488281 0.00769424
0 0.713281 0.961426 0.0109375 0.0136719 0.00763702
0 0.851562 0.0180359 0.0328125 0.0360718 0.00763702
0 0.751172 0.996582 0.150781 0.00683594 0.00754929
0 0.651172 0.996094 0.157813 0.0078125 0.00751877
0 0.0770264 0.916504 0.0100098 0.0107422 0.00743103
0 0.653516 0.804688 0.0210938 0.015625 0.00740433
0 0.657422 0.804688 0.0171875 0.0136719 0.00740433
0 0.421094 0.820801 0.0257812 0.0175781 0.00740433
0 0.426562 0.687012 0.0304688 0.0234375 0.00737381
0 0.420703 0.829102 0.0273438 0.0234375 0.00734711
0 0.0776367 0.997559 0.143945 0.00488281 0.00734711
0 0.795313 0.874512 0.03125 0.0292969 0.00734711
0 0.839844 0.998047 0.140625 0.00390625 0.00723267
0 0.713672 0.959473 0.0171875 0.0244141 0.00723267
0 0.0329712 0.683105 0.0210693 0.0244141 0.00720596
0 0.359766 0.901855 0.0199219 0.0292969 0.00717545
0 0.0365967 0.0297241 0.0731934 0.0594482 0.00706482
0 0.803906 0.874512 0.0234375 0.0322266 0.00706482
0 0.617578 0.844238 0.0140625 0.0166016 0.00703812
0 0.38125 0.823242 0.0257812 0.0332031 0.00701141
0 0.428516 0.983398 0.0140625 0.00976562 0.00695801
0 0.488672 0.382324 0.0304688 0.0576172 0.00695801
0 0.435547 0.8125 0.0210938 0.0332031 0.00695801
0 0.416406 0.831055 0.0226563 0.0195312 0.0069313
0 0.741797 0.869629 0.0203125 0.0273438 0.0069313
0 0.545313 0.924316 0.0179687 0.0195312 0.0068512
0 0.914844 0.999512 0.13125 0.000976562 0.00669098
0 0.580469 0.6875 0.01875 0.0175781 0.00666809
0 0.253711 0.867188 0.0199219 0.0361328 0.00666809
0 0.274219 0.0643921 0.0183594 0.0223389 0.00664139
0 0.276367 0.743164 0.0222656 0.0273438 0.00664139
0 0.421094 0.804688 0.0398437 0.0244141 0.00661469
0 0.0670898 1 0.117773 0 0.00658798
0 0.614453 0.77002 0.0226563 0.0283203 0.00658798
0 0.8875 0.0129547 0.0234375 0.0259094 0.00656509
0 0.711328 0.959961 0.0125 0.0117188 0.00656509
0 0.116992 0.64502 0.0191406 0.0117188 0.0064888
0 0.392578 0.819824 0.0140625 0.015625 0.0064888
0 0.0530762 0.71582 0.00976562 0.0126953 0.0064621
0 0.394922 0.785645 0.0109375 0.0126953 0.0064621
0 0.433594 0.800293 0.0210938 0.0283203 0.00643921
0 0.213672 0.755371 0.0109375 0.0195312 0.00641251
0 0.815039 0.997559 0.144922 0.00488281 0.00638962
0 0.907031 0.747559 0.015625 0.0205078 0.00634003
0 0.395312 0.495605 0.0257812 0.0273438 0.00629044
0 0.0320312 0.688965 0.0296875 0.046875 0.00629044
0 0.251563 0.0617676 0.0238281 0.0361328 0.00626373
0 0.430859 0.493652 0.0359375 0.0380859 0.00624084
0 0.136133 0.820312 0.0103516 0.0136719 0.00621796
0 0.192383 0.00360107 0.0132813 0.00720215 0.00616837
0 0.364258 0.568848 0.0171875 0.0234375 0.00614548
0 0.766211 1 0.126953 0 0.00609589
0 0.00627441 0.944336 0.0125488 0.111328 0.00609589
0 0.0727539 1 0.100195 0 0.006073
0 0.692578 0.951172 0.0273438 0.0214844 0.00600433
0 0.661719 0.922363 0.0140625 0.0146484 0.00598145
0 0.403516 0.794922 0.0164062 0.0175781 0.00595856
