0 0.43125 0.668457 0.090625 0.0712891 0.866699
0 0.961719 0.158813 0.021875 0.017334 0.845703
0 0.503125 0.199097 0.0203125 0.0187988 0.844727
0 0.53125 0.182495 0.0226563 0.0234375 0.811523
0 0.55625 0.180664 0.0195312 0.0200195 0.796875
0 0.424219 0.791016 0.0523437 0.131836 0.786133
0 0.878906 0.261719 0.0328125 0.0219727 0.737305
0 0.698438 0.245117 0.0304688 0.0234375 0.722656
0 0.582422 0.16748 0.0226563 0.0197754 0.710449
0 0.46875 0.161987 0.0179687 0.020752 0.705566
0 0.158105 0.162231 0.0166016 0.0202637 0.679199
0 0.905469 0.159058 0.021875 0.0185547 0.673828
0 0.119238 0.203857 0.0257812 0.0239258 0.663574
0 0.597656 0.187378 0.0210938 0.0224609 0.620605
0 0.770898 0.210083 0.0207031 0.0144043 0.583008
0 0.951563 0.247314 0.015625 0.0239258 0.552734
0 0.657422 0.700195 0.025 0.0810547 0.520508
0 0.927344 0.230225 0.0125 0.0151367 0.482422
0 0.77207 0.210327 0.0230469 0.0202637 0.459961
0 0.975 0.0282745 0.0203125 0.016449 0.315674
0 0.527734 0.146973 0.0078125 0.0136719 0.309082
0 0.994531 0.0278625 0.009375 0.0114136 0.291016
0 0.594141 0.186768 0.021875 0.0195312 0.248047
0 0.178369 0.448486 0.0170898 0.0395508 0.246582
0 0.809375 0.895508 0.009375 0.0146484 0.219971
0 0.511719 0.852051 0.0171875 0.0244141 0.19812
0 0.108472 0.962402 0.129932 0.0751953 0.195557
0 0.406641 0.122925 0.0414063 0.0637207 0.185303
0 0.544922 0.182129 0.0195312 0.0249023 0.184814
0 0.557422 0.184692 0.0171875 0.0197754 0.175537
0 0.683203 0.742676 0.0078125 0.0214844 0.164551
0 0.166992 0.0681152 0.0179687 0.0134277 0.158203
0 0.0723389 0.119873 0.00942383 0.015625 0.156128
0 0.579687 0.169678 0.0171875 0.017334 0.151001
0 0.982031 0.242188 0.034375 0.0332031 0.149536
0 0.957812 0.158081 0.0171875 0.0153809 0.142212
0 0.016626 0.174316 0.00834961 0.013916 0.134766
0 0.995313 0.994629 0.0078125 0.0107422 0.124207
0 0.341406 0.433105 0.00742187 0.0224609 0.12085
0 0.542188 0.956299 0.0195312 0.0307617 0.12085
0 0.341211 0.439453 0.00703125 0.0214844 0.11676
0 0.592188 0.774414 0.0164062 0.0107422 0.11676
0 0.702344 0.712402 0.0242187 0.0869141 0.11438
0 0.559375 0.178467 0.0195312 0.0258789 0.109314
0 0.0771484 0.113647 0.009375 0.0141602 0.107422
0 0.447656 0.668457 0.059375 0.0683594 0.0991211
0 0.541016 0.51123 0.0164062 0.0439453 0.0970459
0 0.426172 0.775391 0.0507812 0.0898438 0.0950317
0 0.882812 0.259521 0.025 0.019043 0.0946655
0 0.166016 0.0698853 0.021875 0.0253906 0.0869141
0 0.585938 0.16626 0.0210938 0.0192871 0.0853882
0 0.734375 0.324951 0.0164062 0.019043 0.0820923
0 0.0206299 0.169189 0.00844727 0.0126953 0.0812378
0 0.467187 0.15918 0.0164062 0.0163574 0.0800781
0 0.0583984 0.134888 0.00810547 0.0151367 0.0794678
0 0.0253418 0.16626 0.00673828 0.012207 0.0794678
0 0.323047 0.524414 0.0109375 0.00878906 0.0786133
0 0.977344 0.139893 0.015625 0.0109863 0.078064
0 0.577734 0.169678 0.0234375 0.0251465 0.0769653
0 0.0176514 0.171021 0.00874023 0.0117188 0.0766602
0 0.00256348 0.182983 0.00512695 0.0153809 0.0766602
0 0.0751221 0.117432 0.00913086 0.0166016 0.0742188
0 0.535156 0.185791 0.0195312 0.0283203 0.0736694
0 0.697656 0.73877 0.0164062 0.0351562 0.0726318
0 0.123047 0.202148 0.0244141 0.0239258 0.0720825
0 0.63125 0.214111 0.00625 0.00927734 0.0713501
0 0.692969 0.243896 0.0234375 0.0170898 0.0713501
0 0.0399902 0.152466 0.00947266 0.0129395 0.0663452
0 0.928125 0.231934 0.0171875 0.0239258 0.0648804
0 0.941406 0.143066 0.00625 0.0102539 0.0646362
0 0.683203 0.740234 0.00625 0.0214844 0.0637207
0 0.764844 0.546387 0.040625 0.0380859 0.0634766
0 0.233594 0.446289 0.0101562 0.0371094 0.0621033
0 0.542969 0.516602 0.0164062 0.0458984 0.0603027
0 0.154687 0.16333 0.0191406 0.0244141 0.0598755
0 0.233789 0.453125 0.009375 0.0297852 0.0596619
0 0.584766 0.166992 0.0304688 0.0231934 0.0592041
0 0.139062 0.962646 0.0996094 0.074707 0.0589905
0 0.807813 0.896973 0.0140625 0.0224609 0.0587769
0 0.807813 0.896973 0.009375 0.015625 0.0583496
0 0.901563 0.159668 0.0171875 0.0175781 0.058136
0 0.278906 0.110474 0.0285156 0.0358887 0.058136
0 0.527734 0.14624 0.0125 0.0229492 0.058136
0 0.505469 0.201538 0.015625 0.0197754 0.0577087
0 0.954687 0.135254 0.009375 0.0146484 0.0572815
0 0.813281 0.142822 0.00625 0.0119629 0.0570679
0 0.433203 0.788574 0.04375 0.124023 0.0566406
0 0.907812 0.161987 0.01875 0.0175781 0.0564575
0 0.246289 0.442627 0.0203125 0.0483398 0.0544128
0 0.019458 0.17334 0.00942383 0.0168457 0.0524292
0 0.701172 0.248047 0.0296875 0.0185547 0.0518494
0 0.0639648 0.127808 0.0101562 0.0144043 0.0512695
0 0.0455566 0.149658 0.00996094 0.0148926 0.0512695
0 0.544531 0.953613 0.0171875 0.0263672 0.0509033
0 0.363281 0.447021 0.00820312 0.0239258 0.0507202
0 0.767187 0.211731 0.0234375 0.0218506 0.0505066
0 0.691406 0.786133 0.0140625 0.0273438 0.0492249
0 0.505859 0.196777 0.0164062 0.0163574 0.0490417
0 0.659375 0.711914 0.0273438 0.0693359 0.0462036
0 0.0517578 0.142578 0.00898437 0.0134277 0.0446777
0 0.546094 0.949219 0.0078125 0.015625 0.0440063
0 0.536328 0.189331 0.0132813 0.019043 0.0433655
0 0.560547 0.182983 0.0179687 0.0200195 0.0428772
0 0.885938 0.879395 0.01875 0.0585938 0.0428772
0 0.340234 0.444824 0.00742187 0.015625 0.041626
0 0.376563 0.413574 0.0507812 0.0952148 0.041626
0 0.409375 0.380371 0.0078125 0.0141602 0.0414734
0 0.557813 0.182007 0.0265625 0.0222168 0.0414734
0 0.974219 0.0292969 0.0234375 0.0234375 0.0411377
0 0.361914 0.44873 0.00898437 0.0244141 0.0403748
0 0.342773 0.438477 0.0125 0.0292969 0.0403748
0 0.964063 0.161621 0.01875 0.0170898 0.0391846
0 0.707812 0.694336 0.0140625 0.0419922 0.0389099
0 0.158594 0.165771 0.01875 0.0300293 0.0388184
0 0.641016 0.457886 0.0265625 0.0471191 0.0388184
0 0.540625 0.503906 0.0125 0.03125 0.0387573
0 0.0175293 0.173584 0.0149414 0.0239258 0.0384521
0 0.0464355 0.145874 0.00898437 0.0117188 0.0383301
0 0.0721436 0.119751 0.0154785 0.0258789 0.0383301
0 0.707031 0.700195 0.0171875 0.0527344 0.0379028
0 0.0595703 0.130493 0.00917969 0.0134277 0.0366211
0 0.532031 0.307129 0.0078125 0.0205078 0.0363464
0 0.600781 0.182251 0.015625 0.0200195 0.0351562
0 0.233984 0.459961 0.00898437 0.0205078 0.0347595
0 0.692969 0.247314 0.0289063 0.019043 0.0344849
0 0.993359 0.0288544 0.0132813 0.0212708 0.0344238
0 0.283203 0.637695 0.015625 0.0126953 0.0342407
0 0.405078 0.383057 0.0140625 0.0239258 0.0341797
0 0.233984 0.439941 0.00898437 0.0366211 0.033844
0 0.885156 0.263672 0.0234375 0.0263672 0.033783
0 0.582422 0.162109 0.0210938 0.0251465 0.0333252
0 0.682813 0.745117 0.0101562 0.0214844 0.032959
0 0.93125 0.230469 0.0171875 0.0161133 0.0327148
0 0.398047 0.447998 0.009375 0.0239258 0.0325928
0 0.540625 0.961182 0.01875 0.0249023 0.0325928
0 0.135449 0.52002 0.0162109 0.00878906 0.0323486
0 0.861719 0.962402 0.0078125 0.0166016 0.0323486
0 0.348242 0.447021 0.0109375 0.0224609 0.0322266
0 0.941406 0.138916 0.0078125 0.00952148 0.0321045
0 0.555469 0.868652 0.0078125 0.0107422 0.0318604
0 0.546484 0.957275 0.0195312 0.034668 0.0315552
0 0.533984 0.302734 0.0078125 0.019043 0.0311432
0 0.508594 0.37085 0.00625 0.012207 0.0310211
0 0.0744385 0.959961 0.0882324 0.0800781 0.0309601
0 0.0751221 0.115479 0.0153809 0.0258789 0.0307922
0 0.691406 0.780273 0.0078125 0.0117188 0.0305634
0 0.168213 0.0661011 0.015918 0.0123291 0.0304413
0 0.633203 0.835938 0.0148437 0.0214844 0.0304413
0 0.860156 0.939941 0.00625 0.0205078 0.0304413
0 0.75625 0.518555 0.00859375 0.0214844 0.0303345
0 0.757422 0.513184 0.0078125 0.0185547 0.0302124
0 0.691406 0.782227 0.009375 0.0175781 0.0302124
0 0.551562 0.182129 0.0132813 0.0183105 0.0301056
0 0.273828 0.104614 0.0253906 0.0324707 0.0297089
0 0.654297 0.785156 0.0210938 0.0146484 0.0296478
0 0.760156 0.776367 0.0171875 0.0136719 0.0294189
0 0.975781 0.243164 0.0265625 0.0253906 0.0291443
0 0.810938 0.896973 0.015625 0.0273438 0.0290833
0 0.973437 0.140625 0.0171875 0.0112305 0.0289764
0 0.423047 0.660156 0.0742188 0.0595703 0.0288086
0 0.176123 0.734863 0.0133789 0.0117188 0.0285492
0 0.954687 0.132202 0.009375 0.0119629 0.0284424
0 0.322852 0.524902 0.0191406 0.0175781 0.0284424
0 0.104785 0.102783 0.0376953 0.0227051 0.0282135
0 0.0325195 0.158936 0.00810547 0.0109863 0.0281067
0 0.478125 0.440674 0.0109375 0.0390625 0.0276337
0 0.198828 0.447266 0.00976562 0.0268555 0.0275879
0 0.63125 0.833984 0.0125 0.0195312 0.0275879
0 0.705859 0.706543 0.0210938 0.0732422 0.0273743
0 0.398828 0.455078 0.0078125 0.0200195 0.0272675
0 0.0268677 0.162598 0.0079834 0.010498 0.0267639
0 0.500781 0.196533 0.0171875 0.0153809 0.0266571
0 0.179883 0.450562 0.0253906 0.0461426 0.0265045
0 0.113965 0.20166 0.021875 0.0202637 0.0263519
0 0.977344 0.13916 0.025 0.0217285 0.0263519
0 0.00483398 0.182007 0.00966797 0.0231934 0.0263062
0 0.408594 0.384277 0.00625 0.0166016 0.0259552
0 0.364258 0.44165 0.00859375 0.0253906 0.0256653
0 0.98125 0.139526 0.0171875 0.0134277 0.0255585
0 0.759375 0.54834 0.0296875 0.0302734 0.0253296
0 0.277148 0.105469 0.0210938 0.0266113 0.025177
0 0.7 0.713379 0.0351562 0.0927734 0.025177
0 0.0584961 0.135254 0.015625 0.0249023 0.0247955
0 0.700781 0.743164 0.0171875 0.0292969 0.0246124
0 0.809375 0.892578 0.0109375 0.0146484 0.0246124
0 0.98125 0.248047 0.0375 0.0361328 0.0244293
0 0.867188 0.959961 0.015625 0.0488281 0.0244293
0 0.635547 0.4552 0.0304688 0.0505371 0.0243378
0 0.357422 0.669434 0.0332031 0.0263672 0.0241394
0 0.233594 0.443604 0.0136719 0.0439453 0.0236511
0 0.656641 0.785645 0.028125 0.0244141 0.0234222
0 0.659766 0.688477 0.0226563 0.0576172 0.0233307
0 0.0428711 0.150146 0.0166016 0.0251465 0.0231934
0 0.360547 0.454834 0.00820312 0.0175781 0.0230713
0 0.000817871 0.229492 0.00163574 0.108398 0.022934
0 0.879687 0.255371 0.03125 0.0263672 0.0228882
0 0.026416 0.166016 0.0140625 0.0236816 0.022583
0 0.697656 0.238525 0.0359375 0.0327148 0.022583
0 0.437109 0.664062 0.0664062 0.0625 0.0224609
0 0.685938 0.789062 0.0210938 0.0283203 0.0224152
0 0.282617 0.636719 0.0207031 0.0224609 0.0219879
0 0.762109 0.775391 0.0109375 0.0126953 0.0219421
0 0.526953 0.330322 0.00625 0.0131836 0.0218658
0 0.694922 0.724609 0.0257812 0.0673828 0.0218658
0 0.688672 0.791504 0.00859375 0.0166016 0.0217743
0 0.950781 0.246826 0.0234375 0.0268555 0.0216522
0 0.467969 0.851074 0.0328125 0.0361328 0.0216522
0 0.952344 0.0496826 0.0125 0.0249023 0.0213623
0 0.530859 0.173462 0.0195312 0.0241699 0.021286
0 0.90625 0.166626 0.0234375 0.0307617 0.0212402
0 0.343945 0.434082 0.0109375 0.0253906 0.0212097
0 0.516797 0.192139 0.0203125 0.0273438 0.0211182
0 0.0645508 0.128296 0.0171875 0.0280762 0.0210876
0 0.382812 0.0245056 0.0382813 0.0457153 0.0210114
0 0.502734 0.200439 0.0273438 0.0231934 0.0209656
0 0.478516 0.432129 0.0125 0.0488281 0.0209198
0 0.874219 0.263916 0.028125 0.0185547 0.0208893
0 0.570703 0.620117 0.040625 0.0546875 0.0207977
0 0.994531 0.0275116 0.0109375 0.0270081 0.0205994
0 0.492969 0.287109 0.0273438 0.0429688 0.0205994
0 0.053125 0.142212 0.0168945 0.0268555 0.0205688
0 0.253516 0.430664 0.0191406 0.0585938 0.0204468
0 0.21582 0.471802 0.00664063 0.0153809 0.0202484
0 0.944531 0.142334 0.0171875 0.0202637 0.0202179
0 0.397266 0.387207 0.0078125 0.0107422 0.0201721
0 0.32207 0.445557 0.00625 0.012207 0.0200195
0 0.936719 0.0248413 0.009375 0.0145264 0.0199432
0 0.938281 0.0210876 0.0140625 0.026062 0.0198669
0 0.355078 0.332764 0.0148437 0.0512695 0.0196838
0 0.708984 0.687988 0.0101562 0.0273438 0.0196381
0 0.667969 0.45813 0.01875 0.041748 0.019455
0 0.325977 0.525391 0.0195312 0.0214844 0.019455
0 0.0672852 0.122803 0.0100586 0.0148926 0.0194244
0 0.344922 0.440918 0.0121094 0.0258789 0.0194244
0 0.8875 0.867188 0.0171875 0.0625 0.0193787
0 0.471484 0.369141 0.00625 0.0200195 0.0193481
0 0.550781 0.746582 0.0078125 0.0175781 0.0193481
0 0.530469 0.313232 0.0117188 0.0288086 0.019165
0 0.5 0.201782 0.0203125 0.0175781 0.0191193
0 0.0874023 0.959961 0.118164 0.0800781 0.0191193
0 0.682813 0.740234 0.0109375 0.0224609 0.0190582
0 0.252148 0.44165 0.0199219 0.0498047 0.0190125
0 0.182031 0.443604 0.0148437 0.034668 0.0185394
0 0.80625 0.900391 0.0109375 0.0185547 0.0185394
0 0.755078 0.520508 0.0140625 0.0332031 0.0183716
0 0.702734 0.729004 0.0226563 0.0625 0.0182648
0 0.464844 0.160034 0.015625 0.0212402 0.0181885
0 0.355664 0.446777 0.0144531 0.0336914 0.0180511
0 0.9 0.156006 0.015625 0.0175781 0.0179901
0 0.530469 0.145996 0.0117188 0.0131836 0.0177765
0 0.246875 0.43335 0.0257812 0.065918 0.0177155
0 0.192383 0.446533 0.0195312 0.0454102 0.0177155
0 0.470313 0.166138 0.0242187 0.0253906 0.0175781
0 0.121191 0.208557 0.0236328 0.0247803 0.0173798
0 0.955469 0.245605 0.015625 0.0219727 0.0173798
0 0.967188 0.159668 0.015625 0.0168457 0.0171814
0 0.60625 0.611328 0.0226563 0.0429688 0.0171814
0 0.170166 0.9729 0.0280273 0.0483398 0.0171814
0 0.410937 0.129639 0.0351562 0.0581055 0.0171051
0 0.00979004 0.175903 0.00698242 0.0109863 0.0170441
0 0.341992 0.427246 0.0078125 0.0195312 0.0170441
0 0.894531 0.150879 0.01875 0.0229492 0.0170441
0 0.394531 0.476562 0.0179687 0.0273438 0.0170441
0 0.520703 0.571289 0.0265625 0.0449219 0.016922
0 0.994531 0.994141 0.0109375 0.0117188 0.0168457
0 0.758984 0.541016 0.028125 0.0361328 0.0168457
0 0.0541016 0.138306 0.00888672 0.013916 0.0167847
0 0.154297 0.161743 0.0287109 0.0214844 0.0167847
0 0.953125 0.048645 0.0171875 0.038208 0.0167847
0 0.541406 0.498535 0.00859375 0.0175781 0.0167236
0 0.476953 0.452637 0.00625 0.0146484 0.0165863
0 0.00349121 0.183472 0.00698242 0.0253906 0.0165253
0 0.322266 0.441162 0.00664063 0.0141602 0.0164032
0 0.695312 0.636719 0.00625 0.0126953 0.0163422
0 0.0202148 0.171387 0.0148437 0.0224609 0.0162811
0 0.884375 0.871094 0.025 0.0761719 0.0161591
0 0.380469 0.448486 0.0117188 0.0234375 0.016098
0 0.466406 0.491211 0.0109375 0.00878906 0.0160217
0 0.334961 0.434814 0.0183594 0.0317383 0.0160217
0 0.605078 0.775879 0.0335938 0.0205078 0.0160217
0 0.875 0.259033 0.025 0.0166016 0.0158997
0 0.595312 0.775391 0.025 0.0185547 0.0158997
0 0.544531 0.273926 0.021875 0.0424805 0.0158386
0 0.994141 0.0298462 0.0117188 0.0159912 0.0156021
0 0.253516 0.08255 0.00820312 0.0233765 0.0155411
0 0.994922 0.0245056 0.0101562 0.0167847 0.0154877
0 0.813281 0.139282 0.00625 0.0124512 0.0154877
0 0.33125 0.443848 0.0167969 0.0268555 0.0154877
0 0.477344 0.44873 0.0078125 0.0239258 0.0153656
0 0.0774658 0.899902 0.0147949 0.0146484 0.0153656
0 0.54375 0.282471 0.0179687 0.0336914 0.0153656
0 0.363281 0.453857 0.009375 0.0195312 0.0153046
0 0.878906 0.96167 0.0234375 0.0708008 0.0153046
0 0.98125 0.234375 0.03125 0.0322266 0.0152512
0 0.351953 0.454346 0.009375 0.0170898 0.0151901
0 0.353906 0.453369 0.0140625 0.0249023 0.0151901
0 0.700391 0.735352 0.0164062 0.0429688 0.0151291
0 0.986328 0.239258 0.0273438 0.0268555 0.0150757
0 0.698438 0.740234 0.0242187 0.0390625 0.0150757
0 0.0619141 0.958496 0.0652344 0.0673828 0.0150146
