0 0.726953 0.378662 0.0695312 0.0610352 0.935547
0 0.747266 0.233704 0.0382813 0.043335 0.815918
0 0.982031 0.578613 0.03125 0.0742188 0.74707
0 0.796094 0.216064 0.025 0.0405273 0.65918
0 0.89375 0.505371 0.0265625 0.0244141 0.152588
0 0.799219 0.211243 0.0234375 0.036499 0.0894775
0 0.927344 0.46167 0.0125 0.00878906 0.0692749
0 0.957812 0.0891724 0.0078125 0.0179443 0.0611877
0 0.740625 0.231934 0.03125 0.0361328 0.0583496
0 0.982813 0.566406 0.0265625 0.0498047 0.0510864
0 0.8875 0.0881653 0.0109375 0.0255737 0.049408
0 0.795313 0.208435 0.025 0.0313721 0.0458679
0 0.751172 0.228271 0.0351562 0.0375977 0.041626
0 0.80625 0.0932007 0.0125 0.0247803 0.0352783
0 0.733594 0.0964355 0.00546875 0.015625 0.0317383
0 0.888281 0.0890808 0.0046875 0.0166626 0.0314941
0 0.754687 0.236267 0.03125 0.0396729 0.0285492
0 0.403027 0.103485 0.0564453 0.0303345 0.0282745
0 0.583984 0.946777 0.0132813 0.0175781 0.0263519
0 0.890625 0.50293 0.046875 0.0410156 0.0235596
0 0.807031 0.0963135 0.00625 0.0175781 0.0228882
0 0.957031 0.0894165 0.0125 0.0250244 0.0227203
0 0.713672 0.379395 0.0515625 0.0541992 0.0226746
0 0.740234 0.391113 0.0414063 0.0415039 0.0223694
0 0.792188 0.226807 0.0109375 0.0234375 0.0202484
0 0.751172 0.240967 0.0296875 0.0371094 0.0200195
0 0.580078 0.958008 0.0234375 0.0449219 0.0200195
0 0.746484 0.224365 0.0359375 0.0332031 0.0190125
0 0.807031 0.0910339 0.00625 0.0181274 0.0174408
0 0.17085 0.0877686 0.0676758 0.0698242 0.0171814
0 0.896094 0.501953 0.0171875 0.015625 0.0154877
0 0.889063 0.0916443 0.0140625 0.0278931 0.0144501
0 0.745703 0.244385 0.03125 0.0371094 0.0142288
0 0.790625 0.220154 0.0265625 0.0430908 0.014061
0 0.8875 0.0846558 0.00625 0.0134277 0.0130692
0 0.8125 0.0961914 0.0203125 0.0280762 0.0130692
0 0.416797 0.102905 0.0296875 0.0251465 0.0130234
0 0.00466309 0.0634766 0.00932617 0.126953 0.0128708
0 0.584766 0.945312 0.0117188 0.0126953 0.012825
0 0.733984 0.0939941 0.0140625 0.0234375 0.0125275
0 0.583594 0.950195 0.0179687 0.0263672 0.0122375
0 0.976562 0.581543 0.0265625 0.0634766 0.0119629
0 0.796875 0.224609 0.0203125 0.0302734 0.0115509
0 0.958594 0.0931702 0.00625 0.0158081 0.0115051
0 0.2375 0.0794983 0.084375 0.0831909 0.0111618
0 0.755859 0.226807 0.0257812 0.0332031 0.011116
0 0.0978516 0.0961914 0.0955078 0.0693359 0.0108185
0 0.740234 0.237854 0.0367187 0.0394287 0.0108185
0 0.509375 0.143555 0.009375 0.0129395 0.0107803
0 0.885156 0.0922852 0.0140625 0.0297852 0.0107803
0 0.735156 0.375 0.0554687 0.0493164 0.0106506
0 0.8875 0.0885315 0.0078125 0.0216675 0.0104523
0 0.748828 0.381836 0.0226563 0.0458984 0.0102463
0 0.760156 0.238281 0.0257812 0.0395508 0.00974274
0 0.739844 0.0952148 0.0179687 0.0253906 0.00963593
0 0.796094 0.2052 0.0203125 0.0214844 0.00952148
0 0.723437 0.368896 0.0578125 0.0429688 0.00941467
0 0.957812 0.0861206 0.00625 0.0146484 0.00926971
0 0.0636719 0.0122375 0.127344 0.0244751 0.0091629
0 0.813281 0.520508 0.0203125 0.0351562 0.0085144
0 0.698438 0.369873 0.0179687 0.0253906 0.00837708
0 0.891406 0.51123 0.0296875 0.0332031 0.00837708
0 0.15918 0.0101624 0.128125 0.0203247 0.00834656
0 0 0.0424805 0 0.0849609 0.00828552
0 0.732031 0.364746 0.0476562 0.0322266 0.00800323
0 0.733594 0.0922852 0.00546875 0.0141602 0.00796509
0 0.949219 0.0898132 0.0234375 0.0310669 0.00787354
0 0.805469 0.0901794 0.0078125 0.0188599 0.00769424
0 0.183984 0.00906372 0.125391 0.0181274 0.00769424
0 0.680078 0.364502 0.0078125 0.00634766 0.00746155
0 0.121045 0.0108643 0.129004 0.0217285 0.0069046
0 0.0383789 0.0107727 0.0767578 0.0215454 0.00679779
0 0.799219 0.0917969 0.01875 0.0273438 0.00674438
0 0.747266 0.371338 0.0234375 0.0400391 0.00671768
0 0.208789 0.00831604 0.124609 0.0166321 0.00664139
0 0.805469 0.0958557 0.009375 0.0202026 0.00661469
0 0.711328 0.37207 0.0453125 0.0390625 0.00658798
0 0.996094 0.050293 0.0078125 0.100586 0.00634003
0 0.886719 0.0892334 0.0203125 0.0241699 0.00619125
0 0.00388184 0.0554199 0.00776367 0.11084 0.00609589
0 0.810156 0.522949 0.028125 0.0439453 0.00595856
0 0.886719 0.0853271 0.009375 0.0178223 0.00593567
0 0.00625 0.927246 0.0125 0.145508 0.005867
0 0.61875 0.0792236 0.0867188 0.0703125 0.00577545
0 0.934375 0.0119781 0.129688 0.0239563 0.00568771
0 0.00529785 0.94458 0.0105957 0.11084 0.00559998
0 0.567969 0.9646 0.0601562 0.0708008 0.00559998
0 0.888281 0.094696 0.00625 0.0144653 0.00548935
0 0.807031 0.0952148 0.0203125 0.0268555 0.00547028
0 0.8 0.0968018 0.0203125 0.0280762 0.00547028
0 0.964063 0.0878906 0.0203125 0.0344238 0.00542831
0 0.976562 0.5625 0.025 0.0439453 0.00542831
0 0.992188 0.787598 0.0109375 0.0205078 0.00527954
0 0.555859 0.956543 0.0804688 0.0869141 0.00519943
0 0.426172 0.101929 0.0171875 0.0229492 0.00516129
0 0.709375 0.391846 0.0296875 0.043457 0.0049057
0 0.789062 0.21344 0.0171875 0.0281982 0.00482941
0 0.741406 0.362061 0.0328125 0.0249023 0.00482941
0 0.884375 0.092926 0.025 0.0309448 0.00477219
0 0.68125 0.365723 0.0171875 0.0195312 0.00475693
0 0.283203 0.00721741 0.112109 0.0144348 0.00460815
0 0.585938 0.957764 0.021875 0.043457 0.00457382
0 0.972656 0.611816 0.00625 0.0126953 0.00448608
0 0.00786133 0.078064 0.0157227 0.156128 0.00446701
0 0.811719 0.514648 0.015625 0.0175781 0.00443268
0 0.927344 0.463257 0.0234375 0.0227051 0.00443268
0 0.800781 0.226074 0.015625 0.0263672 0.00434875
0 0.883594 0.0805359 0.01875 0.0278931 0.00434875
0 0.233398 0.00747681 0.119922 0.0149536 0.00431442
0 0.699219 0.376953 0.01875 0.0351562 0.00424957
0 0.949219 0.00964355 0.101562 0.0192871 0.00421524
0 0.846875 0.0128784 0.126563 0.0257568 0.00413513
0 0.00422363 0.931152 0.00844727 0.12207 0.00411606
0 0.889844 0.0918884 0.0234375 0.0269165 0.00405502
0 0.119434 0.882812 0.0453125 0.0410156 0.00400543
0 0.807813 0.101318 0.0078125 0.0134277 0.00397491
0 0.753125 0.394287 0.0195312 0.0292969 0.00397491
0 0.75625 0.242676 0.0242187 0.03125 0.00392914
0 0.258789 0.0078125 0.119922 0.015625 0.00392914
0 0.682031 0.364258 0.0109375 0.00878906 0.00391388
0 0.521484 0.0113831 0.096875 0.0227661 0.00391388
0 0.890625 0.0803833 0.0171875 0.0291748 0.00379562
0 0.810156 0.213623 0.025 0.0356445 0.00379562
0 0.0822266 0.0110779 0.122461 0.0221558 0.0037365
0 0.984375 0.556641 0.0203125 0.0332031 0.00365067
0 0.00493164 0.540161 0.00986328 0.144287 0.00365067
0 0.0858398 0.308105 0.0117188 0.00732422 0.00363541
0 0.803906 0.0784302 0.01875 0.0266113 0.00358009
0 0.994531 0.959961 0.0109375 0.0800781 0.00356483
0 0.722266 0.364014 0.0445312 0.034668 0.00356483
0 0.870313 0.850098 0.0296875 0.0566406 0.00356483
0 0.871875 0.839844 0.0265625 0.0410156 0.00355148
0 0.966406 0.00950623 0.0671875 0.0190125 0.00351143
0 0.955469 0.692383 0.084375 0.125977 0.00351143
0 0.00595703 0.803711 0.0119141 0.139648 0.00351143
0 0.886719 0.0950928 0.009375 0.0192871 0.00349617
0 0.612891 0.487793 0.00859375 0.0166016 0.00345612
0 0.00123291 0.949951 0.00246582 0.100098 0.00345612
0 0.830078 0.5 0.339844 1 0.00344276
0 0.957031 0.0894775 0.0203125 0.0236816 0.00342941
0 0.879687 0.0180664 0.240625 0.0361328 0.00342941
0 0.595312 0.986328 0.0101562 0.0195312 0.00341606
0 0.135156 0.0163574 0.119922 0.0327148 0.00332451
0 0.698828 0.366699 0.0132813 0.0146484 0.00325966
0 0.720703 0.0121307 0.110156 0.0242615 0.00325966
0 0.735156 0.0954285 0.021875 0.0234985 0.00324821
0 0.976562 0.569336 0.021875 0.0419922 0.00323486
0 0.986328 0.586914 0.0273438 0.0654297 0.00323486
0 0.00548096 0.0738831 0.0109619 0.129089 0.00323486
0 0.320312 0.613281 0.0929687 0.121094 0.00322342
0 0.995313 0.0709229 0.009375 0.141846 0.00322342
0 0.955469 0.0852051 0.0140625 0.0180664 0.00321007
0 0.426562 0.10376 0.009375 0.0124512 0.00321007
0 0.696875 0.0112152 0.116406 0.0224304 0.00319672
0 0.678906 1 0.138281 0 0.00317192
0 0.8125 0.0963135 0.028125 0.0239258 0.00316048
0 0.7375 0.226807 0.0226563 0.0224609 0.00314713
0 0.307422 0.00735474 0.100781 0.0147095 0.00314713
0 0.896875 0.0122681 0.126563 0.0245361 0.00314713
0 0.9875 0.593262 0.0203125 0.0488281 0.00312424
0 0.146484 0.292236 0.0488281 0.232422 0.00309944
0 0.698438 0.375488 0.0171875 0.0229492 0.003088
0 0.0324707 1 0.0649414 0 0.00301552
0 0.844531 0.882812 0.0359375 0.0722656 0.00300407
0 0.898438 0.503418 0.015625 0.0146484 0.00296974
0 1 0.00976562 0 0.0195312 0.00296974
0 0.799219 0.0975342 0.0296875 0.0251465 0.0029583
0 0.980469 0.611328 0.021875 0.0292969 0.0029583
0 0.991406 0.789062 0.0171875 0.0527344 0.00294685
0 0.569922 0.553223 0.09375 0.108398 0.00291252
0 0.994531 0.786133 0.009375 0.0224609 0.00286674
0 0.386328 0.102875 0.0585938 0.0315552 0.00283432
0 0.0846924 0.0967102 0.0696777 0.0595093 0.00282288
0 0.974219 0.596191 0.0171875 0.0478516 0.00281143
0 0.15542 1 0.121191 0 0.00275803
0 0.84043 0.0465698 0.162891 0.0931396 0.00275803
0 0.82168 0.0122375 0.122266 0.0244751 0.00271416
0 0.875781 0.832031 0.0171875 0.0205078 0.0026722
0 0.871094 0.0903015 0.03125 0.034729 0.0026722
0 0.00697021 0.507324 0.0139404 0.147461 0.00266266
0 0.869922 0.0170898 0.260156 0.0341797 0.00266266
0 0.544141 0.0133057 0.0992187 0.0266113 0.00265312
0 0.00887451 0.132568 0.017749 0.162598 0.00265312
0 0.79375 0.229431 0.0234375 0.0372314 0.00263214
0 0.871484 0.387695 0.257031 0.775391 0.00263214
0 0.95625 0.913818 0.0703125 0.127441 0.0026207
0 0.0067627 0.570801 0.0135254 0.146484 0.00261116
0 0.396484 0.0959778 0.0617188 0.0394897 0.00259018
0 0.747266 0.0921021 0.00703125 0.0098877 0.00258064
0 0.00404053 0.508179 0.00808105 0.120361 0.00258064
0 0.614844 0.491211 0.0203125 0.0322266 0.00258064
0 0.0923096 0.587891 0.0351074 0.046875 0.00257111
0 0.0886719 0.306641 0.009375 0.00927734 0.00254059
0 0.642969 1 0.133594 0 0.00254059
0 0.00661621 0.774414 0.0132324 0.146484 0.00254059
0 0.788867 0.0933228 0.306641 0.186646 0.00254059
0 0.0046875 0.147125 0.009375 0.125183 0.00253105
0 0.994141 0.942627 0.0117188 0.114746 0.00252151
0 0.786523 0.413818 0.426953 0.827637 0.00252151
0 0.767773 1 0.126953 0 0.00250244
0 0.608594 0.489746 0.0234375 0.03125 0.0024929
0 0.583594 0.958252 0.0132813 0.0229492 0.00248146
0 0.757422 0.220886 0.0171875 0.0162354 0.00246239
0 0.99375 0.0133057 0.0125 0.0266113 0.00246239
0 0.37002 0.836914 0.0552734 0.0693359 0.00246239
0 0.544922 0.94458 0.0773437 0.108887 0.00245285
0 0.109937 0.0166321 0.122314 0.0332642 0.00243378
0 0.7875 0.202942 0.0265625 0.0355225 0.00243378
0 0.618359 1 0.122656 0 0.00242424
0 0.921094 0.0898132 0.0625 0.0459595 0.00242424
0 0.815234 0.155273 0.369531 0.310547 0.0024147
0 0.704297 1 0.135156 0 0.00239754
0 0.577344 0.969727 0.0367187 0.0605469 0.00239754
0 0.444922 0.633301 0.0757812 0.0869141 0.00237846
0 0 0.96875 0 0.0625 0.00237846
0 0.792969 1 0.11875 0 0.00235939
0 0.766211 0.253662 0.467578 0.507324 0.00235939
0 0.748828 0.38208 0.0335938 0.0419922 0.00234222
0 0.855664 0.114502 0.288672 0.229004 0.00234222
0 0.972656 0.610352 0.0125 0.0253906 0.00233269
0 0.0281738 1 0.0563477 0 0.00233269
0 0.955469 0.0802612 0.01875 0.0325928 0.00232315
0 0.00699463 0.632324 0.0139893 0.148438 0.00231361
0 0.7375 0.234619 0.0242187 0.0292969 0.00230598
0 0.77168 0.0110626 0.116016 0.0221252 0.00230598
0 0.965625 0.682129 0.06875 0.111328 0.00230598
0 0.00200195 0.915283 0.00400391 0.145996 0.00229645
0 0.992578 1 0.0148437 0 0.00229645
0 1 1 0 0 0.00229645
0 0.996094 0.024292 0.0078125 0.048584 0.00226974
0 0.127539 0.431396 0.00800781 0.00878906 0.00225258
0 0.745703 0.0119019 0.111719 0.0238037 0.00225258
0 0.815625 0.514648 0.0265625 0.0283203 0.00225258
0 0.172217 0.0158386 0.118066 0.0316772 0.00224304
0 0.0020874 0.134766 0.0041748 0.123291 0.00223351
0 0.863672 0.104126 0.272656 0.208252 0.00222588
0 0.976562 0.561523 0.0375 0.0390625 0.00219917
0 0.969141 0.804688 0.0617188 0.106445 0.00219917
0 0.889063 0.504395 0.0265625 0.0273438 0.00219154
0 0.975 0.594727 0.0109375 0.0302734 0.00219154
0 0.869531 0.027771 0.260938 0.055542 0.00219154
0 0.748828 0.23584 0.0554687 0.0498047 0.00218201
0 0.905469 0.0891113 0.0359375 0.0354004 0.00218201
0 0.519531 0.147827 0.0265625 0.0253906 0.00218201
0 0.205078 1 0.119922 0 0.00217438
0 0.185352 0.910156 0.370703 0.179688 0.00217438
0 0.857031 0.868652 0.059375 0.09375 0.00216484
0 0.0510742 1 0.102148 0 0.00216484
0 0.241797 0.367432 0.313281 0.734863 0.00214958
0 0.00148926 0.523804 0.00297852 0.136963 0.00214005
0 0.823438 0.269775 0.353125 0.539551 0.00214005
0 0.797656 0.219727 0.034375 0.0415039 0.00213242
0 0.00626221 0.728027 0.0125244 0.134766 0.00212479
0 0.00787354 0.476929 0.0157471 0.147705 0.00211525
0 0.00544434 0.836426 0.0108887 0.135742 0.00211525
0 0.138379 0.848145 0.276758 0.303711 0.00211525
0 0.00489502 0.648926 0.00979004 0.119141 0.00210762
0 0.942187 0.0206299 0.115625 0.0412598 0.00209999
0 0.930469 1 0.126563 0 0.00209999
0 0.131787 1 0.117676 0 0.00209045
0 0.750781 0.358154 0.0203125 0.0249023 0.00209045
0 0.199609 0.0845337 0.399219 0.169067 0.00208282
0 0.162207 0.0967102 0.0587891 0.059021 0.00206757
0 1 0.020752 0 0.0415039 0.0020504
0 0.0017334 0.789062 0.0034668 0.145508 0.0020504
0 0.677734 1 0.0976562 0 0.0020504
0 0.798437 0.0907898 0.028125 0.0256958 0.00204277
0 0.928125 0.471191 0.03125 0.0351562 0.00204277
0 0.179102 0.923096 0.358203 0.153809 0.00203514
0 0.796094 0.230713 0.0328125 0.03125 0.00201988
0 0.00518799 0.479492 0.010376 0.118164 0.00201988
0 0.708984 0.405518 0.0171875 0.0234375 0.00201035
0 0.0015625 0.554688 0.003125 0.140625 0.00201035
0 0.312695 0.101135 0.625391 0.202271 0.00201035
0 0.994531 0.0350647 0.0109375 0.0701294 0.00200272
0 0.729688 1 0.128125 0 0.00200272
0 0.480859 0.867676 0.0632813 0.0849609 0.00199509
0 0.0933594 1 0.10918 0 0.00198746
0 0.680859 1 0.111719 0 0.0019722
0 0.418848 1 0.120117 0 0.0019722
0 0.996484 0.971924 0.00703125 0.0561523 0.0019722
0 0.0509766 0.0176697 0.101953 0.0353394 0.00196457
0 0.969531 0.061554 0.0609375 0.0878296 0.00196457
0 0.882031 0.5 0.03125 1 0.00195694
0 0.996094 0.104492 0.0078125 0.117676 0.00194931
0 0 0.0135956 0 0.0271912 0.00194931
0 0.746875 0.907715 0.50625 0.18457 0.00194168
0 0.735937 0.219727 0.0234375 0.03125 0.00192642
0 0.978125 0.803711 0.04375 0.0917969 0.00192642
0 0.823438 0.347656 0.353125 0.695312 0.00192642
0 0.419922 0.104736 0.0226563 0.0200195 0.00191212
0 0.50625 1 0.105469 0 0.00191212
0 0.985547 0.138092 0.0289063 0.14032 0.00191212
0 1 0.133728 0 0.253052 0.00191212
0 0.230078 0.929932 0.460156 0.140137 0.00190449
0 0.982813 0.550293 0.0234375 0.03125 0.00189686
0 0.911719 0.020813 0.121875 0.041626 0.00188923
0 0.804688 0.215149 0.0171875 0.0316162 0.00188255
0 0.0682129 1 0.113184 0 0.00188255
0 0.181299 1 0.125684 0 0.00188255
