0 0.852344 0.156982 0.0578125 0.074707 0.880371
0 0.800586 0.126953 0.0707031 0.0556641 0.698242
0 0.842969 0.011673 0.0296875 0.0233459 0.526367
0 0.823438 0.193115 0.0375 0.0795898 0.408203
0 0.108398 0.0248413 0.0201172 0.0496826 0.342529
0 0.419141 0.0435181 0.0859375 0.0870361 0.200562
0 0.583984 0.500977 0.0078125 0.0117188 0.163452
0 0.8125 0.0108948 0.0265625 0.0217896 0.131226
0 0.516406 0.775391 0.0328125 0.107422 0.119629
0 0.513281 0.650391 0.0320312 0.0576172 0.11676
0 0.620313 0.0180054 0.0195312 0.0360107 0.0598755
0 0.363086 0.466064 0.00625 0.0112305 0.0587769
0 0.78457 0.121948 0.0386719 0.0397949 0.0526123
0 0.841406 0.981445 0.0125 0.015625 0.049408
0 0.357812 0.0500031 0.0324219 0.0843201 0.049408
0 0.121191 0.177979 0.0214844 0.0578613 0.0488586
0 0.0795898 0.12793 0.0224609 0.067627 0.0472412
0 0.585156 0.289551 0.0101562 0.012207 0.0446777
0 0.829687 0.192139 0.0328125 0.0727539 0.0437012
0 0.827344 0.18042 0.0296875 0.0649414 0.0419312
0 0.85625 0.149658 0.046875 0.0541992 0.0417786
0 0.160352 0.016449 0.0257812 0.0328979 0.0405273
0 0.519531 0.818359 0.028125 0.0351562 0.0405273
0 0.412598 0.0331421 0.0779297 0.0662842 0.0403748
0 0.582422 0.142578 0.015625 0.0180664 0.0401001
0 0.202539 0.226807 0.0210938 0.0351562 0.0388184
0 0.811719 0.120605 0.053125 0.0397949 0.0375977
0 0.866406 0.172119 0.0328125 0.0424805 0.0357361
0 0.676953 0.0244446 0.0234375 0.0488892 0.0346069
0 0.355664 0.393555 0.0375 0.0878906 0.0339661
0 0.512109 0.659668 0.0359375 0.0800781 0.0315552
0 0.84375 0.00939941 0.0359375 0.0187988 0.0312042
0 0.16084 0.0176239 0.01875 0.0350647 0.0304413
0 0.864062 0.864258 0.025 0.0849609 0.0287628
0 0.14043 0.0970459 0.0224609 0.0490723 0.0282135
0 0.514453 0.641113 0.0304688 0.0400391 0.0266571
0 0.823438 0.204102 0.034375 0.0537109 0.0244293
0 0.216992 0.586914 0.0398437 0.0625 0.0235138
0 0.673437 0.0272522 0.0273438 0.0545044 0.0216217
0 0.348437 0.0166321 0.0101562 0.0112915 0.02034
0 0.582422 0.13855 0.0210938 0.0290527 0.0197601
0 0.832031 0.115234 0.0109375 0.0107422 0.0197144
0 0.101953 0.0263367 0.0296875 0.0526733 0.0195007
0 0.948438 0.015686 0.028125 0.0313721 0.0193024
0 0.517969 0.800293 0.03125 0.0751953 0.0191193
0 0.109473 0.0296326 0.0294922 0.0592651 0.0190887
0 0.84375 0.979492 0.0140625 0.015625 0.0179138
0 0.584375 0.499023 0.0132813 0.0224609 0.0175781
0 0.385547 0.941895 0.0265625 0.116211 0.0175781
0 0.811719 0.13147 0.05625 0.0461426 0.0172424
0 0.814062 0.0161743 0.0265625 0.0244141 0.0171051
0 0.519141 0.826172 0.03125 0.0244141 0.016922
0 0.984375 0.0308838 0.03125 0.0617676 0.0165253
0 0.863281 0.876465 0.0203125 0.0654297 0.0165253
0 0.392578 0.0598145 0.0148437 0.0205078 0.0161591
0 0.9875 0.0330811 0.025 0.0661621 0.0151901
0 0.200195 0.230225 0.015625 0.0268555 0.0151291
0 0.644141 0.190674 0.0226563 0.0722656 0.0148392
0 0.919531 0.379639 0.0421875 0.0585938 0.0140076
0 0.394141 0.0622559 0.0117188 0.0158691 0.0136871
0 0.849219 0.00682068 0.0203125 0.0136414 0.0130234
0 0.811719 0.0148926 0.03125 0.0297852 0.0126266
0 0.454688 0.006073 0.0125 0.012146 0.012291
0 0.580859 0.139038 0.0148437 0.0170898 0.0119629
0 0.164111 0.0187988 0.0241211 0.0375977 0.0119629
0 0.364453 0.468262 0.009375 0.015625 0.0118256
0 0.842969 0.980225 0.0203125 0.0239258 0.0117798
0 0.826563 0.106812 0.0078125 0.010498 0.0115967
0 0.282813 0.427246 0.0363281 0.0986328 0.0115967
0 0.523438 0.818359 0.0179687 0.0322266 0.0113297
0 0.514844 0.674316 0.0359375 0.0996094 0.0112457
0 0.811719 0.206177 0.0171875 0.0422363 0.0108185
0 0.347461 0.130615 0.0273438 0.0773926 0.0106506
0 0.141602 0.0854187 0.0263672 0.0899048 0.0104904
0 0.807031 0.00758362 0.0203125 0.0151672 0.0100555
0 0.444922 0.871094 0.0460938 0.143555 0.0100555
0 0.838281 0.983398 0.0109375 0.0136719 0.00981903
0 0.164062 0.424072 0.0177734 0.0283203 0.00978088
0 0.111035 0.0217896 0.0240234 0.0435791 0.00967407
0 0.0795898 0.138428 0.0183594 0.0495605 0.00963593
0 0.822656 0.213318 0.034375 0.0411377 0.00941467
0 0.588281 0.13623 0.0226563 0.0319824 0.00933838
0 0.480859 0.973633 0.0304688 0.046875 0.00933838
0 0.8375 0.0200195 0.0453125 0.0400391 0.00926971
0 0.828125 0.113159 0.01875 0.0217285 0.00926971
0 0.100879 0.0254517 0.0457031 0.0509033 0.00919342
0 0.521875 0.784668 0.0304688 0.0927734 0.0091629
0 0.723828 0.609375 0.0101562 0.0117188 0.00894928
0 0.610547 0.455811 0.00546875 0.00683594 0.00891876
0 0.00541992 0.0515137 0.0108398 0.103027 0.00871277
0 0.860937 0.161011 0.046875 0.0600586 0.00861359
0 0.111816 0.017334 0.0199219 0.034668 0.00857544
0 0.989453 0.0365601 0.0210938 0.0567627 0.00854492
0 0.833594 0.132812 0.0171875 0.0180664 0.00841522
0 0.847656 0.143555 0.0484375 0.045166 0.00841522
0 0.444141 0.975586 0.0234375 0.046875 0.00837708
0 0.484375 0.0472412 0.0679687 0.0944824 0.00834656
0 0.814062 0.197998 0.0265625 0.0620117 0.00831604
0 0.391016 0.939209 0.0304688 0.121582 0.00831604
0 0.655859 0.039917 0.0578125 0.079834 0.008255
0 0.874219 0.178101 0.0140625 0.0297852 0.00812531
0 0.842188 0.907715 0.0203125 0.0224609 0.00806427
0 0.832031 0.118042 0.0125 0.010498 0.00800323
0 0.585938 0.289062 0.0164062 0.0205078 0.00800323
0 0.517187 0.708984 0.0304688 0.0615234 0.00800323
0 0.623047 0.0227966 0.0257812 0.0455933 0.00796509
0 0.488281 0.990234 0.00859375 0.015625 0.00790405
0 0.587109 0.502441 0.0179687 0.0253906 0.00790405
0 0.273047 0.459351 0.01875 0.0305176 0.00787354
0 0.710547 0.506836 0.0210938 0.0458984 0.0078125
0 0.000683594 0.0446167 0.00136719 0.0892334 0.00775528
0 0.397656 0.0267944 0.04375 0.0535889 0.00775528
0 0.805469 0.115112 0.05 0.0336914 0.00775528
0 0.513281 0.819336 0.0179687 0.0341797 0.00769424
0 0.828906 0.115356 0.0125 0.0134277 0.00763702
0 0.355469 0.0218811 0.0273438 0.039856 0.00763702
0 0.776563 0.118896 0.025 0.0373535 0.00763702
0 0.670313 0.117828 0.0554687 0.0968628 0.00746155
0 0.137891 0.0974426 0.0173828 0.0377808 0.00743103
0 0.457031 0.0112305 0.0195312 0.0224609 0.00734711
0 0.726172 0.605469 0.015625 0.0292969 0.00734711
0 0.726172 0.611328 0.0148437 0.015625 0.00728989
0 0.769727 0.300049 0.0511719 0.126465 0.00712204
0 0.266602 0.619141 0.0480469 0.0839844 0.00712204
0 0.121191 0.170166 0.0257812 0.076416 0.00706482
0 0.0575195 1 0.0978516 0 0.00706482
0 0.550781 0.427246 0.00546875 0.00878906 0.00703812
0 0.946875 0.0174408 0.01875 0.0320129 0.00701141
0 0.517187 0.660156 0.03125 0.0664062 0.00701141
0 0.840625 0.984375 0.015625 0.015625 0.00701141
0 0.280469 0.440674 0.0304688 0.0708008 0.00701141
0 0.21582 0.59668 0.0457031 0.0839844 0.00701141
0 0.618359 0.0198975 0.0148437 0.0286865 0.00698471
0 0.118066 0.189331 0.0162109 0.0317383 0.00695801
0 0.810156 0.00863647 0.0328125 0.0172729 0.0069046
0 0.794531 0.113892 0.04375 0.0349121 0.0069046
0 0.236914 0.176758 0.028125 0.0483398 0.0069046
0 0.217578 0.577148 0.0328125 0.0439453 0.0069046
0 0.8375 0.00747681 0.028125 0.0149536 0.0068512
0 0.54375 0.663086 0.01875 0.0429688 0.0068512
0 0.817969 0.67041 0.00625 0.00976562 0.00674438
0 0.0817383 0.12085 0.0298828 0.0822754 0.00674438
0 0.852344 0.0186768 0.0328125 0.0373535 0.00674438
0 0.80625 0.138916 0.05625 0.0515137 0.00661469
0 0.544141 0.674805 0.0203125 0.0556641 0.00661469
0 0.79707 0.118164 0.0605469 0.036377 0.00658798
0 0.525391 0.649414 0.0273438 0.0537109 0.00653839
0 0.592188 0.128906 0.009375 0.0126953 0.0064888
0 0.383984 0.98584 0.0171875 0.0283203 0.00643921
0 0.627734 0.258057 0.00859375 0.0102539 0.00636292
0 0.210156 0.587891 0.0316406 0.0546875 0.00634003
0 0.96875 0.430664 0.05 0.114258 0.00631332
0 0.203125 0.222656 0.0171875 0.0322266 0.00629044
0 0.379785 0.0686035 0.0263672 0.03125 0.00629044
0 0.141406 0.106934 0.0175781 0.0432129 0.00629044
0 0.419922 0.0211487 0.065625 0.0422974 0.00619125
0 0.998047 0.96167 0.00390625 0.0766602 0.00616837
0 0.672656 0.27832 0.00546875 0.00927734 0.006073
0 0.349609 0.502808 0.009375 0.687744 0.006073
0 0.829687 0.132568 0.0171875 0.0163574 0.00605011
0 0.999219 0.973877 0.0015625 0.0522461 0.00605011
0 0.106348 0.0314941 0.0191406 0.0460205 0.00602722
0 0.860937 0.883789 0.0203125 0.0419922 0.00593567
0 0.0758789 0.119385 0.0283203 0.0686035 0.00593567
0 0.871094 0.163574 0.0234375 0.0500488 0.00593567
0 0.844531 0.0150299 0.028125 0.0300598 0.00591278
0 0.289453 0.41272 0.040625 0.116943 0.00591278
0 0.0381836 1 0.0763672 0 0.00591278
0 0.39375 0.0155945 0.0335938 0.031189 0.005867
0 0.638281 0.489746 0.00625 0.0078125 0.00584412
0 0.141895 0.0828247 0.0216797 0.0548096 0.00582123
0 0.385156 0.971924 0.0195312 0.0561523 0.00577545
0 0.840625 0.904297 0.0109375 0.0136719 0.00575256
0 0.83125 0.204224 0.028125 0.0505371 0.00572968
0 0.278125 0.455078 0.0226563 0.0371094 0.00572968
0 0.203711 0.225891 0.0265625 0.0472412 0.00568771
0 0.114648 0.0337524 0.0289063 0.0675049 0.00568771
0 0.349023 0.413818 0.0242187 0.0478516 0.00566483
0 0.985937 0.0123291 0.0125 0.0198975 0.00561905
0 0.060498 0.213196 0.024707 0.0838623 0.00561905
0 0.79375 0.0102844 0.025 0.0205688 0.00559998
0 0.828906 0.216187 0.0234375 0.0300293 0.00548935
0 0.33125 0.225342 0.0273438 0.0649414 0.00547028
0 0.634766 0.810059 0.0046875 0.0078125 0.00544739
0 0.294922 0.0230408 0.0214844 0.0371704 0.00544739
0 0.875781 0.182129 0.009375 0.0187988 0.00542831
0 0.7625 0.835938 0.0234375 0.0341797 0.00542831
0 0.849219 0.0106659 0.0265625 0.0213318 0.00536346
0 0.451562 0.882324 0.0390625 0.128906 0.00536346
0 0.355469 0.0140228 0.0300781 0.0280457 0.00530243
0 0.394922 0.0565796 0.021875 0.03479 0.00530243
0 0.523438 0.80127 0.0226563 0.0585938 0.00530243
0 0.0757812 0.13501 0.0177734 0.0358887 0.00527954
0 0.781445 0.111328 0.0292969 0.0263672 0.00524139
0 0.346875 0.142212 0.0222656 0.0541992 0.00521851
0 0.807031 0.0110168 0.0234375 0.019043 0.00518036
0 0.793164 0.133545 0.0605469 0.0490723 0.00516129
0 0.119141 0.182129 0.0185547 0.0390625 0.00516129
0 0.835938 0.00880432 0.0421875 0.0176086 0.00516129
0 0.678125 0.0326538 0.028125 0.0653076 0.00516129
0 0.124023 0.176025 0.0208984 0.0483398 0.00510025
0 0.362598 0.383057 0.0458984 0.0947266 0.00510025
0 0.345508 0.244629 0.00546875 0.0117188 0.00508118
0 0.267969 0.211121 0.0265625 0.0284424 0.0050621
0 0.525 0.826172 0.021875 0.0244141 0.0050621
0 0.208398 0.555664 0.0347656 0.0351562 0.00503922
0 0.860156 0.891602 0.01875 0.0332031 0.00502014
0 0.822656 0.219238 0.0234375 0.0234375 0.00500107
0 0.819531 0.0537109 0.0640625 0.107422 0.00500107
0 0.164062 0.418213 0.0199219 0.0380859 0.00498199
0 0.821094 0.111816 0.0265625 0.0236816 0.00498199
0 0.444141 0.986816 0.0234375 0.0263672 0.00498199
0 0.588672 0.142822 0.0257812 0.0344238 0.00494385
0 0.056543 1 0.113086 0 0.0049057
0 0.804688 1 0.129688 0 0.00488663
0 0.796875 0.599121 0.05 0.0869141 0.00484848
0 0.349219 0.0157471 0.0136719 0.0131226 0.00481033
0 0.0398926 1 0.0797852 0 0.00479126
0 0.95625 1 0.0875 0 0.00479126
0 0.917188 0.378174 0.04375 0.0375977 0.00477219
0 0.709375 0.512695 0.0179687 0.0302734 0.00477219
0 0.194141 0.615723 0.015625 0.0439453 0.00477219
0 0.871094 0.740234 0.0625 0.117188 0.00475693
0 0.517187 1 0.129688 0 0.00473785
0 0.00793457 1 0.0158691 0 0.00473785
0 0.198828 0.23584 0.0144531 0.0209961 0.00471878
0 0.587109 0.501465 0.0148437 0.0146484 0.00471878
0 0.757227 0.300537 0.0417969 0.131348 0.00469971
0 0.439453 0.366699 0.03125 0.268555 0.00469971
0 0.835156 0.137573 0.021875 0.0236816 0.00468063
0 0.333984 0.217529 0.0199219 0.0361328 0.00468063
0 0.258203 0.618164 0.0273438 0.0556641 0.00466537
0 0.734766 0.424561 0.009375 0.0126953 0.00460815
0 0.714063 0.506348 0.0265625 0.0605469 0.00460815
0 0.860156 0.855957 0.03125 0.0976562 0.00460815
0 0.267188 0.605469 0.0332031 0.0566406 0.00455475
0 0.39375 0.0623779 0.021875 0.0257568 0.00453949
0 0.353125 0.407959 0.0308594 0.065918 0.00453949
0 0.443359 0.0118103 0.0304688 0.0236206 0.00452042
0 0.610937 0.103516 0.00859375 0.0114746 0.00450516
0 0.18125 0.114136 0.0679687 0.108887 0.00448608
0 0.753125 0.991211 0.0078125 0.0078125 0.00445175
0 0.271289 0.953613 0.0609375 0.0927734 0.00439835
0 0.801562 0.599121 0.034375 0.0732422 0.00432968
0 0.878906 0.185059 0.0140625 0.0234375 0.00431442
0 0.12041 0.18689 0.0257812 0.0466309 0.00429916
0 0.767969 0.602051 0.075 0.106445 0.00428009
0 0.257422 0.505859 0.0421875 0.0615234 0.00428009
0 0.709375 0.515137 0.0195312 0.0429688 0.00428009
0 0.727344 0.611328 0.0195312 0.0283203 0.00428009
0 0.32207 1 0.0644531 0 0.00428009
0 0.328516 0.242188 0.0304688 0.0888672 0.00426483
0 0.471094 0.0292969 0.0492188 0.0585938 0.00424957
0 0.108105 0.256104 0.0269531 0.0854492 0.0042305
0 0.699219 0.663086 0.0257812 0.046875 0.0042305
0 0.503125 0.583984 0.0328125 0.0859375 0.00421524
0 0.233203 0.164551 0.0277344 0.0402832 0.00416565
0 0.996875 0.949463 0.00625 0.101074 0.00416565
0 0.904688 1 0.134375 0 0.00413513
0 0.963281 1 0.0734375 0 0.00413513
0 0.833594 0.191772 0.04375 0.0861816 0.00411606
0 0.541016 1 0.134375 0 0.00411606
0 0.241602 0.176392 0.0359375 0.0603027 0.00411606
0 0.960547 1 0.0789063 0 0.0041008
0 0.992578 0.0140686 0.0148437 0.0281372 0.0041008
0 0.746094 0.67041 0.00703125 0.00878906 0.00408554
0 0.642969 0.181274 0.028125 0.0856934 0.00408554
0 0.232422 0.536133 0.0164062 0.0302734 0.00408554
0 0.306836 0.336914 0.0332031 0.0942383 0.00407028
0 0.331836 0.953857 0.0679687 0.0922852 0.00405502
0 0.457812 0.00724792 0.0140625 0.0144958 0.00403976
0 0.430078 0.01651 0.0484375 0.03302 0.00403976
0 0.586719 0.287598 0.0117188 0.00976562 0.00402451
0 0.998828 0.992676 0.00234375 0.0146484 0.00402451
0 0.616016 0.998047 0.150781 0.00390625 0.00400543
0 0.084082 0.115723 0.0261719 0.0612793 0.00399017
0 0.396094 0.222412 0.0585938 0.125488 0.00399017
0 0.667969 0.0394592 0.0507812 0.0789185 0.00397491
0 0.193555 0.633789 0.0195312 0.0546875 0.00397491
0 0.553906 0.818359 0.0242187 0.0351562 0.00397491
0 0.996875 0.975098 0.00625 0.0498047 0.00395966
0 0.878906 0.753418 0.0484375 0.106445 0.0039444
0 0.514844 0.709961 0.0242187 0.0488281 0.0039444
0 0.677734 0.999512 0.147656 0.000976562 0.00392914
0 0.32793 0.257751 0.0339844 0.0982666 0.00392914
0 0.272266 0.46228 0.015625 0.0217285 0.00391388
0 0.220508 0.583984 0.0335938 0.0429688 0.00391388
0 0.521875 0.76123 0.0320312 0.0927734 0.00391388
0 0.444922 0.896484 0.0414063 0.144531 0.00387001
0 0.235547 0.534668 0.009375 0.0175781 0.00385475
0 0.00422363 0.0450439 0.00844727 0.0900879 0.00385475
0 0.423438 0.476562 0.0671875 0.272461 0.00385475
0 0.839063 0.175171 0.0640625 0.0939941 0.00383949
0 0.0665772 0.999023 0.130908 0.00195312 0.00383949
0 0.623828 0.0194702 0.0179687 0.0288086 0.00382423
0 0.703125 1 0.142969 0 0.00382423
0 0.879687 1 0.129688 0 0.00380898
0 0.937109 1 0.125781 0 0.00379562
0 0.617969 0.015564 0.0304688 0.0311279 0.00376511
0 0.407813 0.0199585 0.0609375 0.039917 0.00376511
