0 0.630078 0.17627 0.0695312 0.0668945 0.96582
0 0.368164 0.0689697 0.0542969 0.0473633 0.952148
0 0.958594 0.0358276 0.059375 0.0528564 0.951172
0 0.0478394 0.0643921 0.0494385 0.0498047 0.943359
0 0.834375 0.0206299 0.0359375 0.0412598 0.905762
0 0.850781 0.303223 0.078125 0.0771484 0.902832
0 0.575391 0.177856 0.0523437 0.0493164 0.851562
0 0.289062 0.75 0.06875 0.0839844 0.849609
0 0.889063 0.127197 0.0734375 0.0649414 0.839355
0 0.903906 0.311279 0.0421875 0.0786133 0.773926
0 0.985156 0.64209 0.0296875 0.0927734 0.504883
0 0.409375 0.0583496 0.01875 0.0368652 0.458008
0 0.170361 0.492188 0.11084 0.116211 0.435059
0 0.103198 0.902344 0.117432 0.154297 0.286865
0 0.778906 0.966553 0.015625 0.0180664 0.250977
0 0.327539 0.795898 0.0742188 0.152344 0.2323
0 0.309961 0.530273 0.0167969 0.0126953 0.230957
0 0.9 0.130981 0.0515625 0.0617676 0.187744
0 0.319531 0.8125 0.0898438 0.110352 0.140869
0 0.604297 0.909668 0.0242187 0.0380859 0.125122
0 0.746875 0.630859 0.015625 0.0175781 0.122498
0 0.316406 0.989258 0.0144531 0.0175781 0.10968
0 0.340625 0.779297 0.0578125 0.140625 0.108948
0 0.727734 0.589844 0.0179687 0.0214844 0.105225
0 0.876562 0.749023 0.0125 0.0126953 0.093689
0 0.328516 0.97168 0.0179687 0.0195312 0.0910645
0 0.329688 0.972412 0.0210938 0.0258789 0.085083
0 0.985937 0.633301 0.025 0.0761719 0.0817871
0 0.950781 0.0321045 0.04375 0.0461426 0.081543
0 0.70625 0.822266 0.0164062 0.0263672 0.0786133
0 0.566406 0.853027 0.0226563 0.0214844 0.0758667
0 0.309961 0.528809 0.0191406 0.0205078 0.0742188
0 0.0396973 0.913086 0.0168945 0.0302734 0.0726318
0 0.848437 0.929688 0.0125 0.0117188 0.0718384
0 0.571484 0.868652 0.0234375 0.0283203 0.0692749
0 0.707031 0.822266 0.0140625 0.0195312 0.0687866
0 0.733203 0.958984 0.0125 0.0146484 0.0673218
0 0.114453 0.891602 0.0921875 0.118164 0.0637207
0 0.77793 0.966797 0.0191406 0.0234375 0.0637207
0 0.33125 0.973633 0.0164062 0.0175781 0.0632324
0 0.0400757 0.060791 0.0387939 0.0455322 0.0628052
0 0.625 0.171753 0.05625 0.0534668 0.0594177
0 0.872656 0.751465 0.021875 0.0224609 0.0572815
0 0.238867 0.991211 0.00820312 0.0117188 0.0549927
0 0.767187 0.713379 0.0148437 0.0253906 0.0539856
0 0.613672 0.94873 0.0078125 0.00878906 0.0518494
0 0.276563 0.747559 0.05 0.0820312 0.0514526
0 0.523047 0.149536 0.009375 0.0107422 0.0507202
0 0.0394531 0.902832 0.0129883 0.0195312 0.0479431
0 0.984375 0.991211 0.0140625 0.0136719 0.0479431
0 0.0391113 0.914062 0.0201172 0.0439453 0.0460205
0 0.411328 0.0535889 0.0164062 0.0336914 0.0448608
0 0.377441 0.0744629 0.0341797 0.0358887 0.0433655
0 0.834375 0.0256348 0.04375 0.0440674 0.0422363
0 0.201953 0.443848 0.0128906 0.00927734 0.0417786
0 0.533984 0.96582 0.0078125 0.0175781 0.0414734
0 0.601172 0.913574 0.0257812 0.0351562 0.0411377
0 0.73125 0.957275 0.0164062 0.0268555 0.0411377
0 0.0864258 0.911865 0.11582 0.123535 0.0408325
0 0.965625 0.0428467 0.0421875 0.0460205 0.0399475
0 0.564062 0.851074 0.0148437 0.0107422 0.0396423
0 0.874219 0.749512 0.0171875 0.0146484 0.0393372
0 0.382812 0.683105 0.0132813 0.0117188 0.0391846
0 0.766406 0.714844 0.0101562 0.0175781 0.0380249
0 0.839844 0.0258331 0.0265625 0.0384216 0.0370483
0 0.348242 0.775391 0.0421875 0.119141 0.0363464
0 0.573438 0.87207 0.0140625 0.0166016 0.0358276
0 0.326953 0.968994 0.0148437 0.019043 0.0351562
0 0.875781 0.127075 0.04375 0.0581055 0.0348206
0 0.623047 0.183105 0.0539063 0.0566406 0.0347595
0 0.911719 0.314453 0.0359375 0.0678711 0.0346069
0 0.705078 0.820312 0.0117188 0.0195312 0.0346069
0 0.0609375 0.0684204 0.0272461 0.0406494 0.0346069
0 0.0476685 0.0723877 0.0570068 0.0537109 0.0343018
0 0.686328 0.0708618 0.0101562 0.0107422 0.0340881
0 0.564453 0.178223 0.0289063 0.0488281 0.0333252
0 0.400391 0.0595703 0.0257812 0.03479 0.0322876
0 0.407813 0.0528564 0.01875 0.0306396 0.0322266
0 0.344922 0.773438 0.0433594 0.0878906 0.0314941
0 0.85 0.931152 0.0171875 0.0205078 0.0314941
0 0.306836 0.529297 0.0132813 0.0117188 0.0310211
0 0.985937 0.990723 0.025 0.0185547 0.0307922
0 0.0530273 0.0734253 0.043457 0.0450439 0.0303802
0 0.199805 0.443359 0.0101562 0.00976562 0.0293121
0 0.373535 0.941895 0.0123047 0.015625 0.0284424
0 0.730859 0.95752 0.0148437 0.0185547 0.0284424
0 0.828125 0.017334 0.0265625 0.034668 0.0279083
0 0.355078 0.478516 0.00859375 0.00976562 0.0278015
0 0.641406 0.186157 0.0484375 0.0549316 0.0271149
0 0.375488 0.06604 0.0458984 0.0395508 0.0270081
0 0.279687 0.335205 0.0207031 0.0268555 0.0265503
0 0.528516 0.808594 0.0171875 0.0205078 0.0263519
0 0.835938 0.0124512 0.0328125 0.0249023 0.0257568
0 0.749609 0.630859 0.0203125 0.0234375 0.0257111
0 0.32168 0.982422 0.0214844 0.0292969 0.0257111
0 0.204297 0.446045 0.0222656 0.019043 0.0253296
0 0.703125 0.771484 0.0234375 0.0341797 0.0248413
0 0.32793 0.866699 0.0105469 0.0146484 0.024704
0 0.344141 0.749023 0.0402344 0.046875 0.023819
0 0.286719 0.481934 0.0132813 0.0146484 0.0234222
0 0.586328 0.18042 0.0585938 0.0546875 0.0232849
0 0.740625 0.924316 0.0117188 0.0126953 0.0231476
0 0.602344 0.91748 0.0210938 0.0273438 0.0227203
0 0.649219 0.181274 0.0328125 0.0549316 0.022583
0 0.815625 0.799316 0.0078125 0.0107422 0.0225372
0 0.327539 0.968994 0.0226563 0.0268555 0.0222931
0 0.723437 0.509277 0.0265625 0.0234375 0.0221558
0 0.971875 0.0377808 0.0375 0.0493164 0.02211
0 0.675391 0.911621 0.00859375 0.00976562 0.0213623
0 0.944531 0.833984 0.0140625 0.0126953 0.021286
0 0.846094 0.0220642 0.025 0.0441284 0.0209656
0 0.360547 0.0751953 0.0359375 0.0390625 0.0202484
0 0.408984 0.0490723 0.0125 0.017334 0.0200195
0 0.728125 0.592773 0.0195312 0.0351562 0.0199127
0 0.654688 0.192261 0.021875 0.0349121 0.0196838
0 0.738672 0.959473 0.0328125 0.0361328 0.0192719
0 0.770117 0.708984 0.00976562 0.0126953 0.0190582
0 0.187646 0.484863 0.0938477 0.117188 0.0189362
0 0.399219 0.810547 0.009375 0.0126953 0.0189056
0 0.860937 0.296143 0.05625 0.059082 0.0188751
0 0.33418 0.976318 0.0261719 0.0297852 0.0187988
0 0.0039917 0.0609741 0.0079834 0.121948 0.0186462
0 0.842188 0.58252 0.0234375 0.0214844 0.0185852
0 0.32793 0.862793 0.0101562 0.0195312 0.0185394
0 0.317969 0.988281 0.0203125 0.0234375 0.0185089
0 0.188672 0.64502 0.0183594 0.0371094 0.0183411
0 0.0455566 0.0569458 0.0467773 0.0355225 0.0181885
0 0.816406 0.580078 0.0078125 0.0078125 0.0180511
0 0.215039 0.450684 0.0230469 0.0249023 0.0180206
0 0.6875 0.0717773 0.0148437 0.0200195 0.0177765
0 0.987891 0.644043 0.0242187 0.0849609 0.0177155
0 0.776563 0.915527 0.0140625 0.0136719 0.0176392
0 0.362695 0.0641479 0.0480469 0.0380859 0.0173035
0 0.352148 0.74707 0.0320312 0.0439453 0.0171051
0 0.350195 0.764648 0.0339844 0.0683594 0.0167847
0 0.316602 0.990234 0.021875 0.0195312 0.0167847
0 0.775586 0.970459 0.0128906 0.0180664 0.0166626
0 0.28418 0.818359 0.0246094 0.0546875 0.0165863
0 0.572656 0.874512 0.0179687 0.0214844 0.0165253
0 0.382422 0.684082 0.0179687 0.0224609 0.0165253
0 0.725781 0.509766 0.0179687 0.015625 0.0163422
0 0.612891 0.176392 0.0484375 0.0620117 0.0162201
0 0.316406 0.992188 0.0160156 0.015625 0.016098
0 0.687891 0.0710449 0.0109375 0.00891113 0.0160217
0 0.9 0.298584 0.0375 0.0610352 0.0157776
0 0.86875 0.753418 0.0109375 0.0126953 0.0156708
0 0.838281 0.297119 0.059375 0.0678711 0.0156021
0 0.945312 0.833496 0.0203125 0.0214844 0.0154877
0 0.768359 0.712402 0.0109375 0.0185547 0.0153656
0 0.483203 0.925293 0.00703125 0.0126953 0.0153046
0 0.721484 0.977539 0.0179687 0.015625 0.0153046
0 0.370898 0.0765686 0.0425781 0.0424194 0.0152512
0 0.608594 0.904785 0.0203125 0.0273438 0.0152512
0 0.93125 0.912109 0.028125 0.0302734 0.0150757
0 0.131836 0.54541 0.0195312 0.0205078 0.0148392
0 0.376074 0.942383 0.0158203 0.0234375 0.0148392
0 0.673437 0.912109 0.009375 0.00878906 0.0145569
0 0.870313 0.777344 0.0125 0.0146484 0.0145035
0 0.124023 0.772949 0.0136719 0.0146484 0.014389
0 0.726953 0.96167 0.0203125 0.0297852 0.014389
0 0.840625 0.581543 0.015625 0.0136719 0.0143356
0 0.609375 0.911133 0.025 0.0371094 0.0143356
0 0.910156 0.296631 0.034375 0.0532227 0.014061
0 0.776563 0.96875 0.0265625 0.0253906 0.0140076
0 0.760938 0.452148 0.00859375 0.0078125 0.0139008
0 0.996094 0.995117 0.0078125 0.0078125 0.013588
0 0.911719 0.117676 0.025 0.0375977 0.0134277
0 0.563672 0.170532 0.0257812 0.0368652 0.0133743
0 0.928125 0.362793 0.00625 0.00732422 0.0133286
0 0.733203 0.95166 0.0109375 0.0166016 0.0133286
0 0.318555 0.993164 0.0121094 0.0136719 0.0132751
0 0.982031 0.990234 0.015625 0.0136719 0.0131683
0 0.32207 0.79248 0.0777344 0.110352 0.0131226
0 0.137695 0.884766 0.0382813 0.103516 0.0130692
0 0.953125 0.831543 0.009375 0.00976562 0.0130234
0 0.575391 0.874512 0.0132813 0.0166016 0.0129242
0 0.329297 0.863281 0.0148437 0.0224609 0.0129242
0 0.910156 0.130371 0.028125 0.0559082 0.0126724
0 0.988281 0.682617 0.0078125 0.015625 0.0125275
0 0.846875 0.58252 0.0125 0.0117188 0.0123825
0 0.215039 0.456787 0.0207031 0.0219727 0.0123367
0 0.601953 0.921875 0.0140625 0.0166016 0.0123367
0 0.779492 0.962402 0.0144531 0.0185547 0.0123367
0 0.889844 0.118896 0.0609375 0.0473633 0.012146
0 0.530469 0.808105 0.0234375 0.0283203 0.012146
0 0.301172 0.432617 0.00976562 0.00830078 0.0118713
0 0.0391602 0.899414 0.0117188 0.0136719 0.0116882
0 0.328125 0.97583 0.01875 0.019043 0.0115509
0 0.323828 0.863281 0.0199219 0.0224609 0.0115509
0 0.88125 0.123657 0.059375 0.0483398 0.0115051
0 0.15498 0.762207 0.00859375 0.0136719 0.0115051
0 0.388672 0.0671387 0.0273438 0.041626 0.0115051
0 0.332617 0.96875 0.0132813 0.0195312 0.011467
0 0.502734 0.724121 0.00703125 0.0107422 0.0112915
0 0.709766 0.822754 0.0210938 0.0292969 0.0111618
0 0.878906 0.249756 0.009375 0.0078125 0.0110321
0 0.764453 0.718262 0.0109375 0.0146484 0.0108566
0 0.599609 0.916992 0.0171875 0.0214844 0.0107803
0 0.0393555 0.906738 0.0170898 0.03125 0.0106506
0 0.324805 0.968018 0.0136719 0.0151367 0.0106125
0 0 0.0420532 0 0.0841064 0.0104904
0 0.575 0.874023 0.0171875 0.0283203 0.0104904
0 0.612891 0.73877 0.0226563 0.0322266 0.0104065
0 0.251367 0.692871 0.0125 0.015625 0.0103683
0 0.502734 0.726562 0.00703125 0.0107422 0.0102463
0 0.310352 0.530273 0.0242187 0.015625 0.01017
0 0.90625 0.32373 0.0359375 0.0732422 0.01017
0 0.126855 0.773438 0.0173828 0.0234375 0.01017
0 0.0359863 0.919922 0.018457 0.0380859 0.0101318
0 0.8375 0.583496 0.021875 0.0214844 0.00993347
0 0.226562 0.369873 0.0113281 0.0107422 0.00989532
0 0.275586 0.333008 0.0136719 0.0166016 0.00978088
0 0.869531 0.777344 0.021875 0.0263672 0.00978088
0 0.412109 0.0634766 0.01875 0.0360107 0.00967407
0 0.534766 0.96582 0.0132813 0.0273438 0.00963593
0 0.730078 0.960938 0.0148437 0.0175781 0.00955963
0 0.828125 0.916504 0.0171875 0.0195312 0.00952148
0 0.125879 0.774902 0.0140625 0.0166016 0.00945282
0 0.577734 0.186157 0.0453125 0.046875 0.00937653
0 0.578125 0.0812378 0.0117188 0.0113525 0.00933838
0 0.8 0.130249 0.00625 0.00585938 0.00933838
0 0.620703 0.597656 0.0203125 0.0195312 0.00933838
0 0.9875 0.990234 0.0171875 0.015625 0.00933838
0 0.846094 0.0160522 0.025 0.0321045 0.00919342
0 0.151367 0.5 0.0785156 0.104492 0.00912476
0 0.659766 0.195801 0.0148437 0.0322266 0.00912476
0 0.210938 0.450928 0.0164062 0.0146484 0.00908661
0 0.846094 0.188965 0.0109375 0.00878906 0.00905609
0 0.777539 0.915039 0.0199219 0.0224609 0.00898743
0 0.703906 0.364258 0.009375 0.00976562 0.00894928
0 0.31582 0.991211 0.0304688 0.0175781 0.00891876
0 0.214258 0.452637 0.0179687 0.0185547 0.00881195
0 0.989062 0.645508 0.021875 0.0976562 0.00878143
0 0.773828 0.915039 0.0257812 0.0253906 0.00871277
0 0.78418 0.966309 0.0253906 0.0283203 0.00867462
0 0.846875 0.311768 0.0625 0.0742188 0.00861359
0 0.527734 0.804688 0.0140625 0.0175781 0.00857544
0 0.958594 0.0257721 0.0515625 0.0336609 0.00854492
0 0.037207 0.902832 0.0144531 0.0224609 0.00854492
0 0.725781 0.585938 0.015625 0.0185547 0.0085144
0 0.310156 0.825684 0.0851562 0.0986328 0.0085144
0 0.372754 0.939453 0.0201172 0.0253906 0.0085144
0 0.298047 0.693359 0.0121094 0.00976562 0.00831604
0 0.635938 0.172852 0.0546875 0.0524902 0.008255
0 0.37334 0.9375 0.0119141 0.0146484 0.008255
0 0.612891 0.169189 0.0390625 0.0471191 0.008255
0 0.49375 0.728516 0.0203125 0.0234375 0.008255
0 0.303906 0.77002 0.0378906 0.0439453 0.008255
0 0.176904 0.611816 0.0145508 0.0166016 0.00818634
0 0.0366211 0.898438 0.0109375 0.0126953 0.00818634
0 0.399609 0.05896 0.0367187 0.0301514 0.00818634
0 0.566406 0.847656 0.0203125 0.0253906 0.00815582
0 0.8375 0.582031 0.0125 0.0126953 0.00812531
0 0.882812 0.583984 0.01875 0.015625 0.00812531
0 0.867969 0.77832 0.015625 0.0166016 0.00809479
0 0.703516 0.766113 0.0210938 0.0292969 0.00806427
0 0.130078 0.546387 0.0150391 0.0166016 0.00803375
0 0.166504 0.990234 0.00820312 0.00976562 0.00803375
0 0.134863 0.700195 0.00996094 0.0117188 0.00800323
0 0.278516 0.337646 0.0167969 0.0209961 0.00790405
0 0.835938 0.311768 0.0484375 0.0639648 0.00787354
0 0.767969 0.708984 0.0117188 0.015625 0.0078125
0 0.20918 0.868652 0.0136719 0.0175781 0.0078125
0 0.88125 0.586426 0.025 0.0253906 0.0078125
0 0.772852 0.713379 0.0199219 0.0292969 0.0078125
0 0.5625 0.852539 0.0140625 0.0136719 0.0077858
0 0.596094 0.1875 0.0304688 0.0366211 0.0077858
0 0.0442017 0.0516968 0.0385498 0.0334473 0.00772476
0 0.25293 0.692871 0.0179687 0.0263672 0.00772476
0 0.297852 0.53125 0.0230469 0.0234375 0.00769424
0 0.561719 0.86377 0.0257812 0.0332031 0.00754929
0 0.185547 0.638184 0.0191406 0.0341797 0.00751877
0 0.525 0.807617 0.0242187 0.0283203 0.00751877
0 0.876562 0.290771 0.025 0.0253906 0.00748825
0 0.867188 0.644531 0.00625 0.00976562 0.00748825
0 0.285547 0.480469 0.0199219 0.0234375 0.00748825
0 0.974219 0.0308838 0.0453125 0.0476074 0.00740433
0 0.821094 0.316162 0.0203125 0.0507812 0.00740433
0 0.677344 0.912598 0.015625 0.0214844 0.00740433
0 0.409375 0.0686035 0.0148437 0.0270996 0.00737381
0 0.337305 0.749023 0.0253906 0.0322266 0.00731659
0 0.297266 0.74707 0.0664062 0.0673828 0.00728989
0 0.895312 0.308594 0.0421875 0.0595703 0.00725937
0 0.53125 0.810059 0.0164062 0.0205078 0.00723267
0 0.440625 0.477051 0.0203125 0.0273438 0.00723267
0 0.236914 0.991211 0.0121094 0.0136719 0.00720596
0 0.905469 0.138062 0.034375 0.0522461 0.00717545
0 0.35332 0.73584 0.0261719 0.0244141 0.00714874
0 0.892187 0.625977 0.01875 0.0185547 0.00712204
0 0.294531 0.820312 0.053125 0.0732422 0.00712204
0 0.309766 0.523926 0.0132813 0.0166016 0.00706482
0 0.655469 0.920898 0.0257812 0.0224609 0.00706482
0 0.85 0.581055 0.009375 0.0107422 0.00703812
0 0.540625 0.9646 0.0203125 0.0356445 0.00703812
0 0.432813 0.476562 0.0257812 0.03125 0.00701141
0 0.747266 0.627441 0.01875 0.0253906 0.00701141
0 0.445703 1 0.0851562 0 0.00701141
0 0.486328 0.72998 0.00859375 0.0107422 0.00698471
0 0.124707 0.89502 0.0570313 0.0917969 0.00698471
0 0.620703 0.600098 0.0257812 0.0302734 0.00695801
