0 0.0522705 0.223145 0.0763184 0.0581055 0.953613
0 0.78125 0.326904 0.09375 0.0693359 0.826172
0 0.959375 0.0712891 0.0234375 0.0281982 0.251709
0 0.798242 0.429321 0.0972656 0.0944824 0.216675
0 0.132422 0.554688 0.0101562 0.0175781 0.210815
0 0.80332 0.443604 0.0777344 0.0776367 0.206909
0 0.197656 0.736816 0.0300781 0.0263672 0.199341
0 0.422266 0.72168 0.009375 0.0117188 0.189575
0 0.799414 0.42041 0.104297 0.0634766 0.188965
0 0.291602 0.56543 0.0152344 0.0185547 0.184814
0 0.207031 0.855469 0.03125 0.0332031 0.183594
0 0.243359 0.726562 0.0257812 0.0341797 0.173828
0 0.804688 0.0466309 0.0171875 0.0108643 0.172119
0 0.963281 0.0656738 0.0234375 0.0257568 0.169434
0 0.957031 0.0734253 0.01875 0.0218506 0.167725
0 0.75 0.616211 0.021875 0.0273438 0.148071
0 0.804688 0.450928 0.0609375 0.0649414 0.140869
0 0.20332 0.861328 0.0398437 0.0498047 0.115967
0 0.344336 0.768066 0.0242187 0.0253906 0.114746
0 0.173145 0.866211 0.0119141 0.0185547 0.112
0 0.399219 0.650879 0.0210938 0.0273438 0.11084
0 0.158789 0.57373 0.00898437 0.0107422 0.108215
0 0.953125 0.85498 0.0140625 0.0136719 0.0984497
0 0.216992 0.968018 0.0113281 0.0249023 0.0980835
0 0.421875 0.785156 0.0140625 0.0136719 0.0970459
0 0.37002 0.944336 0.0138672 0.015625 0.0923462
0 0.966406 0.0616455 0.015625 0.0144043 0.0907593
0 0.040332 0.222656 0.0613281 0.0532227 0.0875854
0 0.0348633 0.878906 0.0177734 0.0390625 0.0853882
0 0.765234 0.524414 0.009375 0.0107422 0.0755615
0 0.0138184 0.939941 0.0126953 0.0185547 0.0755615
0 0.221875 0.90625 0.015625 0.0185547 0.0658569
0 0.132324 0.555176 0.0134766 0.0234375 0.0643921
0 0.803906 0.0474854 0.021875 0.0185547 0.064209
0 0.566406 0.891113 0.009375 0.00976562 0.0596619
0 0.561719 0.44751 0.0109375 0.00976562 0.0558167
0 0.398438 0.645996 0.0132813 0.0136719 0.0545959
0 0.372949 0.700195 0.0103516 0.00976562 0.0535889
0 0.396484 0.716797 0.009375 0.00976562 0.0531921
0 0.135547 0.695801 0.0246094 0.0292969 0.0499573
0 0.8 0.331055 0.05 0.059082 0.0492249
0 0.903125 0.803711 0.009375 0.0107422 0.0490417
0 0.19375 0.738281 0.0242187 0.0205078 0.0470886
0 0.283008 0.843262 0.01875 0.0166016 0.0450134
0 0.517969 0.747559 0.0179687 0.0205078 0.044342
0 0.396875 0.717773 0.0117188 0.0126953 0.0414734
0 0.519141 0.746582 0.0117188 0.0146484 0.0414734
0 0.367285 0.589355 0.0263672 0.0244141 0.0405273
0 0.0745605 0.227539 0.030957 0.0424805 0.0403748
0 0.597656 0.753418 0.0171875 0.0175781 0.0402527
0 0.261328 0.581543 0.00898437 0.0117188 0.0397949
0 0.314844 0.842285 0.00820312 0.0117188 0.0381775
0 0.83125 0.418213 0.028125 0.0712891 0.0374756
0 0.0190674 0.705078 0.029248 0.0439453 0.0367737
0 0.218359 0.967773 0.0148437 0.03125 0.036438
0 0.134863 0.699219 0.0203125 0.0253906 0.035553
0 0.450391 0.786133 0.0125 0.015625 0.0354004
0 0.280078 0.844727 0.0277344 0.0244141 0.0354004
0 0.202344 0.733398 0.0277344 0.03125 0.0346069
0 0.0672852 0.232422 0.0431641 0.0449219 0.0343628
0 0.954687 0.0720215 0.01875 0.0280762 0.0343018
0 0.889063 0.443115 0.0109375 0.019043 0.0340881
0 0.423047 0.719238 0.0117188 0.0126953 0.033844
0 0.959375 0.076416 0.021875 0.0192871 0.0334778
0 0.190234 0.468384 0.0128906 0.0124512 0.0332031
0 0.172852 0.867188 0.0144531 0.0253906 0.032959
0 0.135449 0.555176 0.0183594 0.0253906 0.0327148
0 0.347266 0.766602 0.0199219 0.0195312 0.0322266
0 0.464844 0.635254 0.01875 0.0166016 0.0318604
0 0.241211 0.912109 0.0105469 0.0146484 0.0313721
0 0.367773 0.590332 0.0191406 0.0166016 0.0311432
0 0.189453 0.469727 0.0152344 0.0166016 0.0305634
0 0.0701172 0.869141 0.00771484 0.0195312 0.0305634
0 0.337109 0.770508 0.0117188 0.015625 0.0304413
0 0.383594 0.418945 0.0195312 0.015625 0.0302124
0 0.498047 0.806641 0.0195312 0.0195312 0.0301056
0 0.415234 0.688965 0.0148437 0.0126953 0.0297546
0 0.787305 0.324707 0.0675781 0.0620117 0.0292053
0 0.349609 0.76709 0.0164062 0.015625 0.0292053
0 0.545313 0.667969 0.009375 0.0117188 0.0287628
0 0.158496 0.575195 0.0152344 0.0205078 0.0284424
0 0.424609 0.722168 0.0140625 0.0166016 0.0280151
0 0.459766 0.961426 0.009375 0.0136719 0.0275879
0 0.370801 0.943848 0.0169922 0.0224609 0.0270691
0 0.230078 0.543945 0.0117188 0.0107422 0.0266571
0 0.650781 0.913574 0.009375 0.0146484 0.0263519
0 0.835938 0.417969 0.021875 0.0664062 0.0262604
0 0.382031 0.418457 0.0234375 0.0258789 0.0259094
0 0.129102 0.375732 0.0167969 0.0131836 0.0255585
0 0.564062 0.851562 0.00859375 0.0117188 0.0255585
0 0.288867 0.567383 0.0222656 0.0253906 0.024231
0 0.421484 0.785645 0.0179687 0.0234375 0.0239563
0 0.401172 0.647461 0.0171875 0.0214844 0.0238647
0 0.601953 0.759277 0.0226563 0.0332031 0.0231934
0 0.360547 0.584961 0.0195312 0.0244141 0.0230713
0 0.452344 0.788574 0.0179687 0.0234375 0.0230255
0 0.763477 0.324463 0.0652344 0.0673828 0.0229797
0 0.556641 0.940918 0.0125 0.0195312 0.0224609
0 0.0150635 0.971924 0.0135254 0.0268555 0.0222931
0 0.00354004 0.0596313 0.00708008 0.119263 0.0222931
0 0.489453 0.150024 0.0234375 0.0258789 0.0219421
0 0.354102 0.525391 0.0109375 0.00878906 0.0218658
0 0.666406 0.884766 0.0171875 0.0146484 0.0216217
0 0.560938 0.44751 0.0171875 0.0200195 0.0211639
0 0.289258 0.523926 0.0128906 0.0117188 0.0206451
0 0.181055 0.939941 0.0113281 0.0146484 0.0204926
0 0.351953 0.572754 0.0167969 0.0244141 0.0200958
0 0.211719 0.85498 0.0238281 0.0244141 0.0199432
0 0.191016 0.974609 0.03125 0.03125 0.0198669
0 0.0707031 0.865234 0.00712891 0.0214844 0.0193481
0 0.266602 0.560547 0.00742187 0.00976562 0.0192719
0 0.9625 0.0737915 0.0234375 0.0196533 0.0191193
0 0.174951 0.868164 0.0188477 0.03125 0.0191193
0 0.335156 0.95752 0.0199219 0.0185547 0.0190582
0 0.964063 0.0760498 0.028125 0.0280762 0.0187225
0 0.872656 0.986328 0.0140625 0.0136719 0.018692
0 0.433594 0.69043 0.00703125 0.00976562 0.0183411
0 0.537109 0.729492 0.0117188 0.0107422 0.0181274
0 0.558984 0.94043 0.01875 0.0253906 0.0181274
0 0.168262 0.688965 0.0353516 0.0419922 0.0180511
0 0.0760742 0.235107 0.0287109 0.0322266 0.0178528
0 0.504687 0.629883 0.0140625 0.0117188 0.0176392
0 0.199414 0.864258 0.05625 0.0585938 0.0175781
0 0.358984 0.583984 0.0113281 0.0146484 0.0172424
0 0.402734 0.733398 0.01875 0.015625 0.0171051
0 0.367383 0.878906 0.0261719 0.0371094 0.016922
0 0.397266 0.65625 0.0210938 0.0185547 0.0167236
0 0.799219 0.411377 0.0828125 0.050293 0.0167236
0 0.17876 0.680176 0.0186523 0.0361328 0.0162201
0 0.403125 0.73291 0.025 0.0224609 0.0161591
0 0.466016 0.63623 0.021875 0.0244141 0.0157776
0 0.602344 0.95752 0.0117188 0.0126953 0.0157166
0 0.148828 0.368652 0.0234375 0.0234375 0.0154266
0 0.0143066 0.94043 0.0166016 0.0263672 0.0154266
0 0.210742 0.86084 0.0304688 0.0429688 0.0153656
0 0.452344 0.789062 0.0140625 0.015625 0.0152512
0 0.402734 0.738281 0.0296875 0.03125 0.0152512
0 0.128418 0.944336 0.021875 0.0400391 0.0150757
0 0.0416138 0.333008 0.0656006 0.097168 0.0150146
0 0.638281 0.769531 0.0179687 0.015625 0.0149536
0 0.885938 0.877441 0.0078125 0.0078125 0.0149002
0 0.516406 0.748047 0.0210938 0.0302734 0.0149002
0 0.181299 0.675781 0.012793 0.0234375 0.0148392
0 0.351953 0.570801 0.0121094 0.015625 0.0147858
0 0.0145874 0.974609 0.0227783 0.0449219 0.0146713
0 0.12666 0.556641 0.021875 0.0263672 0.0145035
0 0.0690674 0.867188 0.0132324 0.0273438 0.0142822
0 0.77207 0.415527 0.0386719 0.0522461 0.0141754
0 0.514063 0.742188 0.0164062 0.0166016 0.0140076
0 0.416797 0.599609 0.0078125 0.0078125 0.0137939
0 0.421094 0.721191 0.0171875 0.0195312 0.0136337
0 0.189844 0.974609 0.0238281 0.0253906 0.0135345
0 0.36748 0.706543 0.0244141 0.0244141 0.0133286
0 0.350195 0.568848 0.0121094 0.0126953 0.0132217
0 0.598047 0.756348 0.0210938 0.0292969 0.0132217
0 0.892187 0.566406 0.015625 0.0136719 0.0131683
0 0.121289 0.785645 0.00800781 0.0136719 0.0131683
0 0.812695 0.430664 0.0792969 0.0830078 0.0131226
0 0.270312 0.848633 0.0292969 0.0283203 0.0130692
0 0.791406 0.849121 0.009375 0.0136719 0.0128708
0 0.746875 0.969971 0.015625 0.0170898 0.012825
0 0.560938 0.446289 0.0140625 0.015625 0.0127716
0 0.482812 0.518555 0.015625 0.0126953 0.0127716
0 0.504687 0.633301 0.021875 0.0253906 0.0127716
0 0.733203 0.60498 0.015625 0.0107422 0.0127258
0 0.255273 0.296631 0.00976562 0.00830078 0.0126724
0 0.462891 0.598145 0.00859375 0.0078125 0.0126266
0 0.1875 0.974854 0.0414063 0.0385742 0.0125275
0 0.796875 0.690918 0.009375 0.00976562 0.0123825
0 0.471484 0.737305 0.0109375 0.0166016 0.0121918
0 0.371777 0.911621 0.0322266 0.0380859 0.012146
0 0.210156 0.851074 0.0226563 0.0234375 0.0121002
0 0.951563 0.85498 0.0203125 0.0253906 0.0121002
0 0.889063 0.443848 0.015625 0.0253906 0.0120544
0 0.426562 0.723633 0.0179687 0.0244141 0.0120087
0 0.241797 0.805176 0.0304688 0.0615234 0.0119629
0 0.385547 0.538086 0.0132813 0.0107422 0.0119171
0 0.501562 0.807617 0.0179687 0.0185547 0.0118713
0 0.211914 0.972412 0.0210938 0.0317383 0.0118713
0 0.255469 0.476562 0.0128906 0.0107422 0.0115509
0 0.157129 0.574707 0.0126953 0.0146484 0.0115051
0 0.903125 0.803711 0.015625 0.0214844 0.0115051
0 0.5625 0.944336 0.0179687 0.0263672 0.0115051
0 0.240039 0.731934 0.0207031 0.0283203 0.011467
0 0.398828 0.733398 0.0125 0.0117188 0.0113297
0 0.252734 0.987305 0.0109375 0.00976562 0.0113297
0 0.199219 0.658203 0.00820312 0.0136719 0.0112915
0 0.368945 0.703613 0.0199219 0.0214844 0.0111618
0 0.972656 0.0689697 0.021875 0.0291748 0.011116
0 0.297656 0.852539 0.00898437 0.0107422 0.0110321
0 0.398047 0.554688 0.0148437 0.0126953 0.0109863
0 0.138477 0.994141 0.0121094 0.0117188 0.0109863
0 0.395703 0.724121 0.0203125 0.0214844 0.0108566
0 0.00900879 0.727539 0.00898437 0.0126953 0.0107803
0 0.131543 0.558105 0.0169922 0.0302734 0.0106964
0 0.291016 0.569336 0.015625 0.0205078 0.0106506
0 0.511719 0.741211 0.0125 0.0117188 0.0106506
0 0.221484 0.904785 0.0207031 0.03125 0.0106506
0 0.22793 0.910156 0.0183594 0.0263672 0.0106125
0 0.400781 0.556152 0.0171875 0.015625 0.0105667
0 0.133105 0.561035 0.0134766 0.0205078 0.0105667
0 0.0369629 0.874023 0.0132813 0.0292969 0.0104904
0 0.263281 0.896973 0.00898437 0.0175781 0.0104065
0 0.35625 0.581543 0.0105469 0.0136719 0.0103302
0 0.0321289 0.875977 0.022168 0.0488281 0.0103302
0 0.0250977 0.743164 0.0366211 0.0605469 0.0102921
0 0.264453 0.569824 0.0183594 0.0273438 0.0102463
0 0.316016 0.845703 0.0179687 0.0253906 0.0102463
0 0.455859 0.68457 0.0171875 0.0175781 0.0102081
0 0.261133 0.850586 0.0109375 0.015625 0.01017
0 0.00629883 0.0758057 0.0125977 0.151611 0.01017
0 0.637891 0.771484 0.021875 0.0234375 0.0100937
0 0.114648 0.996094 0.00820312 0.0078125 0.0100555
0 0.522656 0.23291 0.0132813 0.012207 0.0100098
0 0.19082 0.739258 0.0214844 0.0263672 0.00993347
0 0.00637207 0.647461 0.0127441 0.144531 0.00989532
0 0.964063 0.0773315 0.021875 0.0164795 0.00985718
0 0.237305 0.73584 0.0160156 0.0205078 0.00978088
0 0.214062 0.966553 0.0203125 0.0317383 0.00978088
0 0.666797 0.751953 0.0265625 0.0361328 0.00971222
0 0.208203 0.731934 0.0109375 0.0166016 0.00963593
0 0.175391 0.868652 0.0136719 0.0214844 0.00963593
0 0.77168 0.317139 0.0722656 0.0620117 0.00963593
0 0.16084 0.574707 0.0177734 0.0244141 0.00963593
0 0.568359 0.276123 0.00859375 0.0107422 0.00959778
0 0.522266 0.804199 0.0171875 0.0195312 0.00955963
0 0.546094 0.67041 0.0101562 0.0136719 0.00952148
0 0.416797 0.601562 0.009375 0.0117188 0.00945282
0 0.469531 0.634766 0.0171875 0.015625 0.00941467
0 0.0751221 0.217957 0.0270996 0.0367432 0.00941467
0 0.499609 0.633301 0.021875 0.0244141 0.00941467
0 0.34707 0.571289 0.0210938 0.0253906 0.00937653
0 0.735547 0.65332 0.0132813 0.0117188 0.00933838
0 0.34043 0.768555 0.01875 0.0205078 0.00933838
0 0.094043 0.429443 0.0285156 0.0327148 0.00933838
0 0.29043 0.200928 0.0101562 0.00854492 0.00930023
0 0.147363 0.849121 0.00722656 0.0146484 0.00926971
0 0.131641 0.551758 0.0162109 0.0253906 0.00926971
0 0.130859 0.432129 0.0296875 0.0288086 0.00919342
0 0.125 0.947021 0.0273438 0.0473633 0.00912476
0 0.759375 0.804199 0.0148437 0.015625 0.00908661
0 0.292383 0.848633 0.0214844 0.0234375 0.00908661
0 0.13418 0.700195 0.0310547 0.0283203 0.00905609
0 0.954687 0.0765381 0.0171875 0.0196533 0.00901794
0 0.147656 0.568359 0.0255859 0.0283203 0.00901794
0 0.172949 0.873047 0.0166016 0.0371094 0.00901794
0 0.957031 0.533203 0.0234375 0.0371094 0.00898743
0 0.399609 0.653809 0.0273438 0.0253906 0.00894928
0 0.666797 0.746582 0.0234375 0.0244141 0.0088501
0 0.034668 0.890137 0.0103516 0.0185547 0.00881195
0 0.594922 0.597168 0.00625 0.0078125 0.00878143
0 0.668359 0.744629 0.0265625 0.0361328 0.00878143
0 0.207422 0.848633 0.0292969 0.0283203 0.00878143
0 0.368457 0.936035 0.0216797 0.0283203 0.00878143
0 0.7875 0.614258 0.0109375 0.00683594 0.00871277
0 0.128125 0.94043 0.0175781 0.0224609 0.00871277
0 0.652344 0.915039 0.0164062 0.0253906 0.00867462
0 0.8875 0.878418 0.0109375 0.0107422 0.0086441
0 0.000134277 0.0411682 0.000268555 0.0823364 0.0086441
0 0.186914 0.513184 0.0226563 0.0205078 0.0085144
0 0.990625 0.584473 0.009375 0.0117188 0.00847626
0 0.955469 0.530762 0.0140625 0.0224609 0.00844574
0 0.0839844 0.227051 0.0171875 0.0317383 0.00844574
0 0.0625977 0.220459 0.065625 0.0478516 0.00841522
0 0.333008 0.958496 0.0269531 0.0302734 0.008255
0 0.996875 0.0484009 0.00625 0.0968018 0.00818634
0 0.241406 0.813965 0.0257812 0.0498047 0.00812531
0 0.152637 0.363037 0.0154297 0.0107422 0.00809479
0 0.138965 0.992188 0.0107422 0.0117188 0.00806427
0 0.20293 0.650391 0.0152344 0.0341797 0.00800323
0 0.264453 0.899414 0.0109375 0.0195312 0.00793457
0 0.347656 0.76416 0.0261719 0.0302734 0.00793457
0 0.567969 0.892578 0.00859375 0.0107422 0.00790405
0 0.177539 0.6875 0.0210938 0.0439453 0.00784302
0 0.441797 0.567383 0.00625 0.00976562 0.0077858
0 0.177539 0.368652 0.0148437 0.0151367 0.00766754
0 0.158984 0.571289 0.0111328 0.0146484 0.00766754
0 0.800781 0.0471191 0.0140625 0.0109863 0.00763702
0 0.873438 0.282471 0.084375 0.0625 0.00763702
0 0.614844 0.760254 0.0164062 0.0214844 0.00757599
0 0.258008 0.477539 0.0121094 0.0117188 0.00754929
0 0.153418 0.848633 0.00878906 0.0185547 0.00754929
0 0.865625 0.605957 0.00625 0.00683594 0.00737381
0 0.60625 0.766602 0.03125 0.0488281 0.00737381
0 0.242383 0.914062 0.021875 0.0283203 0.00737381
0 0.394141 0.716309 0.0101562 0.0117188 0.00734711
0 0.0723145 0.0422974 0.00517578 0.00622559 0.00728989
0 0.65 0.915527 0.0132813 0.0205078 0.00728989
0 0.8125 0.333496 0.021875 0.046875 0.00728989
0 0.370313 0.874023 0.0304688 0.0380859 0.00728989
0 0.00422363 0.963135 0.00844727 0.0737305 0.00728989
0 0.395312 0.716309 0.0171875 0.0224609 0.00725937
0 0.690234 0.999023 0.136719 0.00195312 0.00723267
0 0.83125 0.405518 0.028125 0.0463867 0.00723267
0 0.746484 0.613281 0.0226563 0.0283203 0.00717545
0 0.398438 0.64502 0.01875 0.0263672 0.00717545
0 0.397656 0.555176 0.0242187 0.0263672 0.00714874
0 0.498828 0.805664 0.0234375 0.0263672 0.00714874
0 0.814844 0.575195 0.0125 0.0126953 0.00712204
0 0.14209 0.740234 0.0625 0.0722656 0.00709534
