0 0.16333 0.896973 0.0389648 0.0849609 0.677246
0 0.35918 0.224915 0.021875 0.0316162 0.36377
0 0.169141 0.952881 0.0378906 0.074707 0.254639
0 0.00629883 0.444824 0.0125977 0.0185547 0.206909
0 0.896094 0.598145 0.0359375 0.0410156 0.145142
0 0.154297 0.386475 0.0230469 0.0141602 0.0977173
0 0.177539 0.252502 0.0726563 0.098999 0.0827026
0 0.170752 0.89502 0.0350586 0.0849609 0.064209
0 0.997266 0.0491943 0.00546875 0.0983887 0.0481262
0 0.556641 0.244446 0.0882813 0.0936279 0.0470886
0 0.00904541 0.444092 0.0180908 0.0263672 0.0448608
0 0.976562 0.252991 0.046875 0.102905 0.036499
0 0.353906 0.226501 0.0253906 0.0313721 0.032959
0 0.425391 0.160889 0.0195312 0.0200195 0.0270081
0 0.35957 0.233398 0.0160156 0.0229492 0.0264587
0 0.35957 0.219666 0.0238281 0.0255127 0.0238647
0 0.423438 0.161255 0.0125 0.0112305 0.0227203
0 0.362695 0.218079 0.0183594 0.0189209 0.0220337
0 0.425391 0.160645 0.0101562 0.0100098 0.0210419
0 0.165234 0.884277 0.0359375 0.0625 0.0207977
0 0.679688 0.14624 0.0460938 0.0310059 0.0202179
0 0.151855 0.385986 0.0326172 0.0214844 0.0192413
0 0.608203 0.369629 0.040625 0.0239258 0.0170441
0 0.35957 0.229004 0.0273438 0.0361328 0.0153046
0 0.615234 0.369385 0.0304688 0.0224609 0.0147324
0 0.00471191 0.0518188 0.00942383 0.103638 0.0115051
0 0.00727539 0.443115 0.0145508 0.0375977 0.0115051
0 0.614844 0.370361 0.0171875 0.0117188 0.0108185
0 0.406738 0.253967 0.0849609 0.115601 0.0107346
0 0.444531 0.955322 0.078125 0.0893555 0.0106506
0 0.174561 0.944824 0.0286133 0.0673828 0.0101318
0 0.327539 0.218201 0.0125 0.0108643 0.0100937
0 0.669531 0.147827 0.06875 0.0336914 0.00993347
0 0.692578 0.210754 0.0742188 0.0531006 0.00993347
0 0.78457 0.300049 0.102734 0.0708008 0.00985718
0 0.00476074 0.946777 0.00952148 0.106445 0.00978088
0 0.417188 0.231873 0.0476562 0.0616455 0.00948334
0 0.00587158 0.442871 0.0117432 0.0273438 0.00905609
0 0.294336 0.239197 0.0855469 0.0592041 0.0086441
0 0.162549 0.957031 0.0374023 0.0625 0.00837708
0 0.252539 0.697754 0.0519531 0.0830078 0.00831604
0 0.473828 0.993164 0.0140625 0.0117188 0.00828552
0 0.137012 0.924805 0.00898437 0.0117188 0.00815582
0 0.232227 0.240967 0.0730469 0.0625 0.00787354
0 0 0.958496 0 0.0830078 0.00772476
0 0.444922 0.678223 0.0640625 0.0927734 0.00740433
0 0.998047 0.0594482 0.00390625 0.118896 0.0069313
0 0.909375 0.253479 0.110937 0.118042 0.0069046
0 0.19043 0.359863 0.0246094 0.0170898 0.00674438
0 0.169873 0.96582 0.030957 0.0585938 0.00669098
0 0.546875 0.14624 0.0414063 0.03125 0.00658798
0 0.530859 0.333008 0.0320312 0.0253906 0.0064888
0 0.0543457 0.316406 0.0704102 0.105957 0.00636292
0 0.605859 0.271729 0.0609375 0.0834961 0.00631332
0 0.421484 0.157593 0.0296875 0.0217285 0.00629044
0 0.572656 0.15564 0.0414063 0.0217285 0.00629044
0 0.563281 0.240295 0.05625 0.0633545 0.00626373
0 0.427344 0.156372 0.0164062 0.0131836 0.00612259
0 0.422266 0.114014 0.104687 0.067627 0.00612259
0 0.546484 0.253845 0.101562 0.118286 0.00612259
0 0.00119629 0.935303 0.00239258 0.129395 0.006073
0 0.285352 0.178711 0.0894531 0.0693359 0.00593567
0 0.422656 0.155273 0.015625 0.0117188 0.00584412
0 0.00490723 0.494629 0.00981445 0.134766 0.00575256
0 0.416406 0.242859 0.0617188 0.0933838 0.00559998
0 0.965625 0.19873 0.06875 0.121094 0.0055542
0 0.244922 0.708008 0.0679687 0.0996094 0.00542831
0 0.136426 0.273682 0.0230469 0.0532227 0.00542831
0 0.864062 0.588867 0.0234375 0.0214844 0.00538635
0 0.1729 0.873535 0.0245117 0.0429688 0.0053215
0 0.405859 0.163086 0.0398437 0.0292969 0.00526047
0 0.166064 0.875488 0.0291992 0.0439453 0.00511932
0 0.0705322 0.329102 0.0308105 0.0698242 0.0050621
0 0.0102295 0.443115 0.020459 0.0288086 0.00494385
0 0.966797 0.251221 0.0664062 0.116211 0.0049057
0 0.06875 0.319336 0.0417969 0.0913086 0.00484848
0 0.571484 0.161499 0.0453125 0.027832 0.00481033
0 0.327539 0.22052 0.0160156 0.0135498 0.00475693
0 0.0770508 0.330811 0.0222656 0.0522461 0.00475693
0 0.481641 0.253723 0.0625 0.100464 0.00473785
0 0.156738 0.896484 0.0435547 0.0732422 0.0046463
0 0.886719 0.601562 0.059375 0.0546875 0.00460815
0 0.981641 0.25415 0.0367187 0.112305 0.00457382
0 0.467578 0.866699 0.0789063 0.116211 0.00453949
0 0.615234 0.259521 0.04375 0.0698242 0.00453949
0 0.0351074 1 0.0702148 0 0.00450516
0 0.00313721 0.0452881 0.00627441 0.0905762 0.00439835
0 0.997656 0.0249634 0.0046875 0.0499268 0.00439835
0 0.530469 0.513184 0.0679687 0.0546875 0.00439835
0 0.999219 0.0408325 0.0015625 0.081665 0.00434875
0 0.134961 0.27124 0.0189453 0.0380859 0.00434875
0 0.161621 0.875977 0.0353516 0.0537109 0.00432968
0 0.305273 0.149292 0.0371094 0.0214844 0.00431442
0 0.428906 0.157837 0.028125 0.0214844 0.00431442
0 0.153613 0.376465 0.0248047 0.027832 0.00418091
0 0.345508 0.114716 0.0917969 0.065979 0.00411606
0 0.719531 0.303711 0.0742188 0.0620117 0.00408554
0 0 0.0302429 0 0.0604858 0.00402451
0 0.472266 0.253418 0.0507812 0.0874023 0.00400543
0 0.975 0.195557 0.05 0.101562 0.00400543
0 0.048584 1 0.097168 0 0.00397491
0 0.900781 0.603027 0.028125 0.0371094 0.00395966
0 0.00678711 0.92627 0.0135742 0.147461 0.00395966
0 0.0623047 1 0.124609 0 0.0039444
0 0.934375 0.165527 0.1 0.0410156 0.00390053
0 0.187109 0.24469 0.0621094 0.0828857 0.00385475
0 0.481641 0.679688 0.0695312 0.0908203 0.00383949
0 0.0153198 0.710938 0.0304932 0.0332031 0.00383949
0 0.00766602 0.447266 0.015332 0.0415039 0.00382423
0 0.159668 0.385986 0.0240234 0.0244141 0.00379562
0 0.566406 0.236084 0.0671875 0.0825195 0.00370789
0 0.030249 1 0.060498 0 0.00367928
0 0.457031 0.727539 0.00859375 0.0107422 0.00362206
0 0.0215332 1 0.0430664 0 0.0036068
0 0.866406 0.587402 0.0328125 0.0332031 0.0036068
0 0.173926 0.889648 0.0306641 0.0664062 0.00358009
0 0.607422 0.144287 0.0382813 0.0285645 0.00356483
0 0.0777588 1 0.13042 0 0.00351143
0 0.688281 0.144409 0.0320312 0.0297852 0.00351143
0 0.870313 0.288818 0.10625 0.0742188 0.00348282
0 0.379687 0.953369 0.084375 0.0913086 0.00342941
0 0.540625 0.331543 0.0234375 0.0244141 0.00342941
0 0.995703 0.0130005 0.00859375 0.026001 0.00341606
0 0.553516 0.147339 0.0351562 0.0268555 0.00340271
0 0.758398 0.939697 0.0925781 0.114746 0.00337601
0 1 0.0102539 0 0.0205078 0.00337601
0 0.626172 0.368896 0.025 0.0249023 0.00337601
0 0.119922 0.995117 0.0078125 0.00976562 0.00336266
0 0.522656 0.332031 0.040625 0.0317383 0.00335121
0 0.521484 0.52002 0.0757812 0.0625 0.00333786
0 0.756445 0.21283 0.0699219 0.0479736 0.00332451
0 0.346484 0.375 0 0 0.00331116
0 0.363477 0.231689 0.0238281 0.0419922 0.00328636
0 0.00152588 0.0639038 0.00305176 0.127808 0.00327301
0 0.232422 0.176147 0.0933594 0.067627 0.00324821
0 0.284375 0.233154 0.071875 0.0541992 0.00324821
0 0.645312 0.146851 0.0828125 0.0285645 0.00323486
0 0.570312 0.322998 0.03125 0.0332031 0.00322342
0 0.102539 0.587891 0.00644531 0.0078125 0.00317192
0 0.568359 0.694336 0.059375 0.0849609 0.00317192
0 0.164648 0.914551 0.0355469 0.0615234 0.00313568
0 0.617578 0.145874 0.0492188 0.0319824 0.00313568
0 0.968359 0.116333 0.0632813 0.0720215 0.00312424
0 0.434375 0.15564 0.01875 0.0119629 0.003088
0 0.178711 0.969482 0.0191406 0.0395508 0.0030632
0 0.17583 0.9375 0.0233398 0.0478516 0.00302696
0 0.426172 0.162964 0.00859375 0.0090332 0.00301552
0 0.00449219 0.932373 0.00898437 0.119629 0.00301552
0 0.00554199 0.647461 0.011084 0.144531 0.00300407
0 0.296289 0.151978 0.0488281 0.0244141 0.00299263
0 0.49375 0.365967 0.0375 0.0361328 0.00299263
0 0.0630859 0.999023 0.100391 0.00195312 0.00296974
0 0.0213867 0.333984 0.0427734 0.0942383 0.00294685
0 0.957812 0.241394 0.075 0.11731 0.00292397
0 0.576172 0.243652 0.0625 0.0800781 0.00286674
0 0.00820312 1 0.0164062 0 0.0028553
0 0.919531 0.631836 0.0625 0.0869141 0.00283432
0 0.544922 0.236267 0.0828125 0.0787354 0.00282288
0 0.00513916 0.0716553 0.0102783 0.143311 0.00281143
0 0.34502 0.301758 0.0623047 0.102539 0.00279999
0 0.860156 0.587402 0.0421875 0.0400391 0.00279999
0 0.00786133 0.866699 0.0157227 0.166016 0.00279999
0 0.149512 0.383057 0.0244141 0.0151367 0.00276756
0 0.576953 0.156128 0.021875 0.013916 0.00275803
0 0.619141 0.371094 0.01875 0.0131836 0.00275803
0 0.00493164 0.869141 0.00986328 0.126953 0.00273705
0 0.0074585 0.617188 0.014917 0.15625 0.00273705
0 0.0112793 0.438477 0.0216797 0.0292969 0.0026722
0 0.805664 0.629395 0.0621094 0.0869141 0.00266266
0 0.994141 0.961182 0.0117188 0.0776367 0.00265312
0 0.473047 0.242432 0.0632813 0.0942383 0.00263214
0 0.35791 0.942383 0.104492 0.113281 0.0026207
0 0.00765381 0.821289 0.0153076 0.152344 0.00261116
0 0.00456543 0.618652 0.00913086 0.124023 0.00259018
0 0.333984 0.302002 0.667969 0.38916 0.00259018
0 0.394434 0.166504 0.0517578 0.0371094 0.00258064
0 0.0765869 0.318359 0.0347168 0.0810547 0.00257111
0 0.896094 0.606445 0.0453125 0.0546875 0.00256157
0 0.627734 0.371094 0.0109375 0.0107422 0.00254059
0 0.442578 0.160034 0.0367187 0.0268555 0.00251198
0 0.157324 0.388916 0.0197266 0.0131836 0.00250244
0 0.383301 0.178833 0.0787109 0.0646973 0.0024929
0 0.0106934 0.448242 0.0213867 0.0332031 0.00248146
0 0.969531 0.601074 0.059375 0.114258 0.00247192
0 0.597656 0.368652 0.05625 0.03125 0.00247192
0 0.71875 0.372559 0.0765625 0.0620117 0.00246239
0 0.439063 0.830566 0.0101562 0.0136719 0.00243378
0 0.451562 0.749512 0.0117188 0.0117188 0.00242424
0 0.328516 0.223877 0.025 0.0268555 0.0024147
0 0.00725098 0.439453 0.0115723 0.0146484 0.00236893
0 0.673047 0.208008 0.09375 0.0644531 0.00236893
0 0.0897461 1 0.0929687 0 0.00236893
0 0.146875 0.374756 0.0378906 0.0332031 0.00235939
0 0.442969 0.114624 0.09375 0.0651855 0.00234222
0 0.0556641 0.349854 0.0370117 0.0390625 0.00234222
0 0.17002 0.931641 0.0333984 0.0839844 0.00234222
0 0.168018 0.253906 0.0643555 0.0839844 0.00232315
0 0.00494385 0.838867 0.0098877 0.124023 0.00231361
0 0.929688 0.617676 0.046875 0.0869141 0.00229645
0 1 1 0 0 0.00229645
0 0.408594 0.155884 0.0429688 0.0234375 0.00226974
0 0.507031 0.148438 0.0546875 0.034668 0.00226974
0 0.632031 0.94043 0.0914062 0.113281 0.00226021
0 0.0676514 0.359375 0.0199707 0.0219727 0.00226021
0 0.954687 0.169067 0.0828125 0.0510254 0.00224304
0 0.455469 0.727539 0.0078125 0.00976562 0.00223351
0 0.000952148 0.0847168 0.0019043 0.130371 0.00223351
0 0.00205078 0.971191 0.00410156 0.0576172 0.00223351
0 0.0456055 0.998535 0.0912109 0.00292969 0.00223351
0 0.0347656 1 0.0695312 0 0.00222588
0 0.080249 1 0.0961426 0 0.00222588
0 0.144043 0.316406 0.288086 0.198242 0.00221634
0 0.0574707 1 0.114941 0 0.00220871
0 0.137891 0.277588 0.0201172 0.0375977 0.00219917
0 0.702344 0.210388 0.0671875 0.0445557 0.00219917
0 0.433984 0.316406 0.0539063 0.0673828 0.00219154
0 0.967578 0.508667 0.0648438 0.117432 0.00218201
0 0.00515137 0.102448 0.0103027 0.137878 0.00216484
0 0.766992 0.953857 0.0832031 0.0922852 0.00215721
0 0.58125 1 0.111719 0 0.00215721
0 0.682813 0.144653 0.0359375 0.0251465 0.00213242
0 0.203516 0.991211 0.0128906 0.0136719 0.00213242
0 0.493359 0.255798 0.0859375 0.114868 0.00213242
0 0.805469 0.301514 0.0984375 0.065918 0.00213242
0 0.17334 0.910156 0.0294922 0.0761719 0.00211525
0 0.530469 0.321045 0.04375 0.0498047 0.00210762
0 0.368164 0.118805 0.736328 0.207703 0.00209999
0 0.491797 0.691406 0.0609375 0.0927734 0.00209045
0 0 0.0144958 0 0.0289917 0.00208282
0 0.188086 0.376038 0.376172 0.316284 0.0020752
0 0.808398 0.73877 0.0878906 0.104492 0.00206757
0 0.168457 0.862793 0.0287109 0.0283203 0.00206757
0 0.104395 1 0.114844 0 0.00205803
0 0.444141 0.154175 0.040625 0.0241699 0.0020504
0 0.383398 0.0665283 0.766797 0.133057 0.0020504
0 0.457812 0.153442 0.040625 0.0256348 0.00204277
0 0.644922 0.179321 0.034375 0.0354004 0.00203514
0 0.319922 0.229004 0.0363281 0.0366211 0.00203514
0 0.29375 0.167847 0.075 0.0563965 0.00201988
0 0.13291 0.413086 0.0576172 0.0507812 0.00201988
0 0.0681152 0.349121 0.0217773 0.0361328 0.00200272
0 0.807031 0.209351 0.075 0.0339355 0.00199509
0 1 0.0234985 0 0.0469971 0.00199509
0 0.576953 0.161499 0.0390625 0.0217285 0.00198746
0 0.94375 0.926514 0.0828125 0.119629 0.00198746
0 0.957031 0.938965 0.0796875 0.114258 0.00197983
0 0.606641 1 0.10625 0 0.00197983
0 0.317969 0.184814 0.0601562 0.0515137 0.00197983
0 0.160156 0.958496 0.320312 0.0830078 0.00197983
0 0.579297 0.322754 0.034375 0.0351562 0.0019722
0 0.679688 0.140625 0.0515625 0.0288086 0.00195694
0 0.617188 0.373291 0.03125 0.0258789 0.00195694
0 0.14502 0.397705 0.0414063 0.0444336 0.00195694
0 0.0917969 0.354248 0.000195313 0.0942383 0.00195694
0 0.045752 0.327637 0.0790039 0.090332 0.00194931
0 0.00550537 0.587891 0.0110107 0.123047 0.00194931
0 0.316016 0.148193 0.0285156 0.020752 0.00194931
0 0.362109 0.935791 0.14375 0.128418 0.00194931
0 0.482812 0.197937 0.09375 0.0709229 0.00194168
0 0.32793 0.183838 0.0421875 0.0444336 0.00194168
0 0 0.987793 0 0.0244141 0.00194168
0 0.302393 0.951416 0.350684 0.097168 0.00194168
0 0.0275879 0.978516 0.0117188 0.00976562 0.00193405
0 0.934375 0.916992 0.120312 0.166016 0.00193405
0 0.0275391 0.346436 0.0220703 0.0458984 0.00192642
0 0.501562 0.365234 0.0296875 0.0327148 0.00191212
0 0.000524902 0.662598 0.0010498 0.128906 0.00190449
0 0.719531 0.383545 0.0890625 0.0825195 0.00189686
0 0.631641 1 0.103125 0 0.00189686
0 0.992578 1 0.0148437 0 0.00189686
0 0.761719 0.917725 0.13125 0.164551 0.00189686
0 0.0821289 0.294128 0.120117 0.152954 0.00188923
0 0.957031 0.21106 0.0796875 0.12085 0.00188255
0 0.935938 0.0692139 0.128125 0.138428 0.00187492
0 0.181738 0.918457 0.363477 0.163086 0.00187492
0 0.556641 1 0.110937 0 0.00186729
0 0.0273438 0.331787 0.0395508 0.0825195 0.00186729
0 0.132617 0.0841064 0.265234 0.168213 0.00186729
0 0.933984 0.196533 0.132031 0.296387 0.00186729
0 0.632031 0.14502 0.065625 0.0283203 0.00186062
0 0.869531 0.213013 0.0953125 0.0666504 0.00186062
0 0.254297 0.686523 0.0449219 0.0634766 0.00186062
0 0.209766 0.572266 0.0105469 0.0146484 0.00185299
0 0.129883 0.199341 0.0910156 0.0915527 0.00185299
0 0 0.410889 0 0.103516 0.00185299
0 0.5 0.282227 1 0.14502 0.00185299
0 0.272656 0.358154 0.327344 0.0322266 0.00184631
0 0.955078 1 0.0898438 0 0.00184631
0 0.313477 0.937744 0.130078 0.124512 0.00184631
0 0.141602 0.282471 0.0259766 0.0463867 0.00183868
0 0.285547 0.304688 0.0394531 0.609375 0.00183868
0 0.212891 0.934814 0.425781 0.130371 0.00183868
0 0.256641 0.241028 0.0636719 0.0565186 0.00183105
0 0.757812 0.615723 0.0609375 0.0917969 0.00183105
0 0.00513916 0.808594 0.0102783 0.114258 0.00183105
0 0.058667 0.0531006 0.100635 0.106201 0.00183105
0 0.642187 0.867676 0.0859375 0.118164 0.00182438
0 0.93125 0.604492 0.040625 0.0644531 0.00182438
0 0.195898 0.460693 0.0972656 0.0893555 0.0018177
0 0.33877 0.921387 0.128711 0.157227 0.0018177
