0 0.233594 0.220276 0.0242187 0.0213623 0.808105
0 0.33457 0.202026 0.0234375 0.0217285 0.790527
0 0.317187 0.180908 0.0253906 0.0224609 0.760742
0 0.29082 0.197388 0.021875 0.0195312 0.760742
0 0.194922 0.178711 0.0195312 0.0231934 0.747559
0 0.519922 0.222595 0.0226563 0.0152588 0.744629
0 0.712109 0.161377 0.0226563 0.0170898 0.73584
0 0.643359 0.278076 0.0335938 0.0253906 0.727051
0 0.445703 0.26709 0.0382813 0.0229492 0.660156
0 0.654297 0.163818 0.025 0.0219727 0.645996
0 0.262695 0.202148 0.0269531 0.0280762 0.625977
0 0.257617 0.159424 0.0109375 0.0153809 0.554688
0 0.714844 0.260742 0.0179687 0.0249023 0.548828
0 0.176904 0.894043 0.111035 0.0908203 0.536133
0 0.811719 0.217407 0.0234375 0.0187988 0.464844
0 0.685938 0.240723 0.0148437 0.015625 0.355713
0 0.508984 0.990723 0.0125 0.0185547 0.297363
0 0.560938 0.980469 0.0195312 0.0214844 0.225464
0 0.37207 0.233398 0.00898437 0.0102539 0.222656
0 0.320312 0.184082 0.025 0.0266113 0.188354
0 0.0976562 0.290527 0.00917969 0.0219727 0.185913
0 0.122363 0.146484 0.0494141 0.0788574 0.181885
0 0.708203 0.159668 0.0179687 0.0148926 0.180054
0 0.475391 0.935547 0.0289063 0.111328 0.164551
0 0.767383 0.0228271 0.0167969 0.0103149 0.15918
0 0.733594 0.0240936 0.0351562 0.0194397 0.153564
0 0.685156 0.242432 0.0171875 0.0234375 0.151489
0 0.531641 0.95166 0.0351562 0.0966797 0.131226
0 0.288281 0.195435 0.0199219 0.0183105 0.127686
0 0.928125 0.0394287 0.009375 0.00854492 0.126831
0 0.0279297 0.660156 0.015625 0.0117188 0.125122
0 0.0532715 0.525391 0.0101562 0.03125 0.123352
0 0.335938 0.197876 0.0207031 0.017334 0.12085
0 0.195898 0.174927 0.0199219 0.0183105 0.112
0 0.263477 0.196899 0.0230469 0.0227051 0.10376
0 0.650781 0.162476 0.0203125 0.0192871 0.0977173
0 0.60625 0.739258 0.0515625 0.0546875 0.0953369
0 0.267578 0.204468 0.021875 0.0300293 0.0950317
0 0.517578 0.224365 0.021875 0.0214844 0.0930176
0 0.535547 0.945557 0.0226563 0.0893555 0.0806274
0 0.396484 0.424805 0.0273438 0.0693359 0.0769653
0 0.217578 0.538574 0.0164062 0.0292969 0.0750122
0 0.700391 0.137329 0.0101562 0.013916 0.0723877
0 0.510547 0.988281 0.0140625 0.0234375 0.0668335
0 0.767969 0.0232697 0.0234375 0.0185242 0.0648804
0 0.602734 0.693359 0.00859375 0.0205078 0.0634766
0 0.735156 0.0224609 0.0242187 0.012207 0.0630493
0 0.0533203 0.521484 0.00839844 0.0253906 0.0614319
0 0.215625 0.541992 0.0109375 0.0224609 0.0589905
0 0.939062 0.0135803 0.0078125 0.00952148 0.0577087
0 0.688281 0.143921 0.009375 0.0107422 0.0562439
0 0.0763916 0.549316 0.0106934 0.0283203 0.0562439
0 0.539844 0.930664 0.0203125 0.0537109 0.0534058
0 0.258008 0.159912 0.0148437 0.0219727 0.0524292
0 0.601562 0.696289 0.00859375 0.0214844 0.0514526
0 0.0289551 0.660645 0.0202148 0.0205078 0.0505066
0 0.372168 0.234131 0.0150391 0.0205078 0.0481262
0 0.293555 0.200806 0.0167969 0.019043 0.0477905
0 0.0986328 0.289062 0.0134766 0.0273438 0.0474243
0 0.0553711 0.529297 0.0143555 0.0361328 0.0469055
0 0.369434 0.564941 0.0158203 0.0205078 0.0453491
0 0.289062 0.200195 0.0222656 0.0275879 0.0453491
0 0.807813 0.21582 0.01875 0.0175781 0.0450134
0 0.541016 0.921875 0.01875 0.0322266 0.0450134
0 0.0530273 0.530762 0.00908203 0.0244141 0.0445251
0 0.0518066 0.677246 0.00898437 0.00878906 0.0435181
0 0.230078 0.222107 0.0210938 0.0255127 0.0419312
0 0.198437 0.180664 0.0203125 0.0256348 0.0414734
0 0.764063 0.585938 0.0140625 0.0107422 0.0393372
0 0.841406 0.130859 0.009375 0.0078125 0.0391846
0 0.717188 0.161255 0.01875 0.017334 0.0386047
0 0.130566 0.473755 0.00996094 0.0163574 0.0380249
0 0.404297 0.418701 0.0382813 0.0883789 0.0372009
0 0.303125 0.839844 0.0230469 0.0214844 0.0369873
0 0.302148 0.839844 0.0160156 0.0117188 0.0363464
0 0.455078 0.640137 0.015625 0.0429688 0.0360107
0 0.723437 0.0233765 0.01875 0.0110474 0.0351562
0 0.686328 0.14502 0.00703125 0.0109863 0.0347595
0 0.637891 0.281006 0.028125 0.0205078 0.0337219
0 0.654688 0.945312 0.0765625 0.107422 0.0331421
0 0.646484 0.275635 0.0273438 0.019043 0.0322266
0 0.769922 0.0228577 0.0117188 0.00799561 0.0317383
0 0.391406 0.793457 0.0148437 0.0224609 0.0306702
0 0.0647949 0.555176 0.0125 0.0224609 0.0305634
0 0.0671875 0.55127 0.0146484 0.0302734 0.0300446
0 0.0914062 0.696777 0.0138672 0.0117188 0.0299835
0 0.696875 0.0405426 0.025 0.040741 0.0289764
0 0.760547 0.024292 0.0257812 0.0168457 0.0276337
0 0.469922 0.916504 0.0234375 0.0771484 0.0273285
0 0.323633 0.177979 0.0195312 0.0148926 0.0271759
0 0.307031 0.189697 0.0203125 0.0256348 0.0271149
0 0.7625 0.0219727 0.00859375 0.00616455 0.0270691
0 0.649219 0.281494 0.0242187 0.0214844 0.0269623
0 0.0758789 0.554688 0.0107422 0.0224609 0.0268555
0 0.440625 0.268555 0.025 0.0244141 0.0267029
0 0.387891 0.797363 0.0257812 0.0419922 0.0265045
0 0.562891 0.984375 0.01875 0.0195312 0.0262604
0 0.810938 0.213745 0.0203125 0.0163574 0.0261536
0 0.129395 0.478027 0.00878906 0.0185547 0.0257568
0 0.712891 0.265137 0.015625 0.0234375 0.0252686
0 0.766406 0.135254 0.0078125 0.00878906 0.025177
0 0.129395 0.47644 0.0154297 0.0256348 0.0251312
0 0.691016 0.145508 0.0164062 0.0209961 0.0249939
0 0.328516 0.202881 0.0214844 0.0244141 0.0240479
0 0.438281 0.264404 0.0195312 0.0175781 0.0238647
0 0.875781 0.100311 0.0171875 0.0664673 0.0236969
0 0.389453 0.0522461 0.0210938 0.00817871 0.0236053
0 0.0311523 0.65918 0.0182617 0.0136719 0.0230713
0 0.746094 0.0235901 0.0148437 0.00836182 0.0227203
0 0.205078 0.448242 0.00898437 0.0209961 0.0227203
0 0.214844 0.545898 0.00976562 0.0166016 0.0224609
0 0.280469 0.725586 0.0367187 0.0517578 0.0224609
0 0.717969 0.256348 0.0171875 0.0200195 0.0210419
0 0.383496 0.0540771 0.0392578 0.0200195 0.0208435
0 0.369824 0.563477 0.0197266 0.0263672 0.0207977
0 0.736719 0.987305 0.0101562 0.0175781 0.0207214
0 0.064209 0.55127 0.0144531 0.0273438 0.0205688
0 0.581641 0.725586 0.01875 0.0585938 0.0202484
0 0.216992 0.537598 0.0136719 0.0224609 0.0201721
0 0.219922 0.536133 0.0152344 0.0205078 0.0200958
0 0.713281 0.26123 0.0257812 0.0288086 0.019989
0 0.722656 0.257568 0.025 0.0273438 0.0197906
0 0.0325195 0.106201 0.0130859 0.015625 0.0196381
0 0.0745117 0.55127 0.0123047 0.0302734 0.0196381
0 0.714453 0.158447 0.0226563 0.0187988 0.0195007
0 0.461328 0.90918 0.0164062 0.0439453 0.0195007
0 0.520312 0.228943 0.0265625 0.0313721 0.0192413
0 0.611719 0.726562 0.0398437 0.0371094 0.0192413
0 0.633594 0.705566 0.00625 0.0107422 0.0191956
0 0.119141 0.478394 0.01875 0.0256348 0.0190887
0 0.460156 0.896973 0.01875 0.0712891 0.0189362
0 0.755469 0.764648 0.009375 0.00976562 0.0188293
0 0.667969 0.0958557 0.075 0.112976 0.0187683
0 0.723437 0.0232849 0.0234375 0.0172729 0.018692
0 0.260547 0.1604 0.0175781 0.0251465 0.018692
0 0.26543 0.208618 0.0234375 0.0275879 0.0185394
0 0.414453 0.415039 0.0398437 0.0888672 0.0183716
0 0.521875 0.221924 0.0226563 0.0229492 0.0182953
0 0.118457 0.539551 0.0164062 0.0634766 0.0182648
0 0.29082 0.192505 0.0226563 0.0229492 0.0178528
0 0.817187 0.216125 0.0171875 0.0169678 0.0177155
0 0.712109 0.16687 0.0265625 0.029541 0.0175171
0 0.448047 0.271484 0.0367187 0.0258789 0.0173798
0 0.197266 0.175781 0.0230469 0.0263672 0.0172424
0 0.269531 0.209473 0.0175781 0.0244141 0.0171814
0 0.7625 0.585449 0.0242187 0.0185547 0.0171814
0 0.382812 0.803223 0.0257812 0.0410156 0.0166626
0 0.644141 0.270996 0.0328125 0.0288086 0.0165863
0 0.207813 0.457764 0.0152344 0.0415039 0.0161591
0 0.90625 0.834961 0.0265625 0.03125 0.0161591
0 0.649609 0.157471 0.0242187 0.0251465 0.0160217
0 0.36748 0.5625 0.0150391 0.0224609 0.0158386
0 0.454688 0.269043 0.0273438 0.019043 0.0154877
0 0.721875 0.161621 0.025 0.0258789 0.0154877
0 0.715234 0.255371 0.0195312 0.0253906 0.0154266
0 0.310742 0.185791 0.015625 0.0168457 0.0153656
0 0.696875 0.0271606 0.0289063 0.0205078 0.0151901
0 0.698047 0.0229187 0.0164062 0.0106201 0.0150146
0 0.634375 0.150757 0.00703125 0.00952148 0.0149002
0 0.199805 0.897461 0.0664062 0.0859375 0.0148392
0 0.698438 0.0499268 0.0109375 0.0244141 0.0146713
0 0.0577637 0.526855 0.015332 0.0361328 0.0145035
0 0.717578 0.164429 0.0171875 0.0161133 0.0144501
0 0.70625 0.157104 0.0164062 0.0141602 0.0141754
0 0.367188 0.0514526 0.0132813 0.00708008 0.014061
0 0.579687 0.743164 0.00859375 0.0244141 0.014061
0 0.438672 0.267334 0.0226563 0.0175781 0.0138474
0 0.276367 0.375488 0.0144531 0.0302734 0.0138474
0 0.189014 0.905762 0.0860352 0.0849609 0.0137405
0 0.272656 0.375488 0.0183594 0.0292969 0.0137405
0 0.0916016 0.42749 0.0455078 0.090332 0.0137405
0 0.58125 0.739746 0.0140625 0.0390625 0.0136871
0 0.764453 0.720215 0.015625 0.0136719 0.0132217
0 0.723047 0.140503 0.0140625 0.010498 0.01297
0 0.798437 0.470825 0.0171875 0.0134277 0.0127716
0 0.149756 0.88623 0.090332 0.0839844 0.0127258
0 0.0053833 0.0494385 0.0107666 0.098877 0.0126266
0 0.941406 0.798828 0.0390625 0.0263672 0.0126266
0 0.396875 0.437744 0.0234375 0.0473633 0.0124283
0 0.0771484 0.54834 0.0166016 0.0351562 0.012291
0 0.604297 0.692871 0.0148437 0.0332031 0.0122375
0 0.0728027 0.555664 0.0133789 0.0234375 0.0120544
0 0.37041 0.0518188 0.0154297 0.00769043 0.0119629
0 0.261133 0.160156 0.0148437 0.0166016 0.0119171
0 0.314648 0.185669 0.0226563 0.0202637 0.0119171
0 0.464063 0.900391 0.01875 0.0722656 0.0117798
0 0.314063 0.175781 0.0277344 0.0292969 0.0116882
0 0.459766 0.883789 0.0226563 0.0908203 0.0116882
0 0.701953 0.161499 0.0203125 0.0219727 0.011467
0 0.222266 0.539062 0.0222656 0.0332031 0.0114212
0 0.563281 0.981689 0.021875 0.0288086 0.0114212
0 0.423828 0.651855 0.0109375 0.0126953 0.0113297
0 0.0713623 0.302246 0.0119629 0.0249023 0.0112915
0 0.595703 0.741699 0.0296875 0.0458984 0.0110703
0 0.0565918 0.529785 0.025293 0.0400391 0.0109863
0 0.753125 0.128418 0.0171875 0.0263672 0.0109863
0 0.258008 0.199219 0.0242187 0.0214844 0.0109482
0 0.538281 0.927734 0.0203125 0.0380859 0.0106506
0 0.206641 0.449463 0.0125 0.0253906 0.0104523
0 0.935938 0.800293 0.0171875 0.00878906 0.0102921
0 0.303125 0.836426 0.0144531 0.0146484 0.0102463
0 0.275781 0.37793 0.00976562 0.0224609 0.01017
0 0.697656 0.143555 0.00859375 0.0131836 0.0101318
0 0.0790039 0.897949 0.0248047 0.0244141 0.0100937
0 0.554688 0.144775 0.00625 0.0112305 0.0100555
0 0.455859 0.640625 0.0234375 0.046875 0.0100555
0 0.459766 0.268311 0.0226563 0.0249023 0.0100555
0 0.542578 0.927246 0.0179687 0.0410156 0.00997162
0 0.71875 0.022583 0.0117188 0.00939941 0.00993347
0 0.0925781 0.694336 0.0210938 0.0244141 0.00993347
0 0.617188 0.692871 0.0367187 0.046875 0.00993347
0 0.511719 0.991211 0.015625 0.0175781 0.00989532
0 0.477344 0.92041 0.0226563 0.0644531 0.00985718
0 0.450391 0.643066 0.0195312 0.0390625 0.00985718
0 0.953906 0.988281 0.0171875 0.015625 0.00978088
0 0.700391 0.0252533 0.0242187 0.0198059 0.00978088
0 0.742188 0.978271 0.028125 0.0415039 0.00971222
0 0.228516 0.217163 0.0234375 0.0275879 0.00963593
0 0.403516 0.0495605 0.0367187 0.0235596 0.00955963
0 0.0389038 0.663086 0.0278564 0.0244141 0.00948334
0 0.685547 0.245361 0.0273438 0.027832 0.00933838
0 0.693359 0.251953 0.0226563 0.0288086 0.00930023
0 0.604688 0.749512 0.0382813 0.0458984 0.00926971
0 0.510938 0.983643 0.01875 0.0327148 0.00926971
0 0.707812 0.25 0.025 0.0253906 0.0091629
0 0.58125 0.612793 0.01875 0.0478516 0.00912476
0 0.737891 0.0240173 0.034375 0.0134888 0.00908661
0 0.771289 0.0233917 0.0261719 0.0220642 0.00905609
0 0.578516 0.418213 0.0140625 0.0126953 0.00901794
0 0.7 0.0488892 0.01875 0.043335 0.00901794
0 0.701172 0.141724 0.0125 0.0141602 0.00898743
0 0.685156 0.144165 0.0179687 0.0202637 0.00898743
0 0.684766 0.236816 0.0171875 0.0185547 0.00894928
0 0.323828 0.175293 0.0261719 0.0266113 0.00891876
0 0.515234 0.219299 0.028125 0.0296631 0.00891876
0 0.572266 0.417725 0.025 0.0219727 0.00888062
0 0.257227 0.195679 0.0191406 0.0153809 0.0088501
0 0.404687 0.648438 0.040625 0.0341797 0.0088501
0 0.726562 0.140625 0.0164062 0.0112305 0.00878143
0 0.287109 0.19104 0.0242187 0.0270996 0.00878143
0 0.222266 0.628906 0.0332031 0.0361328 0.00878143
0 0.19668 0.185547 0.0207031 0.0239258 0.00867462
0 0.417188 0.648438 0.0273438 0.0292969 0.0086441
0 0.582422 0.715332 0.0179687 0.0449219 0.00861359
0 0.289062 0.724121 0.0351562 0.0605469 0.00861359
0 0.114746 0.483887 0.009375 0.0107422 0.0085144
0 0.385547 0.800781 0.0140625 0.0205078 0.0085144
0 0.389062 0.797852 0.0148437 0.0234375 0.0085144
0 0.541016 0.915527 0.0164062 0.0253906 0.0085144
0 0.0509277 0.525391 0.0239258 0.0302734 0.0085144
0 0.0435059 0.535156 0.0166016 0.03125 0.0085144
0 0.682813 0.239502 0.0132813 0.0166016 0.00834656
0 0.273047 0.728027 0.0253906 0.0400391 0.00834656
0 0.803125 0.216064 0.0234375 0.0253906 0.00818634
0 0.872656 0.098877 0.0296875 0.0629883 0.00812531
0 0.588281 0.726562 0.0242187 0.0576172 0.00812531
0 0.744141 0.986328 0.025 0.0273438 0.00812531
0 0.320312 0.174805 0.0191406 0.0166016 0.00809479
0 0.0974609 0.296631 0.0111328 0.0244141 0.00809479
0 0.256055 0.164062 0.0148437 0.017334 0.00806427
0 0.00581055 0.130493 0.0116211 0.0588379 0.00806427
0 0.6625 0.147827 0.0242187 0.0244141 0.00806427
0 0.35293 0.51709 0.00898437 0.015625 0.00803375
0 0.171436 0.835449 0.00947266 0.00976562 0.00800323
0 0.661328 0.166382 0.0179687 0.0166016 0.00796509
0 0.270898 0.402832 0.00742187 0.0117188 0.00796509
0 0.166797 0.839844 0.00839844 0.00878906 0.00793457
0 0.817969 0.803223 0.05 0.046875 0.00793457
0 0.169531 0.838867 0.0238281 0.0224609 0.00793457
0 0.383203 0.805176 0.0132813 0.0166016 0.00790405
0 0.707422 0.164062 0.0195312 0.0158691 0.00787354
0 0.626953 0.713867 0.00859375 0.0107422 0.00772476
0 0.11123 0.13562 0.0289063 0.0546875 0.00772476
0 0.537891 0.967041 0.025 0.065918 0.00769424
0 0.708984 0.981445 0.0078125 0.015625 0.00766754
0 0.0305176 0.304199 0.0610352 0.113281 0.00763702
0 0.871094 0.0935059 0.0203125 0.0600586 0.00763702
0 0.0665772 0.542969 0.0199707 0.0488281 0.00763702
0 0.215039 0.540527 0.0238281 0.0263672 0.00757599
0 0.746484 0.130493 0.0203125 0.0258789 0.00757599
0 0.282422 0.305664 0.0308594 0.0605469 0.00757599
0 0.069458 0.300293 0.0161621 0.0419922 0.00754929
0 0.323828 0.834473 0.0222656 0.0253906 0.00754929
0 0.807031 0.218994 0.01875 0.015625 0.00751877
0 0.277344 0.37085 0.00820312 0.0205078 0.00751877
0 0.37041 0.0534668 0.0279297 0.0181885 0.00746155
0 0.135937 0.885742 0.0621094 0.0722656 0.00746155
0 0.557031 0.14563 0.0148437 0.020752 0.00740433
0 0.582422 0.748047 0.0132813 0.03125 0.00740433
0 0.189453 0.172974 0.0257812 0.0300293 0.00734711
0 0.204297 0.445801 0.00820312 0.015625 0.00728989
0 0.472656 0.953369 0.0265625 0.0834961 0.00728989
0 0.478516 0.625 0.0226563 0.0507812 0.00725937
0 0.0832031 0.507812 0.0675781 0.109375 0.00723267
0 0.817187 0.219666 0.01875 0.0162354 0.00720596
0 0.652344 0.168213 0.0265625 0.0305176 0.00720596
0 0.674609 0.242188 0.0273438 0.027832 0.00717545
0 0.126758 0.157104 0.0492188 0.0756836 0.00714874
0 0.925 0.0409546 0.021875 0.0212402 0.00712204
0 0.677344 0.930664 0.0335938 0.0615234 0.00712204
