0 0.226758 0.683594 0.0300781 0.0253906 0.831055
0 0.596484 0.361084 0.015625 0.0185547 0.790527
0 0.636328 0.712402 0.0242187 0.0244141 0.710449
0 0.73125 0.769043 0.0203125 0.0390625 0.676758
0 0.178662 0.509277 0.0165039 0.0292969 0.649414
0 0.739844 0.921875 0.0203125 0.0634766 0.621582
0 0.170703 0.390625 0.0195312 0.019043 0.611328
0 0.569922 0.429443 0.009375 0.0214844 0.569824
0 0.638672 0.745117 0.0179687 0.0205078 0.565918
0 0.175586 0.319336 0.0101562 0.0146484 0.544922
0 0.559766 0.444092 0.0109375 0.0161133 0.537109
0 0.551953 0.205444 0.00703125 0.012207 0.498047
0 0.599609 0.589844 0.0125 0.0224609 0.498047
0 0.238867 0.0675659 0.0128906 0.0115967 0.466797
0 0.491016 0.206665 0.00625 0.0109863 0.445557
0 0.684375 0.776855 0.0234375 0.0292969 0.443604
0 0.607031 0.458984 0.00703125 0.00927734 0.381104
0 0.175977 0.320068 0.0125 0.0185547 0.357666
0 0.252734 0.0650024 0.0101562 0.00952148 0.345215
0 0.703906 0.76416 0.0179687 0.0244141 0.32251
0 0.690234 0.786621 0.0195312 0.0224609 0.30249
0 0.538281 0.167725 0.0117188 0.0280762 0.273682
0 0.204102 0.127441 0.0101562 0.0124512 0.242188
0 0.650391 0.699219 0.009375 0.0244141 0.240723
0 0.538672 0.164185 0.00859375 0.0185547 0.23938
0 0.195898 0.13208 0.00742187 0.0112305 0.233765
0 0.270508 0.14856 0.00820312 0.0109863 0.206909
0 0.236133 0.920898 0.00859375 0.0205078 0.206909
0 0.24082 0.0689697 0.0191406 0.0196533 0.203125
0 0.162012 0.395264 0.0115234 0.0151367 0.189575
0 0.593359 0.519043 0.00625 0.00878906 0.185913
0 0.728906 0.765137 0.015625 0.03125 0.183594
0 0.792188 0.895508 0.0078125 0.00878906 0.183594
0 0.205469 0.124756 0.009375 0.0107422 0.178955
0 0.637109 0.742188 0.015625 0.0185547 0.17334
0 0.240234 0.155518 0.0105469 0.0100098 0.171021
0 0.685938 0.781738 0.025 0.03125 0.171021
0 0.166504 0.899414 0.0173828 0.0322266 0.165039
0 0.250391 0.145508 0.0101562 0.00878906 0.163452
0 0.167676 0.90918 0.00917969 0.0214844 0.15918
0 0.16377 0.889648 0.0126953 0.0117188 0.158203
0 0.584375 0.476562 0.00859375 0.0185547 0.151001
0 0.23125 0.679688 0.0222656 0.0185547 0.146118
0 0.162598 0.88916 0.009375 0.00878906 0.142212
0 0.569531 0.431885 0.0132813 0.0268555 0.142212
0 0.247852 0.146606 0.0117188 0.0100098 0.132935
0 0.632812 0.709961 0.021875 0.0205078 0.131226
0 0.587109 0.473145 0.0148437 0.0263672 0.130737
0 0.585547 0.474487 0.0101562 0.0187988 0.125977
0 0.539844 0.180542 0.0078125 0.0183105 0.123352
0 0.693359 0.789551 0.0148437 0.0185547 0.119995
0 0.244336 0.151855 0.0191406 0.0217285 0.11676
0 0.490234 0.207153 0.0125 0.0229492 0.11438
0 0.245898 0.151001 0.0117188 0.012207 0.112793
0 0.560547 0.44458 0.0148437 0.0224609 0.111633
0 0.232227 0.682617 0.0273438 0.0263672 0.106689
0 0.648047 0.700684 0.0148437 0.0263672 0.10376
0 0.258594 0.145142 0.00742187 0.0102539 0.0984497
0 0.166406 0.910645 0.0144531 0.0332031 0.0984497
0 0.538672 0.173462 0.0109375 0.0319824 0.0980835
0 0.725391 0.763672 0.0164062 0.0273438 0.0970459
0 0.204297 0.125732 0.0160156 0.0214844 0.0946655
0 0.250977 0.150024 0.01875 0.020752 0.0939941
0 0.162402 0.924316 0.00722656 0.0136719 0.0933228
0 0.17334 0.38916 0.0185547 0.0151367 0.0913696
0 0.245508 0.0667725 0.0140625 0.0113525 0.0910645
0 0.165625 0.891113 0.0158203 0.0166016 0.0878906
0 0.603125 0.551758 0.00546875 0.0136719 0.0875854
0 0.640625 0.743652 0.0179687 0.0263672 0.0859985
0 0.260742 0.152832 0.00820312 0.0100098 0.0856934
0 0.267188 0.150269 0.0160156 0.0209961 0.085083
0 0.182617 0.509766 0.0207031 0.0292969 0.0844727
0 0.740234 0.904785 0.0117188 0.0244141 0.0827026
0 0.265039 0.151855 0.0101562 0.0131836 0.0817871
0 0.648438 0.695312 0.009375 0.0146484 0.0817871
0 0.551953 0.205688 0.0132813 0.0222168 0.081543
0 0.23457 0.928223 0.0136719 0.0341797 0.0661011
0 0.165332 0.916016 0.0105469 0.0244141 0.0658569
0 0.589063 0.466797 0.00546875 0.00976562 0.0621033
0 0.651172 0.701172 0.0140625 0.0292969 0.0618896
0 0.648438 0.731934 0.0117188 0.0224609 0.0616455
0 0.251953 0.0661621 0.0183594 0.0200195 0.0609741
0 0.597266 0.364746 0.015625 0.0205078 0.0594177
0 0.732813 0.775879 0.021875 0.0351562 0.0594177
0 0.227148 0.94873 0.0109375 0.0136719 0.0579224
0 0.699219 0.757324 0.0117188 0.0126953 0.0568542
0 0.564844 0.441895 0.015625 0.0258789 0.0558167
0 0.162695 0.39502 0.0158203 0.0214844 0.0552063
0 0.727734 0.766602 0.0304688 0.0361328 0.0539856
0 0.169727 0.393066 0.0257812 0.0234375 0.0538025
0 0.169141 0.902832 0.00878906 0.0224609 0.0516663
0 0.645312 0.729492 0.0195312 0.0283203 0.0510864
0 0.562891 0.442383 0.0132813 0.0180664 0.0509033
0 0.169922 0.896973 0.00976562 0.015625 0.0505066
0 0.726172 0.757812 0.009375 0.0195312 0.0503235
0 0.195703 0.133179 0.0144531 0.0192871 0.0503235
0 0.491406 0.205566 0.009375 0.0129395 0.0492249
0 0.22832 0.678223 0.0304688 0.0263672 0.0488586
0 0.233984 0.939941 0.00703125 0.0146484 0.0486755
0 0.237695 0.069397 0.0121094 0.0128174 0.0484924
0 0.5875 0.47168 0.00859375 0.0175781 0.0472412
0 0.16543 0.89209 0.0181641 0.0234375 0.0472412
0 0.224414 0.950684 0.0109375 0.0146484 0.0463867
0 0.648047 0.734863 0.015625 0.0302734 0.0414734
0 0.701563 0.759277 0.015625 0.0175781 0.0413208
0 0.744922 0.918945 0.021875 0.0556641 0.0401001
0 0.220703 0.68457 0.0242187 0.0234375 0.0386047
0 0.236133 0.922852 0.0121094 0.0273438 0.0384521
0 0.739844 0.900391 0.009375 0.015625 0.0383301
0 0.634766 0.716797 0.0226563 0.0253906 0.0380249
0 0.254687 0.0656128 0.0113281 0.0109863 0.0379028
0 0.646875 0.737793 0.0117188 0.0253906 0.0374756
0 0.645312 0.706543 0.0125 0.0224609 0.0354004
0 0.593359 0.519531 0.0148437 0.0195312 0.0352783
0 0.792188 0.896973 0.015625 0.0195312 0.0352783
0 0.630078 0.713867 0.0203125 0.0273438 0.0351562
0 0.561719 0.446289 0.0125 0.0146484 0.033844
0 0.603516 0.557129 0.0117188 0.0253906 0.0335388
0 0.170166 0.898926 0.0166992 0.0332031 0.0328979
0 0.161035 0.397705 0.0107422 0.0151367 0.0325928
0 0.27168 0.14917 0.0152344 0.0224609 0.0325317
0 0.726562 0.762695 0.0109375 0.0253906 0.0321045
0 0.746484 0.925293 0.0273438 0.0585938 0.0315552
0 0.538672 0.17981 0.0117188 0.026123 0.0314941
0 0.597656 0.362549 0.0210938 0.0229492 0.0301056
0 0.679297 0.777832 0.0195312 0.0322266 0.0298157
0 0.236719 0.924316 0.00820312 0.0224609 0.0289764
0 0.736328 0.771484 0.0171875 0.0332031 0.0287628
0 0.741797 0.90918 0.0164062 0.0371094 0.028595
0 0.164551 0.921875 0.0138672 0.0253906 0.0281677
0 0.702734 0.771973 0.0164062 0.0253906 0.0273743
0 0.168555 0.904297 0.0132813 0.0224609 0.0266571
0 0.606641 0.46167 0.0148437 0.0200195 0.0264587
0 0.561328 0.4375 0.0179687 0.0283203 0.0258026
0 0.228516 0.944824 0.0160156 0.0253906 0.0255127
0 0.607422 0.45874 0.0101562 0.0117188 0.0254669
0 0.738281 0.931641 0.0210938 0.0537109 0.024704
0 0.235156 0.6875 0.0253906 0.0283203 0.0244751
0 0.238477 0.154175 0.0167969 0.0202637 0.0240936
0 0.687109 0.771484 0.01875 0.0195312 0.0240479
0 0.603516 0.568359 0.0148437 0.0332031 0.0240021
0 0.223438 0.953613 0.0101562 0.0126953 0.0235138
0 0.00385742 0.0635986 0.00771484 0.127197 0.0219879
0 0.165039 0.916992 0.0169922 0.0371094 0.0214081
0 0.702734 0.763672 0.0265625 0.0283203 0.0210114
0 0.599219 0.591309 0.0226563 0.0283203 0.0205994
0 0.250977 0.14917 0.0152344 0.0134277 0.0204163
0 0.540234 0.171875 0.0203125 0.0390625 0.0197906
0 0.199609 0.126465 0.0191406 0.0249023 0.0196381
0 0.238672 0.157593 0.0109375 0.0117188 0.0194244
0 0.544922 0.192383 0.0148437 0.0227051 0.0194244
0 0.739062 0.936523 0.0132813 0.0341797 0.0193481
0 0.210547 0.129761 0.0207031 0.0246582 0.0193024
0 0.739844 0.782227 0.0148437 0.0253906 0.019165
0 0.725781 0.757324 0.0078125 0.0146484 0.0187683
0 0.603516 0.556152 0.00703125 0.0185547 0.018692
0 0.1625 0.393066 0.0210938 0.0258789 0.0184021
0 0.609766 0.460693 0.0171875 0.0219727 0.0182648
0 0.589063 0.470703 0.0148437 0.0214844 0.0178528
0 0.234766 0.932617 0.00859375 0.0253906 0.0177765
0 0.0371582 0.0118408 0.0743164 0.0236816 0.0176392
0 0.649609 0.73584 0.0109375 0.0234375 0.0174408
0 0.707031 0.771484 0.0132813 0.0234375 0.0172424
0 0.176416 0.321289 0.0202148 0.0214844 0.0167847
0 0.637891 0.746094 0.025 0.0253906 0.0167236
0 0.726562 0.769043 0.0195312 0.0322266 0.0158997
0 0.176172 0.512695 0.0277344 0.0361328 0.0158997
0 0.585156 0.465454 0.01875 0.0251465 0.0158997
0 0.257617 0.153931 0.0195312 0.020752 0.0154266
0 0.177734 0.323975 0.015625 0.027832 0.0154266
0 0.678516 0.78418 0.0203125 0.0322266 0.0154266
0 0.168555 0.890625 0.0107422 0.0126953 0.0151291
0 0.591016 0.364502 0.0226563 0.0273438 0.0147858
0 0.237109 0.0656738 0.0210938 0.0245361 0.0146713
0 0.557813 0.446045 0.015625 0.0180664 0.0145035
0 0.265625 0.148315 0.0144531 0.0141602 0.0142822
0 0.173486 0.316895 0.0182617 0.0253906 0.0142822
0 0.17832 0.502441 0.015625 0.0195312 0.0142288
0 0.225586 0.94873 0.0167969 0.0234375 0.0141754
0 0.944531 0.395996 0.0984375 0.0986328 0.0138474
0 0.570703 0.432129 0.0195312 0.0292969 0.0135345
0 0.569531 0.436523 0.0101562 0.0180664 0.0134277
0 0.725781 0.763672 0.025 0.0263672 0.0132751
0 0.586719 0.474976 0.0210938 0.0275879 0.0132217
0 0.691797 0.791504 0.01875 0.0253906 0.0131226
0 0.177197 0.317139 0.0163086 0.0244141 0.0129242
0 0.574609 0.440918 0.01875 0.027832 0.0127258
0 0.242383 0.153442 0.025 0.0175781 0.0126266
0 0.499609 0.209229 0.0210938 0.0244141 0.0123825
0 0.490625 0.209595 0.00859375 0.0141602 0.0122375
0 0.788281 0.896973 0.0203125 0.0214844 0.012146
0 0.195117 0.13501 0.0105469 0.0141602 0.0120544
0 0.16543 0.396973 0.0199219 0.0195312 0.0119171
0 0.639453 0.719727 0.0210938 0.0263672 0.0117798
0 0.647656 0.727051 0.0148437 0.0253906 0.011734
0 0.550391 0.206665 0.021875 0.0217285 0.0115509
0 0.0604004 0.88623 0.0178711 0.0292969 0.0115509
0 0.491406 0.206543 0.01875 0.0217285 0.011467
0 0.188086 0.133789 0.0199219 0.0229492 0.0113297
0 0.553516 0.445557 0.0210938 0.0249023 0.0112457
0 0.175391 0.503418 0.0230469 0.03125 0.0107803
0 0.234766 0.928711 0.0203125 0.0390625 0.0106964
0 0.175732 0.515625 0.0133789 0.0263672 0.0104523
0 0.649219 0.702148 0.0234375 0.0253906 0.0104065
0 0.565625 0.450439 0.01875 0.0273438 0.0103302
0 0.174316 0.324219 0.0173828 0.0292969 0.01017
0 0.601562 0.558105 0.0164062 0.0283203 0.01017
0 0.599219 0.57666 0.01875 0.0351562 0.01017
0 0.219727 0.687988 0.0195312 0.0224609 0.00985718
0 0.488672 0.208679 0.0226563 0.0216064 0.00985718
0 0.209766 0.124146 0.0191406 0.0239258 0.00978088
0 0.228711 0.950684 0.0203125 0.0234375 0.00955963
0 0.637109 0.749023 0.01875 0.0224609 0.00952148
0 0.921875 0.0100403 0.11875 0.0200806 0.00948334
0 0.488672 0.206787 0.0125 0.0161133 0.00945282
0 0.261719 0.0672607 0.0230469 0.0240479 0.00941467
0 0.0433594 0.0176392 0.0867188 0.0352783 0.00937653
0 0.00739746 0.0794678 0.0147949 0.158936 0.00933838
0 0.539844 0.186035 0.00859375 0.0129395 0.00926971
0 0.00483398 0.94458 0.00966797 0.11084 0.00926971
0 0.000305176 0.0437927 0.000610352 0.0875854 0.00912476
0 0.966016 0.0126038 0.0679687 0.0252075 0.00905609
0 0.585156 0.479492 0.0171875 0.0302734 0.00898743
0 0.186768 0.516113 0.0245117 0.03125 0.00891876
0 0.581641 0.477417 0.0140625 0.0197754 0.00881195
0 0.260352 0.156738 0.0113281 0.0100098 0.00878143
0 0.588281 0.520508 0.0195312 0.0234375 0.00874329
0 0.171777 0.912109 0.0205078 0.0351562 0.0086441
0 0.24375 0.0741577 0.0226563 0.0294189 0.00857544
0 0.629297 0.712402 0.0304688 0.0253906 0.0085144
0 0.791406 0.897461 0.0125 0.0146484 0.00847626
0 0.164111 0.896484 0.0264648 0.0332031 0.00834656
0 0.737891 0.907227 0.0179687 0.0351562 0.00831604
0 0.222217 0.00939941 0.134473 0.0187988 0.008255
0 0.970312 0.997559 0.059375 0.00488281 0.008255
0 0.237109 0.940918 0.015625 0.0302734 0.00821686
0 0.0592773 0.0121765 0.118555 0.024353 0.00812531
0 0.24043 0.0648193 0.0132813 0.0135498 0.00809479
0 0.884375 0.0106049 0.120312 0.0212097 0.00809479
0 0.561328 0.448486 0.0242187 0.0229492 0.00806427
0 0.591797 0.516602 0.0117188 0.0146484 0.00793457
0 0.00751953 0.922852 0.0150391 0.154297 0.00793457
0 0.574219 0.427734 0.0101562 0.0200195 0.00790405
0 0.252734 0.0700073 0.0144531 0.0142822 0.00787354
0 0.194141 0.13147 0.0117188 0.012207 0.00784302
0 0.181836 0.502441 0.0128906 0.0166016 0.00784302
0 0.606641 0.46228 0.0132813 0.013916 0.00766754
0 0.678125 0.776367 0.0320312 0.0322266 0.00757599
0 0.995703 0.0545654 0.00859375 0.109131 0.00754929
0 0.684375 0.770508 0.0210938 0.0273438 0.00754929
0 0.258594 0.0104675 0.136719 0.0209351 0.00751877
0 0.245312 0.144775 0.0222656 0.0246582 0.00751877
0 0.552344 0.209595 0.00859375 0.013916 0.00746155
0 0.677734 0.78418 0.0320312 0.0332031 0.00746155
0 0.547266 0.168823 0.0210938 0.032959 0.00746155
0 0.853906 0.458252 0.00625 0.015625 0.00743103
0 0.859375 0.0109406 0.121875 0.0218811 0.00737381
0 0.7 0.784668 0.01875 0.0263672 0.00734711
0 0.169043 0.401367 0.0263672 0.0317383 0.00731659
0 0.162402 0.890625 0.0140625 0.015625 0.00723267
0 0.734375 0.779785 0.0179687 0.0244141 0.00720596
0 0.55 0.202637 0.0125 0.0151367 0.00717545
0 0.266797 0.144897 0.0171875 0.0239258 0.00717545
0 0.799219 0.896973 0.021875 0.0234375 0.00717545
0 0.00151367 0.933594 0.00302734 0.132812 0.00717545
0 0.6 0.522461 0.01875 0.0253906 0.00712204
0 0.853125 0.463745 0.0078125 0.0187988 0.00709534
0 0.642969 0.713867 0.01875 0.0244141 0.00709534
0 0.589063 0.358398 0.0257812 0.0297852 0.00706482
0 0 0.958984 0 0.0820312 0.00706482
0 0.196289 0.132812 0.0210938 0.0170898 0.00701141
0 0.223633 0.95166 0.0167969 0.0224609 0.00698471
0 0.446484 0.0103149 0.119531 0.0206299 0.0069046
0 0.82168 0.0109253 0.122266 0.0218506 0.0068779
0 0.170898 0.396973 0.021875 0.0205078 0.00679779
0 0.590625 0.36377 0.034375 0.0253906 0.00679779
0 0.994531 0.937012 0.0109375 0.125977 0.00679779
0 0.215625 0.5 0.43125 1 0.00671768
0 0.0825928 0.0116119 0.114502 0.0232239 0.00669098
0 0.55 0.181152 0.0195312 0.0290527 0.00669098
0 0.236133 0.0637207 0.0160156 0.0186768 0.00666809
0 0.64375 0.749512 0.0148437 0.0185547 0.00666809
0 0.646094 0.692383 0.0203125 0.0273438 0.00666809
0 0.201953 0.133789 0.015625 0.0153809 0.00658798
0 0.555469 0.206909 0.0109375 0.0146484 0.00653839
0 0.784375 0.0108337 0.121875 0.0216675 0.00653839
0 0.0583984 1 0.116797 0 0.00653839
0 0.739062 0.783691 0.0125 0.0185547 0.0064888
0 0.253711 0.145386 0.0207031 0.0227051 0.0064888
0 0.186279 0.321289 0.0231445 0.0268555 0.0064888
0 0.853906 0.461548 0.0140625 0.0270996 0.0064888
0 0.708984 0.0108948 0.121094 0.0217896 0.0064621
0 0.0569824 0.894043 0.0237305 0.0439453 0.00643921
0 0.605859 0.550781 0.00703125 0.0126953 0.00641251
0 0.746484 0.0109253 0.121094 0.0218506 0.00638962
0 0.184766 0.00985718 0.124609 0.0197144 0.00634003
0 0.257031 0.154663 0.0285156 0.0183105 0.00634003
0 0.853125 0.470703 0.0078125 0.015625 0.00631332
0 0.174756 0.324707 0.0266602 0.0297852 0.00631332
0 0.680859 1 0.103125 0 0.00629044
