0 0.101367 0.14917 0.0603516 0.0559082 0.97168
0 0.642969 0.541992 0.1 0.0751953 0.875977
0 0.844531 0.0145264 0.0421875 0.0290527 0.82373
0 0.624219 0.0891418 0.0476562 0.0531616 0.794922
0 0.151758 0.150391 0.0423828 0.0397949 0.793945
0 0.306641 0.551758 0.0894531 0.0996094 0.733398
0 0.689062 0.113281 0.0226563 0.0441895 0.689453
0 0.317383 0.562012 0.0746094 0.0976562 0.639648
0 0.792188 0.77832 0.1 0.0761719 0.549805
0 0.875 0.0439453 0.03125 0.036377 0.544922
0 0.738672 0.295166 0.0898438 0.065918 0.542969
0 0.683984 0.213135 0.0390625 0.0673828 0.460938
0 0.702344 0.550781 0.0273438 0.0742188 0.27832
0 0.683984 0.200684 0.034375 0.0380859 0.208862
0 0.777148 0.303223 0.0410156 0.0517578 0.134277
0 0.678906 0.221863 0.0320312 0.0445557 0.122498
0 0.703125 0.523926 0.0242187 0.0458984 0.0974121
0 0.298438 0.549316 0.0664062 0.0869141 0.0894775
0 0.695312 0.115845 0.0226563 0.0444336 0.0809326
0 0.8375 0.0133514 0.03125 0.0267029 0.0803833
0 0.176367 0.32251 0.0167969 0.0205078 0.0783691
0 0.391797 0.789062 0.015625 0.0185547 0.0778198
0 0.188672 0.299072 0.0121094 0.0102539 0.0723877
0 0.625391 0.537109 0.0664062 0.0732422 0.0685425
0 0.76875 0.301514 0.0671875 0.0620117 0.0678101
0 0.846094 0.0106659 0.0421875 0.0213318 0.0643921
0 0.702734 0.562012 0.0242187 0.0488281 0.0634766
0 0.633203 0.0881348 0.0367187 0.0463867 0.0579224
0 0.85 0.0101471 0.0328125 0.0202942 0.0566406
0 0.905469 0.583008 0.0234375 0.0302734 0.0562439
0 0.173633 0.320557 0.0132813 0.0175781 0.0560303
0 0.811719 0.776855 0.0546875 0.0654297 0.0552063
0 0.176953 0.31958 0.0140625 0.0185547 0.0544128
0 0.701953 0.515137 0.0179687 0.0273438 0.0541992
0 0.577734 0.743652 0.0125 0.0224609 0.0534058
0 0.432422 0.813965 0.01875 0.0283203 0.0524292
0 0.304297 0.776855 0.0121094 0.0273438 0.0512695
0 0.690625 0.119629 0.0179687 0.041748 0.0507202
0 0.169385 0.692871 0.0198242 0.0322266 0.0492249
0 0.281641 0.833008 0.0261719 0.0263672 0.0486755
0 0.375391 0.892578 0.0101562 0.0195312 0.0481262
0 0.867969 0.0474243 0.0265625 0.0308838 0.0479431
0 0.882031 0.0427246 0.0234375 0.0344238 0.0477905
0 0.111523 0.142944 0.0400391 0.0397949 0.0445251
0 0.304688 0.769531 0.0160156 0.0439453 0.0445251
0 0.240039 0.848145 0.0261719 0.0380859 0.0438538
0 0.430469 0.817383 0.0125 0.0205078 0.0423889
0 0.775781 0.778809 0.0859375 0.0869141 0.0399475
0 0.870313 0.329346 0.0125 0.0107422 0.0394897
0 0.614062 0.0881653 0.0289063 0.0502319 0.0393372
0 0.278711 0.831055 0.0167969 0.015625 0.0386047
0 0.785742 0.302002 0.0253906 0.0405273 0.0383911
0 0.528125 0.95459 0.04375 0.0810547 0.0372009
0 0.692187 0.109222 0.0210938 0.0383911 0.036499
0 0.112402 0.156128 0.0419922 0.0471191 0.0348816
0 0.701953 0.519531 0.021875 0.0322266 0.0340881
0 0.177686 0.324951 0.021582 0.0307617 0.0335388
0 0.725781 0.292969 0.0609375 0.0649414 0.0333252
0 0.701172 0.541504 0.0320312 0.0976562 0.0323486
0 0.335352 0.555664 0.0355469 0.0654297 0.0317383
0 0.683203 0.192139 0.0296875 0.0288086 0.0312042
0 0.749609 0.782715 0.0296875 0.0712891 0.0303802
0 0.147168 0.144775 0.0367187 0.032959 0.0295868
0 0.828906 0.0166016 0.0125 0.0202026 0.0282135
0 0.317969 0.220703 0.0078125 0.0126953 0.0272675
0 0.877344 0.0367432 0.028125 0.0244141 0.0269165
0 0.0864502 0.149414 0.0296387 0.0478516 0.0261993
0 0.756445 0.777344 0.0386719 0.0732422 0.0247498
0 0.68125 0.232483 0.028125 0.0389404 0.024231
0 0.689062 0.103516 0.0203125 0.0373535 0.0238647
0 0.6625 0.548828 0.0570313 0.0703125 0.0236053
0 0.303906 0.535156 0.075 0.0771484 0.0233765
0 0.83125 0.0134277 0.0171875 0.0247192 0.0231476
0 0.383594 0.939941 0.0125 0.0117188 0.0228882
0 0.229687 0.26001 0.0222656 0.0385742 0.0223694
0 0.166211 0.696777 0.0101562 0.0195312 0.0216217
0 0.785156 0.77002 0.0765625 0.0625 0.0214539
0 0.8375 0.00953674 0.025 0.0190735 0.021286
0 0.635547 0.097168 0.0257812 0.0412598 0.0207977
0 0.735156 0.286133 0.071875 0.0532227 0.0204163
0 0.689453 0.244141 0.00859375 0.0136719 0.02034
0 0.163867 0.155396 0.0189453 0.0310059 0.0197144
0 0.00339355 0.0570679 0.00678711 0.114136 0.0196838
0 0.165625 0.825195 0.00722656 0.0126953 0.0195618
0 0.110742 0.147827 0.0501953 0.0493164 0.0193481
0 0.287891 0.831543 0.0171875 0.0205078 0.0192719
0 0.084375 0.158203 0.0240234 0.0422363 0.0192719
0 0.185156 0.304199 0.0191406 0.0219727 0.0192413
0 0.780664 0.309814 0.0308594 0.0410156 0.019165
0 0.609766 0.0952454 0.0203125 0.0409546 0.0180969
0 0.306055 0.762207 0.00898437 0.0195312 0.0177765
0 0.678125 0.195679 0.0226563 0.03125 0.0176392
0 0.710156 0.289307 0.0234375 0.0561523 0.0176392
0 0.644531 0.643066 0.0101562 0.0146484 0.0171814
0 0.626562 0.747559 0.0179687 0.0273438 0.0165253
0 0.855469 0.00868225 0.0203125 0.0173645 0.0159607
0 0.863281 0.0509033 0.009375 0.0179443 0.0159607
0 0.803711 0.769043 0.0722656 0.0644531 0.0159607
0 0.814844 0.765137 0.0421875 0.0439453 0.0158997
0 0.627734 0.753906 0.0210938 0.0429688 0.0157166
0 0.239453 0.841797 0.0191406 0.0253906 0.0156021
0 0.855469 0.0120697 0.021875 0.0241394 0.0155411
0 0.307813 0.756348 0.00703125 0.0126953 0.0152512
0 0.375 0.89502 0.0148437 0.0322266 0.0152512
0 0.777344 0.278809 0.015625 0.0166016 0.0150146
0 0.306445 0.762695 0.0140625 0.03125 0.0148392
0 0.728516 0.393799 0.0148437 0.0112305 0.0147324
0 0.766602 0.479858 0.0417969 0.0646973 0.0147324
0 0.157227 0.14209 0.0279297 0.0244141 0.0142288
0 0.433203 0.125122 0.00859375 0.00854492 0.0141754
0 0.675391 0.193604 0.01875 0.0227051 0.0141754
0 0.311523 0.482422 0.0105469 0.0146484 0.0141144
0 0.871875 0.32959 0.0125 0.0131836 0.0139008
0 0.478906 0.245117 0.009375 0.0107422 0.0137939
0 0.650391 0.537598 0.0671875 0.0693359 0.0137405
0 0.257227 0.849121 0.00703125 0.00976562 0.0136337
0 0.172949 0.694824 0.0251953 0.0390625 0.0136337
0 0.135645 0.902344 0.0117188 0.0244141 0.0130234
0 0.541797 0.924805 0.0078125 0.0146484 0.0126724
0 0.707812 0.298096 0.0195312 0.0522461 0.0126266
0 0.786719 0.293701 0.0234375 0.0405273 0.0124817
0 0.487109 0.307129 0.00859375 0.00976562 0.0124283
0 0.791406 0.605957 0.0109375 0.0175781 0.0122375
0 0.611719 0.538574 0.0351562 0.0615234 0.0121918
0 0.885156 0.0490723 0.0234375 0.0349121 0.0121002
0 0.708203 0.552246 0.028125 0.0712891 0.0118713
0 0.376172 0.890137 0.00859375 0.015625 0.0118256
0 0.435937 0.814941 0.0226563 0.0361328 0.0117798
0 0.186719 0.297119 0.0128906 0.0136719 0.011734
0 0.686719 0.195923 0.0289063 0.032959 0.0116882
0 0.375391 0.605469 0.0109375 0.015625 0.0116425
0 0.907812 0.578613 0.01875 0.0214844 0.0115051
0 0.677734 0.571777 0.0101562 0.0185547 0.011467
0 0.158203 0.14917 0.0328125 0.0349121 0.0114212
0 0.171631 0.687012 0.0165039 0.0195312 0.0112457
0 0.788281 0.299316 0.021875 0.0268555 0.0112
0 0.672656 0.233459 0.021875 0.0296631 0.0110703
0 0.774609 0.475586 0.0242187 0.046875 0.0109482
0 0.134961 0.90332 0.0164062 0.0302734 0.0109024
0 0.137891 0.896484 0.00839844 0.0136719 0.0108185
0 0.864844 0.050293 0.015625 0.0270996 0.0106506
0 0.341406 0.544922 0.0226563 0.0429688 0.0106506
0 0.131543 0.912109 0.0234375 0.0546875 0.0105667
0 0.859375 0.013092 0.0203125 0.0261841 0.0105286
0 0.696094 0.213623 0.021875 0.0615234 0.0104904
0 0.161133 0.146362 0.0244141 0.0322266 0.0104523
0 0.663281 0.529785 0.0554687 0.0556641 0.0104523
0 0.188672 0.300781 0.0203125 0.0205078 0.0104065
0 0.708594 0.521484 0.0265625 0.0439453 0.0103302
0 0.39375 0.786133 0.0125 0.0195312 0.0102921
0 0.691797 0.123779 0.015625 0.0302734 0.0102463
0 0.181445 0.316162 0.0105469 0.0131836 0.01017
0 0.345313 0.538086 0.0171875 0.0253906 0.01017
0 0.692578 0.072876 0.0164062 0.0274658 0.01017
0 0.703125 0.537109 0.0289063 0.0664062 0.0100937
0 0.131934 0.149536 0.0273438 0.0383301 0.0100937
0 0.291406 0.80957 0.00625 0.0107422 0.00997162
0 0.275586 0.834961 0.0257812 0.0273438 0.00993347
0 0.286914 0.833496 0.0253906 0.0322266 0.00993347
0 0.137793 0.902344 0.0138672 0.0292969 0.00985718
0 0.608984 0.547852 0.0289063 0.0488281 0.00978088
0 0.869531 0.0339355 0.025 0.0255127 0.00963593
0 0.300977 0.772949 0.0226563 0.0498047 0.00959778
0 0.696094 0.107666 0.0242187 0.0422363 0.00941467
0 0.432031 0.451172 0.0132813 0.0209961 0.00923157
0 0.678906 0.566406 0.0117188 0.0253906 0.00919342
0 0.326758 0.575195 0.0550781 0.0771484 0.00912476
0 3.66211e-05 0.0410156 7.32422e-05 0.0820312 0.00908661
0 0.390234 0.787109 0.01875 0.0273438 0.00891876
0 0.435937 0.809082 0.01875 0.0341797 0.00891876
0 0.700781 0.566406 0.0320312 0.0478516 0.00881195
0 0.6125 0.0771484 0.0242187 0.0330811 0.00878143
0 0.181445 0.322021 0.0167969 0.0185547 0.00874329
0 0.817187 0.823242 0.009375 0.015625 0.00874329
0 0.826563 0.0126038 0.015625 0.0252075 0.00871277
0 0.00518799 0.0738525 0.010376 0.147705 0.00867462
0 0.157715 0.694824 0.0205078 0.03125 0.0086441
0 0.473047 0.898438 0.021875 0.0302734 0.0086441
0 0.910156 0.308594 0.0078125 0.0102539 0.00834656
0 0.903125 0.584473 0.0328125 0.0380859 0.00834656
0 0.870313 0.0386963 0.01875 0.0238037 0.00828552
0 0.869531 0.47522 0.025 0.0476074 0.00821686
0 0.305664 0.756348 0.0105469 0.015625 0.00812531
0 0.779688 0.277832 0.021875 0.0288086 0.00812531
0 0.576563 0.584961 0.021875 0.0371094 0.00812531
0 0.996094 0.0665894 0.0078125 0.133179 0.00809479
0 0.652344 0.768066 0.0117188 0.0146484 0.00790405
0 0.758984 0.887695 0.0164062 0.0214844 0.00790405
0 0.777344 0.274414 0.0125 0.0126953 0.00784302
0 0.903906 0.578613 0.0234375 0.0253906 0.00784302
0 0.645703 0.864258 0.0414063 0.0791016 0.00784302
0 0.238477 0.841309 0.0234375 0.0341797 0.0078125
0 0.758594 0.487793 0.0640625 0.0810547 0.0077858
0 0.432422 0.123779 0.0148437 0.0217285 0.00769424
0 0.790625 0.611328 0.0203125 0.0361328 0.00769424
0 0.472656 0.88916 0.0125 0.0146484 0.00763702
0 0.148438 0.699707 0.009375 0.0136719 0.00757599
0 0.520703 0.94873 0.0609375 0.0986328 0.00757599
0 0.207031 0.849121 0.0269531 0.0527344 0.00754929
0 0.242383 0.865234 0.0332031 0.0654297 0.00751877
0 0.288281 0.541992 0.0589844 0.0830078 0.00737381
0 0.156641 0.822266 0.0197266 0.0283203 0.00731659
0 0.234961 0.258057 0.0195312 0.0336914 0.00725937
0 0.825 0.759766 0.0203125 0.03125 0.00725937
0 0.0766357 0.162476 0.0156738 0.0358887 0.00723267
0 0.623438 0.100098 0.034375 0.0427246 0.00720596
0 0.675391 0.227051 0.0257812 0.0322266 0.00720596
0 0.22793 0.291016 0.0125 0.012207 0.00717545
0 0.703125 0.574219 0.0195312 0.0244141 0.00717545
0 0.691797 0.234863 0.01875 0.0307617 0.00712204
0 0.297266 0.602051 0.0101562 0.0195312 0.00703812
0 0.996094 0.0408325 0.0078125 0.081665 0.00703812
0 0.635938 0.842773 0.0125 0.0175781 0.00701141
0 0.319141 0.219482 0.0152344 0.0224609 0.00701141
0 0.437891 0.807129 0.0109375 0.0195312 0.0069046
0 0.692187 0.0735474 0.00703125 0.0124512 0.0068779
0 0.162207 0.140625 0.0212891 0.0197754 0.0068512
0 0.124902 0.138062 0.0197266 0.0297852 0.00679779
0 0.646094 0.642578 0.0171875 0.0253906 0.00679779
0 0.288672 0.818359 0.0203125 0.0273438 0.00679779
0 0.8625 0.0552368 0.00625 0.0151367 0.00671768
0 0.784375 0.344971 0.009375 0.00927734 0.00671768
0 0.235742 0.248535 0.0078125 0.0102539 0.00669098
0 0.0789795 0.761719 0.0131348 0.0263672 0.00669098
0 0.188086 0.32373 0.0242187 0.0322266 0.00669098
0 0.747461 0.310791 0.0613281 0.0625 0.00666809
0 0.694141 0.125122 0.0125 0.0241699 0.00664139
0 0.699219 0.525879 0.0242187 0.0380859 0.00661469
0 0.698047 0.224426 0.01875 0.0511475 0.00658798
0 0.196289 0.332275 0.0140625 0.0170898 0.00656509
0 0.776563 0.464111 0.0171875 0.019043 0.00653839
0 0.644922 0.639648 0.0101562 0.0146484 0.00653839
0 0.616016 0.213806 0.00703125 0.0216064 0.00641251
0 0.432422 0.455078 0.0109375 0.0209961 0.00638962
0 0.0325684 1 0.0651367 0 0.00634003
0 0.766797 0.943115 0.0632813 0.0981445 0.00629044
0 0.0796875 0.755859 0.0228516 0.0419922 0.00629044
0 0.139062 0.910645 0.0201172 0.0449219 0.00629044
0 0.473437 0.689453 0.00703125 0.015625 0.00624084
0 0.822656 0.77002 0.028125 0.0429688 0.00624084
0 0.029126 1 0.058252 0 0.00619125
0 0.198047 0.339355 0.0125 0.0175781 0.00616837
0 0.851562 0.0155029 0.0296875 0.0265503 0.00614548
0 0.176758 0.327148 0.0140625 0.0229492 0.00612259
0 0.710547 0.279053 0.0226563 0.0356445 0.00609589
0 0.315234 0.771973 0.0324219 0.0488281 0.00609589
0 0.835938 0.00912476 0.0265625 0.0182495 0.006073
0 0.376953 0.987305 0.0171875 0.015625 0.00605011
0 0.86875 0.327881 0.0109375 0.0117188 0.00602722
0 0.690625 0.0915833 0.0195312 0.0336304 0.00600433
0 0.316797 0.881836 0.0328125 0.0625 0.00595856
0 0.147559 0.15625 0.0333984 0.0351562 0.00591278
0 0.194727 0.334961 0.0226563 0.0292969 0.00591278
0 0.427734 0.818359 0.0265625 0.0341797 0.00591278
0 0.630078 0.233887 0.0109375 0.0102539 0.005867
0 0.863281 0.041275 0.01875 0.0314636 0.005867
0 0.871094 0.463379 0.0140625 0.0175781 0.00582123
0 0.298242 0.598633 0.0160156 0.0263672 0.00582123
0 0.459375 0.102905 0.00703125 0.010498 0.00579834
0 0.571875 0.586914 0.0242187 0.0410156 0.00579834
0 0.687891 0.121338 0.0320312 0.0422363 0.00577545
0 0.0759766 0.149902 0.0173828 0.0400391 0.00572968
0 0.542188 0.755371 0.0320312 0.0644531 0.00570679
0 0.679297 0.580566 0.0101562 0.0146484 0.00568771
0 0.379785 0.617188 0.0255859 0.0419922 0.00568771
0 0.847656 0.532715 0.0109375 0.0126953 0.00566483
0 0.442578 0.587891 0.00625 0.00878906 0.00566483
0 0.258008 0.851074 0.00664063 0.0117188 0.00566483
0 0.10791 0.162842 0.0470703 0.0437012 0.00561905
0 0.964844 0.0116272 0.0703125 0.0232544 0.00559998
0 0.682031 0.580078 0.00703125 0.0117188 0.00557709
0 0.335938 0.787109 0.00742187 0.0117188 0.0055542
0 0.672266 0.570312 0.0257812 0.0332031 0.0055542
0 0.330273 0.808594 0.0125 0.0175781 0.00551224
0 0.636328 0.0782471 0.0257812 0.0319824 0.00551224
0 0.2375 0.247314 0.00703125 0.00878906 0.00547028
0 0.625 0.755859 0.0171875 0.0283203 0.00547028
0 0.641406 0.788574 0.0398437 0.0771484 0.00547028
0 0.19375 0.330566 0.0125 0.0180664 0.00540543
0 0.283789 0.828613 0.0214844 0.0205078 0.00540543
0 0.678906 0.569824 0.015625 0.0273438 0.00534439
0 0.624219 0.759766 0.0117188 0.0234375 0.00530243
0 0.372754 0.899414 0.0115234 0.0224609 0.00530243
0 0.45 0.989746 0.0164062 0.0205078 0.00530243
0 0.306641 0.77002 0.0148437 0.0361328 0.00527954
0 0.462891 0.759766 0.0164062 0.0263672 0.00526047
0 0.312891 0.530762 0.0511719 0.0605469 0.00526047
0 0.0984375 0.14209 0.0490234 0.0388184 0.00524139
0 0.472266 0.893066 0.0117188 0.0175781 0.00524139
0 0.629297 0.10498 0.0234375 0.0273438 0.00524139
0 0.497266 0.819824 0.0617188 0.103516 0.00521851
0 0.319531 0.219482 0.00976562 0.0141602 0.00518036
0 0.492969 1 0.109375 0 0.00518036
0 0.253906 0.849121 0.0171875 0.0253906 0.0051384
0 0.640625 0.855469 0.0304688 0.0644531 0.0051384
0 0.768945 0.311768 0.0433594 0.0463867 0.00511932
0 0.33418 0.790039 0.0179687 0.0283203 0.00511932
0 0.165039 0.827637 0.0078125 0.0136719 0.00510025
0 0.83125 0.00836182 0.015625 0.0167236 0.00508118
0 0.169531 0.701172 0.0210938 0.0498047 0.0050621
