0 0.971094 0.0900269 0.05625 0.0540771 0.949707
0 0.510156 0.18103 0.0625 0.0646973 0.918945
0 0.741406 0.0601196 0.0492188 0.0435791 0.903809
0 0.667578 0.901367 0.0445312 0.114258 0.859375
0 0.601562 0.357422 0.0609375 0.0854492 0.844238
0 0.590625 0.212341 0.0257812 0.0528564 0.777832
0 0.597656 0.898926 0.119531 0.105469 0.72168
0 0.676172 0.4823 0.104687 0.0754395 0.70166
0 0.717969 0.494629 0.0648438 0.0693359 0.658203
0 0.128906 0.927002 0.108594 0.138184 0.603027
0 0.790625 0.106293 0.0265625 0.0413208 0.49707
0 0.785156 0.107544 0.021875 0.0405273 0.190063
0 0.748047 0.0632324 0.0382813 0.0383301 0.180664
0 0.501562 0.178467 0.0421875 0.0622559 0.14856
0 0.842188 0.520508 0.0140625 0.0117188 0.132935
0 0.611719 0.362061 0.04375 0.0786133 0.118408
0 0.284766 0.232178 0.009375 0.00830078 0.102661
0 0.528516 0.17627 0.0289063 0.034668 0.0838623
0 0.673828 0.628418 0.0171875 0.0126953 0.0750122
0 0.74375 0.0529785 0.0460938 0.0336914 0.0723877
0 0.296094 0.73877 0.0210938 0.0449219 0.0680542
0 0.786523 0.102661 0.0269531 0.0332031 0.0663452
0 0.792969 0.100586 0.021875 0.0354004 0.0611877
0 0.601172 0.345459 0.05 0.0605469 0.0603027
0 0.963281 0.0928955 0.040625 0.0471191 0.0572815
0 0.726953 0.498047 0.0445312 0.0673828 0.0548096
0 0.137305 0.791992 0.0158203 0.0351562 0.0548096
0 0.145508 0.946289 0.0828125 0.107422 0.0544128
0 0.776563 0.959473 0.04375 0.0673828 0.0501404
0 0.913281 0.60498 0.00625 0.0146484 0.0499573
0 0.673828 0.865234 0.021875 0.0390625 0.0469055
0 0.171045 0.680664 0.0305664 0.0488281 0.0458679
0 0.692187 0.848633 0.009375 0.0117188 0.0450134
0 0.139355 0.907959 0.120508 0.152832 0.0392761
0 0.859375 0.861816 0.015625 0.0175781 0.0370483
0 0.576172 0.891113 0.103906 0.0986328 0.0365601
0 0.5875 0.203491 0.0234375 0.0388184 0.0352783
0 0.368945 0.965088 0.0511719 0.0639648 0.0346069
0 0.532031 0.173096 0.0226563 0.0285645 0.0345459
0 0.250977 0.640137 0.00742187 0.00976562 0.0339661
0 0.358789 0.496582 0.009375 0.0126953 0.0328369
0 0.59375 0.219971 0.0226563 0.0444336 0.0323486
0 0.594531 0.226562 0.021875 0.0302734 0.0319824
0 0.589453 0.21698 0.034375 0.0528564 0.029541
0 0.378125 0.100586 0.025 0.029541 0.0284882
0 0.588281 0.362305 0.0414063 0.0776367 0.0283356
0 0.625 0.898438 0.053125 0.0947266 0.0270081
0 0.871875 0.539551 0.0140625 0.0117188 0.0262604
0 0.744922 0.986328 0.0132813 0.0136719 0.0261536
0 0.723437 0.071228 0.0132813 0.0220947 0.0258636
0 0.232812 0.902344 0.0136719 0.0253906 0.0244293
0 0.728516 0.486694 0.040625 0.0500488 0.0237274
0 0.172314 0.679199 0.0260742 0.0361328 0.0226288
0 0.692187 0.487915 0.113281 0.088623 0.0222931
0 0.28418 0.231689 0.015625 0.0200195 0.0215759
0 0.372852 0.762207 0.0128906 0.0205078 0.0214539
0 0.560156 0.887695 0.071875 0.0898438 0.0213318
0 0.673437 0.859375 0.0164062 0.0292969 0.0209656
0 0.40625 0.620605 0.0132813 0.0175781 0.0208893
0 0.960938 0.0802307 0.034375 0.0394897 0.0204926
0 0.527344 0.188599 0.0296875 0.0480957 0.0202179
0 0.75 0.0505371 0.0304688 0.0253906 0.0198669
0 0.725391 0.0675049 0.0164062 0.02771 0.0195618
0 0.595312 0.371826 0.0625 0.0776367 0.019455
0 0.797656 0.111359 0.021875 0.0372925 0.0194244
0 0.975781 0.0828857 0.0484375 0.0400391 0.0191956
0 0.777539 0.952881 0.0324219 0.0473633 0.0191193
0 0.313477 0.198364 0.0078125 0.0100098 0.0190582
0 0.392188 0.658203 0.0140625 0.0205078 0.0189819
0 0.676172 0.630371 0.021875 0.0214844 0.0186157
0 0.00419922 0.0584106 0.00839844 0.116821 0.0184784
0 0.342578 0.407959 0.021875 0.0239258 0.0180969
0 0.637109 0.944336 0.0179687 0.0371094 0.0178528
0 0.782031 0.10022 0.0171875 0.0236816 0.0173035
0 0.827344 0.67334 0.0109375 0.015625 0.0172424
0 0.798437 0.988281 0.0109375 0.0195312 0.0172424
0 0.14043 0.794922 0.0167969 0.0380859 0.0172424
0 0.842188 0.521484 0.01875 0.0195312 0.0171051
0 0.732031 0.0648804 0.0398437 0.0351562 0.016983
0 0.722266 0.452881 0.0109375 0.012207 0.0161591
0 0.533984 0.170898 0.0140625 0.019043 0.0157776
0 0.0455566 0.416748 0.00732422 0.0117188 0.0157776
0 0.0330078 0.481445 0.015332 0.0166016 0.0149002
0 0.994531 0.0389404 0.0109375 0.0778809 0.0148392
0 0.0057373 0.936035 0.0114746 0.12793 0.0148392
0 0.133691 0.894531 0.10957 0.0966797 0.0147324
0 0.533984 0.178589 0.0195312 0.0200195 0.0146713
0 0.477344 0.753418 0.0171875 0.0429688 0.014389
0 0.974219 0.0995178 0.0453125 0.0480347 0.0143356
0 0.249609 0.641602 0.009375 0.0117188 0.0141754
0 0.329297 0.884277 0.0148437 0.0185547 0.0141754
0 0.380371 0.0935669 0.0205078 0.0257568 0.0141754
0 0.547656 0.893066 0.0460938 0.0830078 0.0141754
0 0.188672 0.51416 0.00898437 0.0136719 0.014061
0 0.113965 0.914795 0.084375 0.129395 0.014061
0 0.737891 0.478027 0.0226563 0.0322266 0.014061
0 0.676953 0.858398 0.0179687 0.0292969 0.0136871
0 0.520703 0.725586 0.0125 0.0224609 0.0135345
0 0.642187 0.0862427 0.01875 0.0252686 0.0133743
0 0.790625 0.0955811 0.01875 0.0187988 0.0130234
0 0.685547 0.764648 0.015625 0.0234375 0.012825
0 0.77793 0.105255 0.0160156 0.0341187 0.0126724
0 0.149902 0.920898 0.0927734 0.134766 0.0125275
0 0.080957 0.325439 0.00761719 0.0112305 0.0124817
0 0.385547 0.0928345 0.0078125 0.00817871 0.0123825
0 0.722656 0.456055 0.0132813 0.0175781 0.0119629
0 0.25918 0.620117 0.00976562 0.0126953 0.0117798
0 0.520703 0.728516 0.015625 0.0263672 0.0117798
0 0.725391 0.458862 0.0179687 0.0246582 0.0117798
0 0.871875 0.541016 0.0203125 0.0214844 0.0117798
0 0.0312988 0.482422 0.0198242 0.0205078 0.011734
0 0.0306641 0.480469 0.0232422 0.0292969 0.011734
0 0.720703 0.454102 0.0195312 0.0219727 0.0116882
0 0.683984 0.760742 0.0195312 0.0332031 0.0116882
0 0.773242 0.951172 0.0253906 0.0341797 0.0115509
0 0.319727 0.879395 0.03125 0.0400391 0.0114212
0 0.78418 0.0975342 0.0238281 0.0280762 0.0112457
0 0.287305 0.231445 0.0183594 0.0219727 0.0112457
0 0.614062 0.893066 0.0835937 0.0996094 0.0112457
0 0.611328 0.344727 0.0398437 0.0532227 0.0111618
0 0.0983398 0.383057 0.0248047 0.0258789 0.0111618
0 0.593359 0.204529 0.0226563 0.0396729 0.0110703
0 0.759375 0.275879 0.0179687 0.0239258 0.0110703
0 0.609766 0.960449 0.0554687 0.0791016 0.0109024
0 0.725 0.456787 0.0117188 0.0170898 0.0108566
0 0.317187 0.973633 0.00859375 0.00976562 0.0108566
0 0.252539 0.639648 0.015625 0.0214844 0.0106506
0 0.737891 0.548828 0.0117188 0.0126953 0.0106125
0 0.841406 0.978516 0.009375 0.0195312 0.0106125
0 0.635938 0.477539 0.0234375 0.0683594 0.0105667
0 0.39375 0.655762 0.0101562 0.0146484 0.0104523
0 0.635938 0.94043 0.0140625 0.0283203 0.0103683
0 0.759375 0.275635 0.0125 0.0151367 0.0102081
0 0.136523 0.791504 0.0236328 0.0332031 0.0100098
0 0.673047 0.869141 0.0242187 0.0625 0.0100098
0 0.000170898 0.0423584 0.000341797 0.0847168 0.00997162
0 0.621484 0.364746 0.025 0.0571289 0.00993347
0 0.653125 0.988281 0.00859375 0.0117188 0.00978088
0 0.585547 0.375732 0.0304688 0.0512695 0.00978088
0 0.146582 0.373047 0.00976562 0.0170898 0.00959778
0 0.39375 0.659668 0.0171875 0.0292969 0.00955963
0 0.620703 0.353271 0.0226563 0.0532227 0.00948334
0 0.101367 0.381836 0.0123047 0.0141602 0.00933838
0 0.758203 0.0578613 0.01875 0.034668 0.00926971
0 0.477734 0.747559 0.0148437 0.0292969 0.00923157
0 0.535547 0.169434 0.0179687 0.0268555 0.00919342
0 0.736719 0.0498047 0.034375 0.0367432 0.00898743
0 0.633984 0.486816 0.0203125 0.0634766 0.00898743
0 0.666406 0.921387 0.0414063 0.0800781 0.00894928
0 0.621484 0.776367 0.0148437 0.0214844 0.00888062
0 0.842188 0.974609 0.00625 0.0136719 0.0088501
0 0.673437 0.625488 0.015625 0.0166016 0.00881195
0 0.232227 0.906738 0.0132813 0.0205078 0.00881195
0 0.646484 0.083374 0.0078125 0.010376 0.00874329
0 0.983203 0.0869751 0.0335938 0.0438232 0.00871277
0 0.287305 0.231445 0.0136719 0.0102539 0.00867462
0 0.0802002 0.977295 0.0106934 0.0180664 0.00857544
0 0.648047 0.478394 0.0476562 0.0754395 0.00857544
0 0.342187 0.403809 0.0160156 0.0180664 0.00854492
0 0.782031 0.11084 0.0140625 0.0292969 0.0085144
0 0.998047 0.151123 0.00390625 0.126953 0.0085144
0 0.537109 0.175781 0.0132813 0.0168457 0.00844574
0 0.305664 0.975586 0.0261719 0.0332031 0.00834656
0 0.291992 0.589355 0.00859375 0.0126953 0.00828552
0 0.744922 0.817383 0.0515625 0.078125 0.00815582
0 0.0555664 0.783203 0.00898437 0.00976562 0.00809479
0 0.603125 0.398682 0.00703125 0.0117188 0.00806427
0 0.691797 0.851074 0.0179687 0.0244141 0.00806427
0 0.188672 0.516113 0.0117188 0.0146484 0.00803375
0 0.000915527 0.945312 0.00183105 0.109375 0.00803375
0 0.885938 0.486328 0.009375 0.0117188 0.00800323
0 0.489062 0.178467 0.0195312 0.0544434 0.00800323
0 0.739844 0.475952 0.0164062 0.0227051 0.00793457
0 0.328906 0.883301 0.0191406 0.0283203 0.00793457
0 0.673828 0.889648 0.0453125 0.106445 0.00784302
0 0.585938 0.195801 0.0140625 0.0236816 0.00772476
0 0.0797607 0.972656 0.010791 0.0273438 0.00772476
0 0.515234 0.175781 0.0664062 0.0466309 0.00772476
0 0.185742 0.814941 0.00898437 0.0146484 0.00763702
0 0.557813 0.666016 0.0453125 0.0566406 0.00763702
0 0.421094 0.696777 0.0507812 0.0810547 0.00763702
0 0.5875 0.218506 0.0203125 0.0410156 0.00760651
0 0.0575684 0.782715 0.00800781 0.00976562 0.00757599
0 0.00585938 0.0748291 0.0117188 0.149658 0.00757599
0 0.828125 0.678223 0.01875 0.0302734 0.00757599
0 0.00321045 0.958008 0.0064209 0.0839844 0.00757599
0 0.663281 0.821777 0.00859375 0.0126953 0.00746155
0 0.676562 0.850098 0.0078125 0.0126953 0.00746155
0 0.582422 0.150513 0.01875 0.0444336 0.00746155
0 0.669531 0.943848 0.0273438 0.0351562 0.00746155
0 0.950781 0.0858459 0.0171875 0.0421753 0.00740433
0 0.0296631 1 0.0593262 0 0.00728989
0 0.344727 0.4021 0.0128906 0.015625 0.00725937
0 0.0329346 1 0.0658691 0 0.00723267
0 0.233008 0.896973 0.0105469 0.0214844 0.00720596
0 0.672656 0.484863 0.0703125 0.0751953 0.00717545
0 0.702734 0.982422 0.009375 0.0175781 0.00712204
0 0.680469 0.947266 0.0101562 0.0205078 0.00709534
0 0.358594 0.499512 0.0113281 0.0146484 0.00703812
0 0.316797 0.870605 0.0363281 0.0478516 0.00695801
0 0.673047 0.497192 0.0929687 0.0739746 0.0069313
0 0.360352 0.9729 0.0378906 0.0541992 0.0069313
0 0.499609 0.171509 0.0367187 0.0454102 0.0069046
0 0.0543457 0.786133 0.0180664 0.0224609 0.0069046
0 0.372754 0.759277 0.0115234 0.0146484 0.0068779
0 0.908594 0.605957 0.021875 0.0332031 0.0068779
0 0.588672 0.20459 0.0304688 0.0478516 0.0068512
0 0.529297 0.171021 0.0171875 0.0200195 0.00679779
0 0.0439453 1 0.0878906 0 0.00666809
0 0.840625 0.57666 0.0078125 0.0107422 0.00641251
0 0.861719 0.29248 0.01875 0.0258789 0.00641251
0 0.616406 0.376221 0.0257812 0.0537109 0.00641251
0 0.743359 0.0732422 0.0515625 0.045166 0.00638962
0 0.729688 0.839844 0.0078125 0.0117188 0.00634003
0 0.865625 0.293701 0.0171875 0.0263672 0.00634003
0 0.635938 0.0884705 0.0234375 0.0283813 0.00624084
0 0.785156 0.116455 0.015625 0.0283203 0.00619125
0 0.618359 0.96875 0.0492188 0.0625 0.00619125
0 0.821094 0.54834 0.0140625 0.0175781 0.00616837
0 0.641406 0.95166 0.0148437 0.0273438 0.00616837
0 0.518359 0.955811 0.0671875 0.0883789 0.00614548
0 0.642578 0.955078 0.0078125 0.015625 0.00612259
0 0.660547 0.471191 0.0710938 0.0634766 0.00609589
0 0.212109 0.326904 0.00859375 0.0126953 0.00595856
0 0.339844 0.407471 0.01875 0.0175781 0.00593567
0 0.692969 0.988281 0.0132813 0.015625 0.00593567
0 0.474609 0.839355 0.0171875 0.0371094 0.00591278
0 0.596094 0.878906 0.0945313 0.0771484 0.00591278
0 0.777344 0.113403 0.01875 0.0371094 0.00588989
0 0.694922 0.851562 0.0125 0.0166016 0.00579834
0 0.637109 0.944824 0.0257812 0.0322266 0.00577545
0 0.975 0.0802612 0.0359375 0.0284424 0.00572968
0 0.141113 0.79541 0.0265625 0.0371094 0.00566483
0 0.336523 0.409668 0.0121094 0.0146484 0.00559998
0 0.670313 0.864258 0.0148437 0.0302734 0.00559998
0 0.725391 0.45459 0.0148437 0.0244141 0.00559998
0 0.796875 0.116211 0.01875 0.0239258 0.00557709
0 0.689844 0.470215 0.0859375 0.0556641 0.0055542
0 0.588281 0.339355 0.0289063 0.0493164 0.00551224
0 0.248828 0.637695 0.01875 0.0253906 0.00551224
0 0.9875 0.0979004 0.0234375 0.041748 0.00547028
0 0.796875 0.993164 0.009375 0.0136719 0.00542831
0 0.457422 0.00605774 0.133594 0.0121155 0.00542831
0 0.186719 0.510742 0.0191406 0.0302734 0.00542831
0 0.0313477 0.432373 0.0376953 0.0581055 0.00540543
0 0.0317383 0.45752 0.0232422 0.03125 0.00540543
0 0.885938 0.483887 0.009375 0.0107422 0.00538635
0 0.388281 0.101074 0.021875 0.0270996 0.00538635
0 0.949219 0.0966492 0.0140625 0.0325317 0.00538635
0 0.680469 0.950195 0.0140625 0.0253906 0.00538635
0 0.904688 0.612793 0.0265625 0.0371094 0.00530243
0 0.687109 0.759766 0.021875 0.0390625 0.00530243
0 0.583984 0.151489 0.0078125 0.0212402 0.00527954
0 0.722266 0.515137 0.0101562 0.0175781 0.00526047
0 0.84375 0.523438 0.015625 0.0126953 0.00526047
0 0.0312866 0.445557 0.0272705 0.0419922 0.00526047
0 0.68125 0.943848 0.0148437 0.03125 0.00521851
0 0.610547 0.394287 0.0101562 0.015625 0.00519943
0 0.761719 0.0692139 0.0171875 0.0303955 0.00519943
0 0.891406 0.492676 0.0234375 0.0322266 0.00519943
0 0.682813 0.76709 0.0273438 0.0478516 0.00519943
0 0.17583 0.682617 0.0229492 0.0380859 0.00518036
0 0.518359 0.188354 0.0507812 0.0510254 0.00516129
0 0.682422 0.952148 0.0078125 0.0126953 0.00516129
0 0.3875 0.0916138 0.0164062 0.0245361 0.0051384
0 0.633594 0.50293 0.0164062 0.0322266 0.0051384
0 0.400391 0.851562 0.0289063 0.0361328 0.0051384
0 0.316406 0.976562 0.0203125 0.0273438 0.0051384
0 0.0567383 1 0.113477 0 0.00511932
0 0.701953 0.485352 0.0875 0.0742188 0.00511932
0 0.437891 0.990234 0.015625 0.0195312 0.00508118
0 0.338281 0.407227 0.0234375 0.0253906 0.0050621
0 0.367773 0.50293 0.0277344 0.0283203 0.0050621
0 0.790625 0.950928 0.0234375 0.0415039 0.0050621
0 0.371191 0.768066 0.0185547 0.0419922 0.00503922
0 0.503516 0.598633 0.0289063 0.0546875 0.00502014
0 0.3125 0.198242 0.0171875 0.0229492 0.00498199
0 0.216211 0.185059 0.00820312 0.00878906 0.00494385
0 0.230469 0.283203 0.009375 0.00878906 0.00494385
0 0.402344 0.791992 0.0101562 0.0146484 0.00494385
0 0.596484 0.993164 0.009375 0.0078125 0.00494385
0 0.9625 0.0143127 0.075 0.0286255 0.00494385
0 0.162695 0.918457 0.0628906 0.151367 0.00492477
0 0.60625 0.392334 0.0179687 0.0244141 0.0049057
0 0.865625 0.298584 0.0203125 0.0336914 0.00484848
0 0.260352 0.461914 0.0121094 0.0175781 0.00482941
0 0.681641 0.949707 0.0078125 0.0205078 0.00482941
0 0.892969 0.508789 0.0234375 0.0341797 0.00482941
0 0.779492 0.937988 0.0253906 0.0292969 0.00482941
0 0.266797 1 0.130859 0 0.00481033
0 0.554297 0.402832 0.00546875 0.00683594 0.00477219
0 0.914062 0.608398 0.009375 0.0136719 0.00475693
0 0.511328 0.194092 0.04375 0.0522461 0.00473785
0 0.0393555 0.427979 0.0224609 0.0410156 0.00473785
0 0.96875 0.302002 0.0625 0.0874023 0.00469971
0 0.592188 0.234375 0.0101562 0.0136719 0.00468063
0 0.0424805 1 0.0849609 0 0.00468063
0 0.702734 0.987305 0.0101562 0.0214844 0.0046463
0 0.725391 0.0587158 0.0226563 0.0369873 0.0046463
0 0.871094 0.466064 0.0078125 0.0141602 0.00462723
