0 0.323438 0.689941 0.0363281 0.0322266 0.880371
0 0.817187 0.335938 0.0234375 0.0288086 0.845215
0 0.813281 0.691406 0.015625 0.0214844 0.794434
0 0.819531 0.500488 0.0171875 0.0244141 0.775879
0 0.193359 0.287598 0.0128906 0.0283203 0.737305
0 0.842188 0.484497 0.021875 0.0378418 0.722656
0 0.939844 0.660645 0.009375 0.0107422 0.62793
0 0.233008 0.438477 0.021875 0.0292969 0.599121
0 0.830469 0.697266 0.0125 0.0166016 0.416748
0 0.218164 0.449463 0.0136719 0.0273438 0.377441
0 0.913281 0.533203 0.0078125 0.00976562 0.305664
0 0.531641 0.0135193 0.00625 0.0131226 0.233765
0 0.83125 0.696289 0.0171875 0.0234375 0.216675
0 0.194531 0.283691 0.0113281 0.0170898 0.195557
0 0.978906 0.726074 0.009375 0.0126953 0.194336
0 0.221094 0.449707 0.0183594 0.0297852 0.181274
0 0.978125 0.726562 0.00625 0.00976562 0.165649
0 0.8375 0.489258 0.0234375 0.0341797 0.15979
0 0.587109 0.00738525 0.00859375 0.0147705 0.158203
0 0.216406 0.445557 0.0105469 0.0205078 0.139404
0 0.845312 0.490234 0.01875 0.0322266 0.11676
0 0.939844 0.661133 0.015625 0.0195312 0.108215
0 0.988281 0.748535 0.00625 0.00976562 0.102295
0 0.895312 0.57373 0.0078125 0.0146484 0.100891
0 0.227539 0.443604 0.021875 0.03125 0.100525
0 0.817187 0.501465 0.01875 0.0292969 0.0957031
0 0.840625 0.478027 0.01875 0.0292969 0.0859985
0 0.532031 0.0134888 0.009375 0.0164795 0.0847778
0 0.224609 0.443604 0.0160156 0.0234375 0.0847778
0 0.586719 0.00942993 0.0125 0.0188599 0.0806274
0 0.821094 0.505371 0.0171875 0.0244141 0.0713501
0 0.814062 0.690918 0.021875 0.0253906 0.0663452
0 0.532031 0.0139465 0.0125 0.022522 0.0592041
0 0.9125 0.533691 0.015625 0.0195312 0.0583496
0 0.319141 0.693848 0.0363281 0.0351562 0.055603
0 0.895312 0.578125 0.00625 0.0136719 0.0545959
0 0.989844 0.75 0.009375 0.0126953 0.0535889
0 0.894531 0.55127 0.00625 0.00976562 0.053009
0 0.819531 0.341553 0.0171875 0.0258789 0.0492249
0 0.895312 0.576172 0.0125 0.0253906 0.0492249
0 0.316602 0.692383 0.0257812 0.0302734 0.0481262
0 0.194531 0.286377 0.0203125 0.0288086 0.0463867
0 0.894531 0.569336 0.00625 0.0117188 0.0440063
0 0.811719 0.32959 0.0140625 0.015625 0.0427246
0 0.939062 0.660645 0.0109375 0.0146484 0.0419312
0 0.822656 0.501953 0.0171875 0.0214844 0.0402527
0 0.828906 0.701172 0.015625 0.0166016 0.0366211
0 0.814844 0.493652 0.0109375 0.0195312 0.0323486
0 0.997266 0.769043 0.00546875 0.0136719 0.0321045
0 0.814844 0.332275 0.021875 0.0258789 0.0321045
0 0.234375 0.432373 0.0179687 0.019043 0.0299835
0 0.959375 0.876465 0.00625 0.00878906 0.029541
0 0.225391 0.439453 0.0242187 0.0297852 0.028595
0 0.821094 0.696289 0.0171875 0.0205078 0.0245209
0 0.81875 0.698242 0.0203125 0.0283203 0.0231476
0 0.83125 0.697266 0.025 0.0205078 0.0214539
0 0.214844 0.452881 0.0175781 0.0297852 0.021286
0 0.315625 0.687012 0.0238281 0.0273438 0.021286
0 0.329688 0.689941 0.0308594 0.0292969 0.0205688
0 0.894531 0.555664 0.0125 0.0214844 0.0187225
0 0.984375 0.742188 0.0171875 0.0253906 0.0187225
0 0.814844 0.339844 0.0328125 0.0366211 0.0171814
0 0.898438 0.579102 0.01875 0.0292969 0.016983
0 0.326758 0.698242 0.0304688 0.0371094 0.0166626
0 0.953125 0.85791 0.0046875 0.0107422 0.0165253
0 0.911719 0.532715 0.009375 0.0107422 0.0159607
0 0.333984 0.691895 0.0222656 0.0292969 0.0158997
0 0.536719 0.017334 0.0195312 0.0246582 0.0151901
0 0.824219 0.342529 0.01875 0.0283203 0.0150757
0 0.191016 0.295166 0.0121094 0.0219727 0.0150146
0 0.942969 0.660645 0.0125 0.0117188 0.0147858
0 0.828125 0.692871 0.0203125 0.0253906 0.0146713
0 0.0334229 1 0.0668457 0 0.0146179
0 0.00321045 0.0577393 0.0064209 0.115479 0.0145035
0 0.821094 0.499512 0.025 0.0302734 0.014389
0 0.978125 0.729004 0.0125 0.0214844 0.0142822
0 0.953125 0.867188 0.0140625 0.0224609 0.0138474
0 0.230273 0.448486 0.028125 0.0385742 0.0129242
0 0.816406 0.498047 0.025 0.0283203 0.012825
0 0.334375 0.635742 0.00585938 0.00976562 0.0127716
0 0.535547 0.0127563 0.0171875 0.0245361 0.0127258
0 0.526953 0.0122223 0.0195312 0.0244446 0.0123825
0 0.960156 1 0.0796875 0 0.012146
0 0.0500977 0.999023 0.100195 0.00195312 0.0116882
0 0.897656 0.57373 0.015625 0.0273438 0.0115509
0 0.949609 1 0.100781 0 0.0115051
0 0.9875 0.750488 0.0140625 0.0136719 0.011467
0 0.215625 0.448486 0.0234375 0.0273438 0.011467
0 0.824219 0.499023 0.0125 0.0195312 0.0114212
0 0.835938 0.701172 0.021875 0.0283203 0.0110321
0 0.984375 0.736816 0.009375 0.0136719 0.0109024
0 0.9375 0.65918 0.0203125 0.0234375 0.0109024
0 0.939062 0.662598 0.025 0.0166016 0.0108185
0 0.83125 0.702148 0.0171875 0.0195312 0.0106506
0 0.583594 0.00852966 0.0226563 0.0170593 0.0106506
0 0.895312 0.57666 0.0203125 0.0253906 0.0104523
0 0.264453 0.0985107 0.034375 0.0925293 0.0104065
0 0.585156 0.0126343 0.0164062 0.0252686 0.0103302
0 0.214062 0.452881 0.0277344 0.0307617 0.0102463
0 0.405078 0.739258 0.00859375 0.0195312 0.0102081
0 0.957422 1 0.0851562 0 0.0100937
0 0.955469 0.875977 0.0140625 0.0205078 0.0100937
0 0.586719 0.00923157 0.0195312 0.0184631 0.0100555
0 0.930469 0.99707 0.139062 0.00585938 0.00963593
0 0.187891 0.282227 0.0273438 0.0307617 0.00959778
0 0.532031 0.0141602 0.0203125 0.0218506 0.00948334
0 0.811719 0.698242 0.0203125 0.0332031 0.00941467
0 0.00581055 0.076416 0.0116211 0.152832 0.00930023
0 0.589844 0.0133057 0.0164062 0.0266113 0.0091629
0 0.842188 0.494141 0.021875 0.0341797 0.00901794
0 0.0610352 0.995605 0.12207 0.00878906 0.00891876
0 0.986719 0.751953 0.01875 0.0253906 0.00891876
0 0.895312 0.556152 0.009375 0.0146484 0.0088501
0 0.889063 0.571289 0.01875 0.0292969 0.00871277
0 0.25918 0.10022 0.0171875 0.181641 0.0086441
0 0.946875 0.866699 0.025 0.0292969 0.00847626
0 0.911719 0.534668 0.0234375 0.0185547 0.00841522
0 0.0404297 0.995117 0.0808594 0.00976562 0.00831604
0 0.403027 0.99707 0.150195 0.00585938 0.00821686
0 0.491016 0.998047 0.145313 0.00390625 0.00821686
0 0.848437 0.487793 0.0171875 0.0292969 0.00818634
0 0.947266 1 0.105469 0 0.00818634
0 0.566016 0.997559 0.146875 0.00488281 0.00818634
0 0.81875 0.688477 0.0125 0.0146484 0.00815582
0 7.32422e-05 0.0394287 0.000146484 0.0788574 0.00815582
0 0.252734 0.99707 0.152344 0.00585938 0.00812531
0 0.440625 0.997559 0.147656 0.00488281 0.00812531
0 0.603125 0.997559 0.147656 0.00488281 0.00812531
0 0.950391 0.998047 0.0992187 0.00390625 0.00812531
0 0.528516 0.998047 0.145313 0.00390625 0.00806427
0 0.678125 0.99707 0.150781 0.00585938 0.00806427
0 0.290625 0.997559 0.148438 0.00488281 0.00800323
0 0.640625 0.997559 0.15 0.00488281 0.00800323
0 0.79082 0.99707 0.154297 0.00585938 0.00796509
0 0.0369873 1 0.0739746 0 0.00793457
0 0.215039 0.996094 0.158984 0.0078125 0.00790405
0 0.753125 0.99707 0.153125 0.00585938 0.00787354
0 0.995703 0.807129 0.00859375 0.142578 0.00787354
0 0.71543 0.99707 0.151953 0.00585938 0.00784302
0 0.82832 0.99707 0.155859 0.00585938 0.00769424
0 0.177539 0.995605 0.164844 0.00878906 0.00766754
0 0.328223 0.997559 0.151367 0.00488281 0.00766754
0 0.189453 0.289795 0.015625 0.0268555 0.00763702
0 0.820312 0.510254 0.01875 0.03125 0.00757599
0 0.296484 0.353027 0.0253906 0.0322266 0.00751877
0 0.0452148 1 0.0904297 0 0.00746155
0 0.902344 0.996094 0.16875 0.0078125 0.00746155
0 0.967578 1 0.0648438 0 0.00746155
0 0.982031 0.730469 0.0109375 0.0146484 0.00740433
0 0.865625 0.996582 0.160938 0.00683594 0.00740433
0 0.365625 0.99707 0.154687 0.00585938 0.00737381
0 0.0576172 0.999023 0.115234 0.00195312 0.00728989
0 0.962109 0.0113373 0.0757812 0.0226746 0.00725937
0 0.189453 0.286621 0.0195312 0.0263672 0.00723267
0 0.814844 0.496094 0.0140625 0.0253906 0.00720596
0 0.0898438 0.994629 0.179688 0.0107422 0.00717545
0 0.975 0.730469 0.01875 0.0234375 0.00717545
0 0.139673 0.996094 0.170654 0.0078125 0.00712204
0 0.996094 0.0534058 0.0078125 0.106812 0.00701141
0 0.802344 0.693848 0.0234375 0.0273438 0.00679779
0 0.8125 0.699219 0.03125 0.03125 0.00674438
0 0.997656 0.959717 0.0046875 0.0805664 0.00674438
0 0.526172 0.017334 0.0210938 0.0264282 0.00669098
0 0.33418 0.685547 0.0210938 0.0273438 0.00658798
0 0.596875 1 0.104687 0 0.00658798
0 0.546875 1 0.102344 0 0.00656509
0 0.200977 0.295654 0.0214844 0.03125 0.00651169
0 0.571875 1 0.103906 0 0.0064888
0 0.89375 0.550781 0.009375 0.0107422 0.00641251
0 0.944531 1 0.110937 0 0.00641251
0 0.567578 1 0.125 0 0.00638962
0 0.604688 1 0.126563 0 0.00629044
0 0.938281 0.995117 0.10625 0.00976562 0.00629044
0 0.521875 1 0.102344 0 0.00626373
0 0.0655762 1 0.131152 0 0.00624084
0 0.530078 1 0.123438 0 0.00624084
0 0.496875 1 0.102344 0 0.00619125
0 0.991797 0.753418 0.0164062 0.0361328 0.00616837
0 0.896094 0.586914 0.009375 0.0136719 0.00614548
0 0.480078 1 0.124219 0 0.00614548
0 0.822656 0.329346 0.0265625 0.0307617 0.00614548
0 0.00124512 0.935059 0.00249023 0.129883 0.00614548
0 0.621484 1 0.105469 0 0.00614548
0 0.808594 0.69043 0.0171875 0.0195312 0.00612259
0 0.00471191 0.946289 0.00942383 0.107422 0.00605011
0 0.00258789 0.959473 0.00517578 0.0810547 0.00605011
0 0.658984 1 0.10625 0 0.00605011
0 0.471875 1 0.102344 0 0.00602722
0 0.696484 1 0.107031 0 0.00602722
0 0.654688 1 0.130469 0 0.00600433
0 0.692187 1 0.130469 0 0.00600433
0 0.634375 0.0101929 0.0976562 0.0203857 0.00588989
0 0.671094 0.0112305 0.102344 0.0224609 0.00582123
0 0.573438 0.0112762 0.028125 0.0225525 0.00582123
0 0.767187 1 0.132812 0 0.00579834
0 0.771289 1 0.107422 0 0.00575256
0 0.404687 1 0.129688 0 0.00572968
0 0.442578 1 0.127344 0 0.00572968
0 0.695703 0.0113525 0.103906 0.0227051 0.00570679
0 0.81875 0.334961 0.0203125 0.0214844 0.00568771
0 0.409082 1 0.105273 0 0.00568771
0 0.292188 1 0.128125 0 0.00564194
0 0.817187 1 0.134375 0 0.00564194
0 0.231641 0.427002 0.025 0.0283203 0.00564194
0 0.446875 1 0.103125 0 0.00564194
0 0.820898 1 0.108203 0 0.00564194
0 0.469922 0.00808716 0.0992187 0.0161743 0.00559998
0 0.296484 1 0.103906 0 0.00559998
0 0.977344 0.726562 0.009375 0.00878906 0.00557709
0 0.841211 1 0.136328 0 0.0055542
0 0.846094 1 0.109375 0 0.0055542
0 0.949219 0.662109 0.0234375 0.0273438 0.00553513
0 0.721484 1 0.107031 0 0.00551224
0 0.796289 1 0.108984 0 0.00551224
0 0.952344 0.859375 0.0078125 0.015625 0.00548935
0 0.729492 1 0.131641 0 0.00548935
0 0.203711 1 0.144531 0 0.00540543
0 0.878906 1 0.145313 0 0.00536346
0 0.871094 1 0.1125 0 0.00534439
0 0.329785 1 0.130273 0 0.00530243
0 0.00703125 0.923828 0.0140625 0.152344 0.00530243
0 0.208008 1 0.1125 0 0.00530243
0 0.321484 1 0.104297 0 0.00530243
0 0.241602 1 0.137891 0 0.00526047
0 0.916406 1 0.154687 0 0.00526047
0 0.590625 0.00881958 0.0226563 0.0176392 0.00524139
0 0.585156 0.0128632 0.0257812 0.0257263 0.00521851
0 0.746484 1 0.107031 0 0.00521851
0 0.182764 1 0.113379 0 0.00518036
0 0.166016 1 0.149609 0 0.00510025
0 0.896094 1 0.115625 0 0.0050621
0 0.233203 1 0.110937 0 0.00503922
0 0.271094 1 0.106641 0 0.00503922
0 0.995703 0.936523 0.00859375 0.126953 0.00500107
0 0.346289 1 0.105078 0 0.00492477
0 0.216016 0.460205 0.0144531 0.0219727 0.00484848
0 0.886719 0.580078 0.021875 0.03125 0.00481033
0 0.921094 1 0.11875 0 0.00481033
0 0.998438 0.9729 0.003125 0.0541992 0.00479126
0 0.0439453 0.00447083 0.0878906 0.00894165 0.00475693
0 0.229687 0.430664 0.0179687 0.0205078 0.00471878
0 0.476953 0.995605 0.102344 0.00878906 0.00468063
0 0.529297 0.00842285 0.0125 0.0168457 0.00466537
0 0.0541016 0.98877 0.108203 0.0224609 0.00466537
0 0.367188 1 0.136719 0 0.0046463
0 0.157715 1 0.115039 0 0.0046463
0 0.383984 1 0.107031 0 0.0046463
0 0.401563 0.994629 0.105469 0.0107422 0.0046463
0 0.439063 0.995117 0.103906 0.00976562 0.0046463
0 0.824219 0.334473 0.0140625 0.0175781 0.00460815
0 0.514453 0.995117 0.102344 0.00976562 0.0045929
0 0.332422 0.00726318 0.116406 0.0145264 0.00457382
0 0.0240234 1 0.0480469 0 0.00457382
0 0.250977 0.994141 0.106641 0.0117188 0.00455475
0 0.539453 0.995117 0.102344 0.00976562 0.00453949
0 0.564453 0.995117 0.103125 0.00976562 0.00453949
0 0.601953 0.994629 0.103906 0.0107422 0.00453949
0 0.276563 0.994629 0.104687 0.0107422 0.00446701
0 0.820312 0.00498962 0.135937 0.00997925 0.00443268
0 0.676562 0.994141 0.105469 0.0117188 0.00443268
0 0.128271 1 0.156738 0 0.00439835
0 0.224805 0.437988 0.0191406 0.0195312 0.00436401
0 0.357617 0.00772095 0.113672 0.0154419 0.00436401
0 0.446094 0.00820923 0.104687 0.0164185 0.00436401
0 0.639063 0.994629 0.104687 0.0107422 0.00436401
0 0.995703 0.074707 0.00859375 0.149414 0.00434875
0 0.701563 0.994141 0.10625 0.0117188 0.00434875
0 0.945312 0.878418 0.0265625 0.03125 0.00432968
0 0.213086 0.992676 0.109766 0.0146484 0.00432968
0 0.301562 0.994629 0.104687 0.0107422 0.00431442
0 0.89375 0.569336 0.0109375 0.015625 0.00428009
0 0.256445 0.00598145 0.124609 0.0119629 0.00426483
0 0.789062 0.993652 0.107813 0.0126953 0.00424957
0 0.326465 0.994141 0.105664 0.0117188 0.0042305
0 0.763672 0.994141 0.107031 0.0117188 0.0042305
0 0.104492 0.0963135 0.000585938 0.192627 0.0042305
0 0.307422 0.00631714 0.116406 0.0126343 0.00421524
0 0.351172 0.994141 0.107031 0.0117188 0.00421524
0 0.08125 0.998535 0.121875 0.00292969 0.00418091
0 0.0227051 1 0.0454102 0 0.00416565
0 0.0899902 1 0.17002 0 0.00415039
0 0.838281 0.472168 0.025 0.03125 0.00413513
0 0.382715 0.0078125 0.108789 0.015625 0.00411606
0 0.282422 0.00575256 0.117188 0.0115051 0.00408554
0 0.821094 0.510742 0.028125 0.0283203 0.00408554
0 0.8875 0.554688 0.0203125 0.0283203 0.00408554
0 0.0733643 0.988281 0.12085 0.0234375 0.00408554
0 0.896094 0.54834 0.0171875 0.0244141 0.00407028
0 0.995703 0.835938 0.00859375 0.152344 0.00407028
0 0.726562 0.994141 0.10625 0.0117188 0.00407028
0 0.376172 0.993652 0.10625 0.0126953 0.00402451
0 0.813867 0.993652 0.108203 0.0126953 0.00402451
0 0.175195 0.992188 0.1125 0.015625 0.00400543
0 0.294141 0.618164 0.0257812 0.03125 0.00397491
0 0.132446 0.999512 0.115967 0.000976562 0.0039444
0 0.214453 0.444336 0.0132813 0.019043 0.00392914
0 0.913281 0.991699 0.114063 0.0166016 0.00391388
0 0.530859 0.00872803 0.025 0.0174561 0.00390053
0 0.15 0.991699 0.114063 0.0166016 0.00390053
0 0.983594 0.742188 0.025 0.0214844 0.00388527
