0 0.971094 0.10083 0.0546875 0.0527344 0.959473
0 0.0358887 0.245361 0.0662109 0.0644531 0.907227
0 0.366895 0.248474 0.0857422 0.0684814 0.807617
0 0.121484 0.323975 0.0457031 0.0615234 0.782227
0 0.143945 0.914062 0.0226563 0.0351562 0.464844
0 0.928906 0.933594 0.11875 0.103516 0.442627
0 0.145215 0.90918 0.0212891 0.0253906 0.184814
0 0.0464844 0.244812 0.0544922 0.0592041 0.184814
0 0.155957 0.60791 0.0105469 0.0195312 0.132935
0 0.140234 0.81543 0.0119141 0.015625 0.12854
0 0.950781 0.931152 0.075 0.0966797 0.123352
0 0.174658 0.635254 0.0147461 0.0185547 0.102661
0 0.897656 0.929688 0.0578125 0.101562 0.101929
0 0.475 0.78418 0.0109375 0.0146484 0.0809326
0 0.145703 0.907227 0.0171875 0.0185547 0.0809326
0 0.127832 0.315674 0.03125 0.046875 0.0718384
0 0.115039 0.322021 0.0363281 0.0527344 0.0718384
0 0.05 0.250732 0.0416992 0.050293 0.0705566
0 0.860937 0.484375 0.0125 0.0117188 0.0682983
0 0.00310059 0.948242 0.00620117 0.103516 0.058136
0 0.13252 0.321777 0.0289063 0.0615234 0.0577087
0 0.963281 0.0947266 0.0390625 0.0444336 0.0488586
0 0.350879 0.245789 0.0560547 0.0650635 0.0465393
0 0.143457 0.918457 0.0279297 0.0429688 0.0440063
0 0.386719 0.245605 0.0414063 0.0449219 0.0433655
0 0.348828 0.351318 0.0113281 0.00976562 0.0399475
0 0.0237793 0.250732 0.0424805 0.0551758 0.0390625
0 0.754687 0.814453 0.0289063 0.0332031 0.0367737
0 0.36543 0.243347 0.0675781 0.0543213 0.0362244
0 0.483984 0.621094 0.0320312 0.0253906 0.0344849
0 0.567578 0.855957 0.0078125 0.00976562 0.033844
0 0.156738 0.60791 0.0138672 0.0253906 0.0336609
0 0.277344 0.907715 0.00898437 0.0146484 0.0335999
0 0.983594 0.101685 0.0328125 0.0490723 0.0325317
0 0.0270508 0.243408 0.0541016 0.0556641 0.0324707
0 0.226562 0.664062 0.009375 0.015625 0.0317383
0 0.304688 0.742676 0.0191406 0.0400391 0.031311
0 0.0492676 0.235352 0.0418945 0.0415039 0.0311432
0 0.138477 0.743652 0.0162109 0.0136719 0.0299835
0 0.535156 0.477539 0.0132813 0.0117188 0.028656
0 0.27832 0.290039 0.0121094 0.00976562 0.0285492
0 0.978125 0.902344 0.009375 0.0195312 0.0273743
0 0.122461 0.539062 0.0128906 0.0136719 0.0263519
0 0.134082 0.81543 0.0232422 0.0292969 0.0259552
0 0.464844 0.916504 0.0164062 0.015625 0.0236053
0 0.139941 0.816406 0.0166016 0.0253906 0.0233307
0 0.401563 0.426025 0.0078125 0.0112305 0.0230713
0 0.173926 0.63623 0.0189453 0.0244141 0.021698
0 0.338477 0.625977 0.00859375 0.0107422 0.0214539
0 0.272461 0.630859 0.0121094 0.0136719 0.0198669
0 0.130078 0.810059 0.0140625 0.0136719 0.0198669
0 0.957031 0.927734 0.0546875 0.0742188 0.018692
0 0.21582 0.989258 0.00507812 0.0078125 0.0176392
0 0.753125 0.813477 0.0210938 0.0214844 0.0173035
0 0.112695 0.320557 0.0316406 0.0385742 0.0172424
0 0.546875 0.558594 0.0101562 0.00878906 0.0167236
0 0.782617 0.977539 0.0457031 0.0371094 0.0164032
0 0.889063 0.606445 0.0125 0.00976562 0.0162811
0 0.384375 0.989258 0.0117188 0.00976562 0.016098
0 0.8875 0.93042 0.0390625 0.0942383 0.0158997
0 0.439063 0.844238 0.00859375 0.0146484 0.0158386
0 0.133301 0.811523 0.0203125 0.0185547 0.0151901
0 0.220898 0.633789 0.00859375 0.0146484 0.0150757
0 0.802344 0.548828 0.015625 0.00976562 0.0146713
0 0.336719 0.243652 0.0261719 0.0595703 0.0144501
0 0.401172 0.425293 0.0148437 0.0239258 0.014389
0 0.333984 0.250488 0.0210938 0.0551758 0.0141144
0 0.551172 0.580566 0.00703125 0.0078125 0.0139542
0 0.389844 0.572754 0.0140625 0.0146484 0.0136871
0 0.638281 0.379639 0.021875 0.0258789 0.0136337
0 0.546094 0.572754 0.0195312 0.0283203 0.0136337
0 0.979688 0.898926 0.009375 0.0126953 0.0134277
0 0.833594 0.848145 0.015625 0.0185547 0.0131683
0 0.896875 0.920898 0.046875 0.0703125 0.0131226
0 0.349414 0.350586 0.0179687 0.019043 0.0130234
0 0.135645 0.330811 0.0216797 0.0473633 0.0129242
0 0.31543 0.804688 0.0238281 0.0253906 0.012825
0 0.000854492 0.938477 0.00170898 0.123047 0.012825
0 0.0346802 0.256348 0.058374 0.0571289 0.0125275
0 0.964063 0.918945 0.03125 0.0644531 0.0125275
0 0.134277 0.712402 0.0169922 0.015625 0.0123825
0 0.0341064 1 0.0682129 0 0.0123367
0 0.131445 0.311768 0.0234375 0.0385742 0.012291
0 0.474219 0.782227 0.0140625 0.0175781 0.0119629
0 0.838281 0.813477 0.00625 0.0126953 0.0119629
0 0.316016 0.80127 0.0210938 0.0146484 0.0119171
0 0.386621 0.25415 0.0447266 0.0493164 0.0117798
0 0.973437 0.107788 0.0421875 0.0456543 0.0111618
0 0.641406 0.374268 0.0132813 0.0112305 0.0111618
0 0.207813 0.885254 0.0246094 0.0332031 0.0110703
0 0.708594 0.987305 0.0171875 0.0136719 0.0109482
0 0.475781 0.785156 0.0171875 0.0234375 0.0108566
0 0.370508 0.261475 0.0699219 0.0639648 0.0107346
0 0.0486328 0.999512 0.0972656 0.000976562 0.0105667
0 0.860156 0.48291 0.0171875 0.0224609 0.0104904
0 0.766016 0.818359 0.009375 0.0146484 0.0104065
0 0.635547 0.384033 0.0234375 0.0273438 0.0104065
0 0.0256836 0.69043 0.0200195 0.0273438 0.0103302
0 0.138281 0.744141 0.0193359 0.0234375 0.0103302
0 0.415625 0.870117 0.0164062 0.015625 0.01017
0 0.882812 0.939453 0.028125 0.0859375 0.0100937
0 0.136816 0.814453 0.0220703 0.0234375 0.00981903
0 0.0590332 0.243896 0.0243164 0.0527344 0.00967407
0 0.669531 0.689941 0.025 0.0302734 0.00963593
0 0.00825195 0.904785 0.0141602 0.0166016 0.00959778
0 0.98125 0.897461 0.00625 0.0117188 0.00952148
0 0.139355 0.922852 0.0255859 0.0400391 0.00945282
0 0.935156 0.142334 0.009375 0.0078125 0.00941467
0 0.961719 0.106171 0.0359375 0.0422974 0.00919342
0 0.990234 0.108795 0.0195312 0.0316772 0.00898743
0 0.397266 0.241211 0.0203125 0.0322266 0.00878143
0 0.0692383 0.833008 0.0285156 0.0273438 0.00878143
0 0.432422 0.800293 0.0078125 0.0107422 0.0086441
0 0.0245728 0.682617 0.0227295 0.0419922 0.0086441
0 0.488281 0.736816 0.0109375 0.015625 0.00861359
0 0.598437 0.993652 0.0171875 0.0126953 0.00847626
0 0.98125 0.96875 0.0375 0.0625 0.00844574
0 0.813281 0.614746 0.009375 0.015625 0.00837708
0 0.707812 0.500488 0.0117188 0.0117188 0.008255
0 0.11123 0.313232 0.025 0.0380859 0.008255
0 0.534375 0.477905 0.01875 0.0227051 0.008255
0 0.0447266 1 0.0894531 0 0.00818634
0 0.139087 0.998047 0.140576 0.00390625 0.00818634
0 0.719141 0.478027 0.028125 0.0351562 0.00818634
0 0.485547 0.621582 0.0273438 0.0185547 0.00812531
0 0.00471191 0.0488281 0.00942383 0.0976562 0.00812531
0 0.0383301 0.236145 0.0521484 0.0457764 0.00809479
0 0.798437 0.700684 0.009375 0.00878906 0.00800323
0 0.4875 0.625977 0.025 0.03125 0.00800323
0 0.0583008 0.996582 0.116602 0.00683594 0.00796509
0 0.526563 0.965332 0.0101562 0.0166016 0.00787354
0 0.0393555 0.996094 0.0787109 0.0078125 0.00787354
0 0.37959 0.237793 0.0525391 0.0405273 0.0078125
0 0.33457 0.621094 0.0207031 0.0263672 0.00769424
0 0.0919922 0.365723 0.0125 0.0102539 0.00763702
0 0.245508 0.84375 0.0125 0.0195312 0.00763702
0 0.157227 0.608398 0.0208984 0.0244141 0.00757599
0 0.884375 0.60791 0.025 0.0244141 0.00757599
0 0.113916 0.996094 0.160449 0.0078125 0.00748825
0 0.801562 0.699707 0.009375 0.00878906 0.00746155
0 0.859375 0.66748 0.0125 0.015625 0.00725937
0 0.595703 0.636719 0.0140625 0.0146484 0.00723267
0 0.261914 0.227539 0.0207031 0.0263672 0.00723267
0 0.378906 0.76123 0.0117188 0.0117188 0.00720596
0 0.0366699 1 0.0733398 0 0.00717545
0 0.171826 0.640137 0.0219727 0.03125 0.00717545
0 0.855469 0.97876 0.040625 0.0385742 0.00717545
0 0.766016 0.816895 0.0179687 0.03125 0.00714874
0 0.150879 0.998535 0.0947266 0.00292969 0.00706482
0 0.766016 0.820801 0.0078125 0.0126953 0.00703812
0 0.703906 0.504883 0.0195312 0.0273438 0.00703812
0 0.132812 0.305664 0.0199219 0.0268555 0.0069313
0 0.17749 0.727539 0.00947266 0.00976562 0.0068779
0 0.337109 0.625 0.015625 0.015625 0.00666809
0 0.153516 1 0.109766 0 0.00666809
0 0.660156 0.255127 0.0140625 0.0117188 0.00664139
0 0.607031 0.913086 0.0328125 0.0537109 0.00664139
0 0.140527 0.920898 0.0173828 0.0283203 0.00658798
0 0.279297 0.706543 0.0238281 0.0322266 0.00658798
0 0.152148 0.92334 0.0296875 0.0390625 0.00658798
0 0.157129 1 0.0947266 0 0.00656509
0 0.765625 0.762207 0.0125 0.0107422 0.00653839
0 0.8625 0.486328 0.01875 0.0253906 0.00636292
0 0.838281 0.814941 0.0140625 0.0253906 0.00631332
0 0.586328 0.697266 0.00703125 0.0126953 0.00629044
0 0.346484 0.23584 0.0425781 0.0483398 0.00629044
0 0.0120605 0.911621 0.0241211 0.0400391 0.00629044
0 0.135547 0.759766 0.00839844 0.00976562 0.00626373
0 0.707812 0.499023 0.009375 0.00976562 0.00624084
0 0.0216431 0.681641 0.0258545 0.0517578 0.00624084
0 0.109766 0.807617 0.0111328 0.0175781 0.00621796
0 0.8375 0.811523 0.00625 0.00976562 0.00616837
0 0.614453 0.821289 0.009375 0.0166016 0.00614548
0 0.12168 0.539062 0.0191406 0.0253906 0.00614548
0 0.882031 0.611816 0.0296875 0.0283203 0.00614548
0 0.00600586 0.180481 0.0120117 0.147827 0.00612259
0 0.98125 0.900879 0.0109375 0.0175781 0.006073
0 0.061377 0.254395 0.0182617 0.0385742 0.006073
0 0.0824219 0.994629 0.164844 0.0107422 0.00605011
0 0.257227 0.223145 0.0207031 0.0463867 0.00605011
0 0.226758 0.664062 0.0144531 0.0263672 0.00605011
0 0.121875 0.334717 0.0390625 0.0522461 0.00600433
0 0.303516 1 0.136719 0 0.00595856
0 0.79375 0.740234 0.0078125 0.00976562 0.00591278
0 0.319336 0.800781 0.0128906 0.0107422 0.005867
0 0.880469 0.954102 0.01875 0.0507812 0.00582123
0 0.124976 0.995605 0.104346 0.00878906 0.00582123
0 0.302344 0.742188 0.0339844 0.0419922 0.00577545
0 0.896094 0.90625 0.04375 0.0507812 0.00577545
0 0.366602 0.438232 0.0152344 0.0107422 0.00575256
0 0.391797 0.234375 0.0304688 0.0307617 0.00575256
0 0.0571289 0.999512 0.114258 0.000976562 0.00572968
0 0.300977 0.707031 0.0128906 0.0146484 0.00570679
0 0.277539 0.290039 0.0210938 0.0205078 0.00570679
0 0.0949219 0.365967 0.0232422 0.0214844 0.00570679
0 0.401563 0.42041 0.0148437 0.0244141 0.00568771
0 0.0301392 0.790527 0.0535889 0.09375 0.00568771
0 0.975 0.910645 0.015625 0.0478516 0.00564194
0 0.108008 0.318359 0.0222656 0.0292969 0.00561905
0 0.00522461 0.322998 0.0104492 0.152832 0.00559998
0 0.128394 1 0.137744 0 0.0055542
0 0.338086 0.626465 0.0183594 0.0234375 0.00553513
0 0.598437 0.989746 0.01875 0.0205078 0.00548935
0 0.670313 0.838867 0.00625 0.00878906 0.00544739
0 0.16543 1 0.128906 0 0.00542831
0 0.278906 0.593262 0.0136719 0.015625 0.00540543
0 0.986719 0.0930176 0.0265625 0.0385742 0.00538635
0 0.434375 0.789062 0.028125 0.0341797 0.00538635
0 0.148438 0.905273 0.0164062 0.0166016 0.00534439
0 0.400781 0.419189 0.0101562 0.0136719 0.00530243
0 0.00493164 0.903809 0.00986328 0.0126953 0.00530243
0 0.336914 0.232971 0.0261719 0.0404053 0.00530243
0 0.164648 0.616699 0.0222656 0.0292969 0.00530243
0 0.0641113 1 0.128223 0 0.00527954
0 0.854688 0.799316 0.028125 0.0322266 0.00519943
0 0.210938 0.390381 0.00820312 0.0107422 0.00518036
0 0.55 0.580566 0.0101562 0.0107422 0.00516129
0 0.0603027 0.231201 0.0223633 0.0351562 0.0051384
0 0.88125 0.96875 0.015625 0.03125 0.00502014
0 0.803125 0.551758 0.0203125 0.0224609 0.00500107
0 0.215625 0.696289 0.0257812 0.0498047 0.00498199
0 0.133008 0.728027 0.0246094 0.0351562 0.00498199
0 0.653125 0.866699 0.0445312 0.0712891 0.00496292
0 0.228516 0.451172 0.0132813 0.0175781 0.00494385
0 0.75 0.810059 0.0265625 0.0332031 0.00494385
0 0.609766 0.916992 0.0257812 0.0332031 0.0049057
0 0.13916 0.753906 0.0208984 0.0283203 0.0049057
0 0.109961 0.804688 0.00878906 0.0126953 0.00486755
0 0.951563 0.101685 0.0203125 0.0432129 0.00486755
0 0.138965 0.91748 0.0216797 0.03125 0.00482941
0 0.153613 0.540039 0.0189453 0.0234375 0.00482941
0 0.944531 0.90918 0.0703125 0.0546875 0.00482941
0 0.12207 0.313721 0.0332031 0.0371094 0.00481033
0 0.814844 0.618164 0.0109375 0.0166016 0.00481033
0 0.978906 0.0407715 0.0421875 0.081543 0.00481033
0 9.76563e-05 0.0395508 0.000195313 0.0791016 0.00481033
0 0.55 0.574219 0.01875 0.0283203 0.00479126
0 0.907031 0.694824 0.03125 0.0390625 0.00479126
0 0.803906 0.69873 0.021875 0.0244141 0.00477219
0 0.442187 0.940186 0.071875 0.104004 0.00475693
0 0.387109 0.571289 0.0171875 0.015625 0.00473785
0 0.644531 0.580078 0.015625 0.015625 0.00473785
0 0.023291 1 0.046582 0 0.00473785
0 0.339941 1 0.13418 0 0.00471878
0 0.133008 0.712891 0.0234375 0.0302734 0.00471878
0 0.27168 0.632812 0.0183594 0.0263672 0.00469971
0 0.128516 0.460205 0.0253906 0.034668 0.00468063
0 0.483594 0.742188 0.0226563 0.0332031 0.00468063
0 0.0755615 0.833984 0.0230957 0.0253906 0.00468063
0 0.717188 0.486206 0.0265625 0.0373535 0.0046463
0 0.835938 0.812012 0.0109375 0.0126953 0.00462723
0 0.890625 0.985352 0.0140625 0.0136719 0.00462723
0 0.00566406 0.850586 0.0113281 0.132812 0.00462723
0 0.698047 0.507812 0.0265625 0.03125 0.00460815
0 0.00871582 0.907227 0.0174316 0.0195312 0.0045929
0 0.267383 0.666016 0.0296875 0.0478516 0.0045929
0 0.978906 0.901855 0.0125 0.0283203 0.00457382
0 0.622266 0.868652 0.009375 0.0126953 0.00455475
0 0.132129 1 0.111523 0 0.00455475
0 0.313672 0.998047 0.101953 0.00390625 0.00455475
0 0.864062 0.80127 0.009375 0.00976562 0.00453949
0 0.325586 0.25708 0.0160156 0.0410156 0.00453949
0 0.749219 0.816406 0.0351562 0.0410156 0.00453949
0 0.208789 0.170593 0.05625 0.182251 0.00448608
0 0.760156 0.647461 0.0296875 0.03125 0.00448608
0 0.00827637 0.664062 0.0165527 0.155273 0.00446701
0 0.876562 0.95874 0.0171875 0.0473633 0.00446701
0 0.274805 0.289795 0.0300781 0.027832 0.00443268
0 0.5375 0.478516 0.00859375 0.00878906 0.00441742
0 0.379395 0.263184 0.0435547 0.0488281 0.00439835
0 0.152832 0.538086 0.0132813 0.0117188 0.00436401
0 0.703125 0.878418 0.021875 0.0224609 0.00432968
0 0.848437 0.79248 0.0171875 0.0166016 0.00429916
0 0.961719 0.927246 0.04375 0.0585938 0.00429916
0 0.704297 0.878906 0.0265625 0.0390625 0.00429916
0 0.00805664 0.903809 0.0161133 0.0302734 0.00424957
0 0.053125 0.990723 0.10625 0.0185547 0.00424957
0 0.477734 0.0633545 0.00546875 0.0101318 0.00421524
0 0.147559 0.537109 0.00878906 0.00976562 0.00421524
0 0.967188 0.904297 0.028125 0.0371094 0.00419998
0 0.440625 0.404541 0.0078125 0.00830078 0.00418091
0 0.667188 0.688965 0.0203125 0.0214844 0.00418091
0 0.00939941 0.90625 0.0187988 0.0410156 0.00418091
0 0.860156 0.484375 0.025 0.0195312 0.00416565
0 0.374902 0.236328 0.0408203 0.0273438 0.00415039
0 0.0868164 0.990723 0.114453 0.0185547 0.00413513
0 0.263867 0.666016 0.0292969 0.0380859 0.0041008
0 0.439063 0.838867 0.0210938 0.0390625 0.0041008
0 0.777344 0.853516 0.015625 0.015625 0.00408554
0 0.398828 0.253906 0.0234375 0.0375977 0.00408554
0 0.473047 0.78125 0.01875 0.0273438 0.00408554
0 0.664062 0.257812 0.021875 0.0249023 0.00407028
0 0.245508 0.846191 0.0164062 0.0185547 0.00403976
0 0.244531 0.848145 0.0214844 0.0341797 0.00403976
0 0.0206299 0.687988 0.0317871 0.0546875 0.00402451
0 0.476953 0.780762 0.01875 0.0273438 0.00402451
0 0.832812 0.847656 0.0203125 0.0302734 0.00402451
0 0.402344 0.428955 0.0101562 0.0131836 0.00400543
0 0.695703 0.572266 0.009375 0.00976562 0.00399017
0 0.550781 0.581543 0.0164062 0.0234375 0.00399017
