0 0.860156 0.0913086 0.0578125 0.0510254 0.925293
0 0.102734 0.321289 0.0873047 0.0722656 0.912109
0 0.749609 0.117889 0.0585938 0.052063 0.90918
0 0.908594 0.525391 0.028125 0.0214844 0.24585
0 0.252148 0.992188 0.0125 0.0136719 0.242188
0 0.25293 0.775879 0.0363281 0.0292969 0.176636
0 0.0866211 0.794434 0.0115234 0.0126953 0.140381
0 0.664062 0.570801 0.0140625 0.0117188 0.138428
0 0.0911133 0.442383 0.0119141 0.00976562 0.127686
0 0.508203 0.0167847 0.0125 0.0088501 0.088501
0 0.151465 0.532715 0.0140625 0.015625 0.085083
0 0.759766 0.118286 0.0398437 0.0480957 0.081543
0 0.251953 0.990723 0.015625 0.0185547 0.0758667
0 0.908594 0.524414 0.025 0.0146484 0.0745239
0 0.883594 0.940918 0.00625 0.0078125 0.0726318
0 0.673047 0.992188 0.0109375 0.0136719 0.0639648
0 0.673047 0.994141 0.00859375 0.0117188 0.0632324
0 0.217773 0.992188 0.0117188 0.0136719 0.0594177
0 0.570312 0.783691 0.0304688 0.0322266 0.0535889
0 0.851562 0.0938721 0.040625 0.043457 0.0516663
0 0.0859375 0.794922 0.0167969 0.0214844 0.0503235
0 0.470313 0.849609 0.0296875 0.03125 0.0477905
0 0.141016 0.719727 0.0210938 0.0185547 0.0476074
0 0.124219 0.322998 0.0441406 0.0571289 0.0470886
0 0.490625 0.612305 0.0257812 0.0371094 0.0467224
0 0.899219 0.73877 0.0171875 0.0234375 0.0428772
0 0.0103027 0.805664 0.0126465 0.0175781 0.0386047
0 0.585156 0.933594 0.0148437 0.0126953 0.0366211
0 0.707031 0.721191 0.0164062 0.0126953 0.033844
0 0.216016 0.992188 0.0105469 0.0117188 0.033844
0 0.664062 0.570801 0.0203125 0.0195312 0.033783
0 0.657422 0.0114136 0.0117188 0.0117188 0.0334778
0 0.959375 0.487305 0.0125 0.00976562 0.0327148
0 0.32168 0.689453 0.0140625 0.0126953 0.0304413
0 0.496094 0.602051 0.0132813 0.015625 0.0298767
0 0.494922 0.605469 0.0195312 0.0263672 0.0298157
0 0.374121 0.86377 0.00957031 0.015625 0.0283356
0 0.0115967 0.372314 0.014209 0.0107422 0.0281067
0 0.145313 0.722168 0.0115234 0.0136719 0.0272675
0 0.739844 0.116455 0.046875 0.0473633 0.0257568
0 0.871094 0.0896301 0.0359375 0.0443726 0.0256653
0 0.911719 0.525879 0.021875 0.0146484 0.0253754
0 0.127246 0.330811 0.0367187 0.0537109 0.0248871
0 0.151465 0.533203 0.0169922 0.0224609 0.0239105
0 0.875 0.0974121 0.025 0.0371094 0.0236969
0 0.303125 0.586914 0.015625 0.0136719 0.0236053
0 0.671875 0.869629 0.0148437 0.0224609 0.0233307
0 0.254492 0.329102 0.0125 0.0102539 0.0232391
0 0.113086 0.31543 0.0730469 0.059082 0.0230713
0 0.304883 0.97876 0.0277344 0.0424805 0.022583
0 0.0905273 0.555664 0.0142578 0.0136719 0.0218658
0 0.488672 0.691895 0.009375 0.00976562 0.0217743
0 0.701172 0.976562 0.00859375 0.0117188 0.0217743
0 0.614453 0.902832 0.0078125 0.0107422 0.0215302
0 0.114355 0.550781 0.0160156 0.0136719 0.0212097
0 0.150098 0.529785 0.0152344 0.0224609 0.0200653
0 0.864062 0.082489 0.0453125 0.0430298 0.0192719
0 0.0939697 0.322021 0.0663574 0.0605469 0.0188293
0 0.76543 0.125488 0.0253906 0.0349121 0.018692
0 0.0859375 0.796387 0.0140625 0.0166016 0.0184784
0 0.435937 0.742188 0.0117188 0.0146484 0.0184021
0 0.674219 0.990234 0.015625 0.0195312 0.0180206
0 0.307031 0.980713 0.021875 0.0307617 0.0179901
0 0.21875 0.990234 0.0101562 0.0117188 0.0171051
0 0.32793 0.71875 0.00820312 0.0078125 0.0165253
0 0.804688 0.763672 0.0109375 0.015625 0.0165253
0 0.116895 0.551758 0.0224609 0.0195312 0.0164642
0 0.104785 0.640625 0.0121094 0.0117188 0.0162201
0 0.0175781 0.753418 0.0219727 0.0322266 0.0158997
0 0.903125 0.938965 0.0078125 0.00683594 0.0158386
0 0.928125 0.647461 0.0125 0.00976562 0.0157776
0 0.090918 0.443359 0.0177734 0.0195312 0.0157166
0 0.0186401 0.753418 0.0202393 0.0224609 0.0154877
0 0.624609 0.739746 0.0125 0.0175781 0.0152512
0 0.335352 0.5 0.0140625 0.0117188 0.0151291
0 0.10686 0.328369 0.0671387 0.065918 0.0149002
0 0.193359 0.677246 0.00976562 0.0107422 0.0147858
0 0.737891 0.109619 0.034375 0.0402832 0.0146179
0 0.805469 0.978516 0.025 0.03125 0.0142822
0 0.298242 0.976074 0.0429688 0.0478516 0.0141754
0 0.308789 0.620117 0.0167969 0.0146484 0.014061
0 0.833594 0.516602 0.0125 0.0136719 0.0136871
0 0.0786377 0.898438 0.0183105 0.0283203 0.0136337
0 0.12793 0.310791 0.0363281 0.0385742 0.0133286
0 0.0729492 0.317871 0.0248047 0.0639648 0.0133286
0 0.627344 0.976562 0.0078125 0.00976562 0.0132217
0 0.507812 0.0172119 0.0195312 0.0180054 0.0132217
0 0.319141 0.692871 0.0222656 0.0234375 0.0131226
0 0.0672852 0.901367 0.0371094 0.0341797 0.0130234
0 0.154687 0.685059 0.0316406 0.0410156 0.0129242
0 0.561719 0.569336 0.009375 0.0117188 0.0128708
0 0.940625 0.5 0.015625 0.0117188 0.0127258
0 0.736719 0.123901 0.034375 0.0402832 0.0126724
0 0.0118408 0.805664 0.0175293 0.0273438 0.0124283
0 0.0869141 0.313965 0.0523437 0.0625 0.0123367
0 0.809375 0.973633 0.0140625 0.015625 0.012146
0 0.0108887 0.372314 0.0170898 0.0224609 0.0121002
0 0.217578 0.989258 0.0167969 0.0214844 0.0119629
0 0.257031 0.776855 0.0308594 0.0234375 0.0118256
0 0.657812 0.0109863 0.01875 0.0219116 0.0118256
0 0.710547 0.766602 0.0140625 0.0117188 0.0116882
0 0.211328 0.974609 0.00742187 0.0078125 0.0113754
0 0.761719 0.111084 0.03125 0.0397949 0.0113297
0 0.250977 0.992188 0.0226563 0.015625 0.0110703
0 0.507812 0.571289 0.0289063 0.0371094 0.0109863
0 0.134668 0.318604 0.021875 0.0385742 0.0109024
0 0.0913086 0.554688 0.0210938 0.0205078 0.0109024
0 0.576563 0.787109 0.0328125 0.03125 0.0109024
0 0.867188 0.0959167 0.046875 0.0471802 0.0105286
0 0.111133 0.552246 0.0261719 0.0214844 0.0104065
0 0.786719 0.209229 0.0125 0.00976562 0.0102921
0 0.432031 0.70752 0.01875 0.0175781 0.01017
0 0.903125 0.739746 0.025 0.0341797 0.0100555
0 0.105762 0.647949 0.0199219 0.0302734 0.00997162
0 0.901563 0.742676 0.0203125 0.0214844 0.00945282
0 0.0709961 0.328857 0.0207031 0.0498047 0.00937653
0 0.773438 0.561035 0.0203125 0.0146484 0.00912476
0 0.12832 0.55127 0.00898437 0.0107422 0.00905609
0 0.00698242 0.936279 0.0139648 0.127441 0.00898743
0 0.620313 0.848633 0.009375 0.0078125 0.00891876
0 0.70625 0.723145 0.021875 0.0224609 0.00881195
0 0.892187 0.941406 0.0234375 0.0195312 0.00881195
0 0.366797 0.197388 0.00664063 0.00683594 0.00871277
0 0.813281 0.82959 0.0125 0.0175781 0.00871277
0 0.152246 0.818848 0.00820312 0.0117188 0.0086441
0 0.786719 0.208618 0.009375 0.00830078 0.00854492
0 0.811719 0.980225 0.0234375 0.0297852 0.0085144
0 0.14502 0.718262 0.0125 0.015625 0.00831604
0 0.255664 0.990234 0.0128906 0.015625 0.00828552
0 0.7 0.977539 0.0117188 0.0117188 0.00821686
0 0.617188 0.850098 0.0078125 0.00878906 0.00815582
0 0.903125 0.705566 0.00625 0.00878906 0.00812531
0 0.290625 0.950195 0.00625 0.0078125 0.00806427
0 0.302734 0.586914 0.0195312 0.0214844 0.00806427
0 0.811719 0.827637 0.0140625 0.0185547 0.00790405
0 0.690625 0.971924 0.0132813 0.0131836 0.00790405
0 0.7625 0.978516 0.0140625 0.0117188 0.0078125
0 0.140332 0.720703 0.0287109 0.0244141 0.0077858
0 0.253906 0.991211 0.0207031 0.0175781 0.0077858
0 0.101782 0.313477 0.0651855 0.0517578 0.00775528
0 0.0923828 0.751953 0.00703125 0.00878906 0.00775528
0 0.415625 0.450928 0.0132813 0.0107422 0.00772476
0 0.693359 0.975586 0.0234375 0.0253906 0.00754929
0 0.627344 0.975586 0.00546875 0.00976562 0.00743103
0 0.158789 0.986328 0.0148437 0.015625 0.00743103
0 0.827344 0.936523 0.015625 0.0136719 0.00740433
0 0.849219 0.0795288 0.03125 0.0360107 0.00740433
0 0.321875 0.710938 0.0214844 0.0273438 0.00723267
0 0.476953 0.849609 0.0195312 0.0195312 0.00720596
0 0.907031 0.520508 0.0265625 0.0263672 0.00717545
0 0.788281 0.711914 0.0140625 0.0136719 0.00709534
0 0.583984 0.932617 0.0210938 0.0244141 0.00706482
0 0.603906 0.654785 0.0140625 0.00976562 0.00698471
0 0.880469 0.728027 0.0109375 0.0117188 0.00698471
0 0.135156 0.631836 0.00976562 0.00976562 0.00695801
0 0.883594 0.941895 0.015625 0.0175781 0.0069046
0 0.882031 0.940918 0.009375 0.00976562 0.00671768
0 0.123438 0.886719 0.0394531 0.0458984 0.00669098
0 0.453125 0.305664 0.0125 0.0107422 0.00666809
0 0.735156 0.668945 0.0140625 0.0136719 0.00666809
0 0.911719 0.530762 0.0265625 0.0302734 0.00651169
0 0.306641 0.618652 0.0222656 0.0253906 0.0064888
0 0.886719 0.44873 0.00625 0.00634766 0.00634003
0 0.556641 0.395996 0.0375 0.0571289 0.00634003
0 0.428125 0.306641 0.0132813 0.0112305 0.00626373
0 0.255078 0.637695 0.00976562 0.0107422 0.00621796
0 0.510938 0.020813 0.0226563 0.0239258 0.00619125
0 0.498437 0.602539 0.0210938 0.0273438 0.00619125
0 0.194141 0.678711 0.0179687 0.0224609 0.00616837
0 0.435937 0.742676 0.0148437 0.0253906 0.006073
0 0.754687 0.979492 0.0328125 0.0273438 0.006073
0 0.249805 0.780273 0.0546875 0.0390625 0.00605011
0 0.797656 0.978516 0.0390625 0.0371094 0.00605011
0 0.765039 0.913574 0.0277344 0.0498047 0.00600433
0 0.693359 0.463867 0.00859375 0.00683594 0.00598145
0 0.505078 0.580078 0.0242187 0.0361328 0.00595856
0 0.741797 0.833008 0.0289063 0.0351562 0.00595856
0 0.381738 0.785645 0.0162109 0.0175781 0.00593567
0 0.13584 0.307861 0.0195312 0.0307617 0.00591278
0 0.1375 0.718262 0.0169922 0.0166016 0.00588989
0 0.376563 0.867676 0.0164062 0.0302734 0.00588989
0 0.213672 0.989746 0.0230469 0.0205078 0.00575256
0 0.619531 0.851562 0.021875 0.0234375 0.00572968
0 0.803906 0.400146 0.01875 0.0185547 0.00566483
0 0.888281 0.448242 0.00625 0.00732422 0.00561905
0 0.528125 0.53418 0.00625 0.00683594 0.00561905
0 0.561328 0.570801 0.0164062 0.0224609 0.00557709
0 0.0581543 0.904297 0.0454102 0.0341797 0.00557709
0 0.789062 0.710449 0.0125 0.00976562 0.00548935
0 0.890625 0.941406 0.0109375 0.00878906 0.00548935
0 0.149902 0.519531 0.0123047 0.0136719 0.00544739
0 0.785156 0.20813 0.0203125 0.0231934 0.00542831
0 0.584766 0.822266 0.0117188 0.0136719 0.00538635
0 0.830469 0.981445 0.01875 0.0273438 0.00534439
0 0.679688 0.982422 0.0226563 0.0273438 0.00530243
0 0.0747803 0.638672 0.0102051 0.0078125 0.00527954
0 0.304883 0.896973 0.0644531 0.0810547 0.00524139
0 0.486719 0.618652 0.0195312 0.0244141 0.00521851
0 0.264062 0.925293 0.00898437 0.0107422 0.00521851
0 0.773047 0.118286 0.0210938 0.0393066 0.00519943
0 0.305859 0.587402 0.00859375 0.0107422 0.00518036
0 0.303125 0.599609 0.0222656 0.0322266 0.0051384
0 0.674219 0.991699 0.0226563 0.0166016 0.00510025
0 0.866406 0.105225 0.0375 0.0361328 0.00510025
0 0.0889648 0.442627 0.0132813 0.012207 0.00508118
0 0.813281 0.472534 0.0046875 0.00805664 0.00508118
0 0.153027 0.818359 0.0175781 0.0224609 0.0050621
0 0.198437 0.752441 0.0136719 0.0126953 0.00502014
0 0.5625 0.785645 0.0195312 0.0244141 0.00500107
0 0.486328 0.694336 0.0179687 0.0244141 0.00498199
0 0.899219 0.73877 0.0265625 0.0292969 0.00494385
0 0.0452148 1 0.0904297 0 0.00494385
0 0.341797 0.577637 0.0101562 0.00878906 0.00488663
0 0.827344 0.93457 0.021875 0.0283203 0.00488663
0 0.034668 1 0.0693359 0 0.00482941
0 0.171094 0.976318 0.0445312 0.0415039 0.00482941
0 0.20293 0.334229 0.0078125 0.00976562 0.00479126
0 0.103711 0.663086 0.0126953 0.0146484 0.00479126
0 0.00720215 0.320557 0.0144043 0.160156 0.00479126
0 0.928125 0.650391 0.0203125 0.0244141 0.00479126
0 0.723828 0.319336 0.0117188 0.00927734 0.00475693
0 0.326562 0.716309 0.0179687 0.0244141 0.00473785
0 0.12959 0.600586 0.0111328 0.00976562 0.00471878
0 0.785156 0.710938 0.015625 0.0117188 0.00471878
0 0.50625 0.0156555 0.0140625 0.0114136 0.00469971
0 0.534375 0.69873 0.0148437 0.0166016 0.00468063
0 0.860156 0.104492 0.0609375 0.0458984 0.00468063
0 0.80625 0.77002 0.021875 0.0380859 0.00468063
0 0.903125 0.703125 0.0078125 0.00878906 0.00466537
0 0.150391 0.533691 0.0267578 0.0224609 0.00466537
0 0.255273 0.993164 0.0128906 0.0136719 0.0046463
0 0.127441 0.55127 0.0189453 0.0214844 0.00462723
0 0.0453125 0.684082 0.0172852 0.0166016 0.00460815
0 0.00673828 0.600586 0.0134766 0.152344 0.00460815
0 0.0442871 0.684082 0.0234375 0.0273438 0.00460815
0 0.667188 0.380371 0.00703125 0.00878906 0.00455475
0 0.79375 0.471558 0.0109375 0.0119629 0.00453949
0 0.0811523 0.897461 0.0109375 0.0205078 0.00453949
0 0.317773 0.688477 0.0171875 0.0136719 0.00446701
0 0.903906 0.937988 0.009375 0.00878906 0.00446701
0 0.885938 0.102753 0.0171875 0.0308228 0.00445175
0 0.700391 0.975342 0.0195312 0.0239258 0.00445175
0 0.407813 0.464844 0.0242187 0.0283203 0.00438309
0 0.858594 0.0484619 0.0140625 0.012207 0.00434875
0 0.284375 0.736328 0.0148437 0.015625 0.00434875
0 0.0625 0.335938 0.0161133 0.0395508 0.00432968
0 0.805469 0.400146 0.025 0.03125 0.00432968
0 0.250586 0.56543 0.0105469 0.00976562 0.00431442
0 0.117065 1 0.127588 0 0.00429916
0 0.775781 0.130981 0.0171875 0.0288086 0.00426483
0 0.136426 0.33374 0.0234375 0.0424805 0.00426483
0 0.877344 0.104126 0.021875 0.027832 0.00424957
0 0.941406 0.498047 0.021875 0.0224609 0.0042305
0 0.00499268 0.955078 0.00998535 0.0898438 0.0042305
0 0.0897461 0.442383 0.0255859 0.0185547 0.00421524
0 0.878906 1 0.134375 0 0.00419998
0 0.262695 0.78418 0.0222656 0.0332031 0.00419998
0 0.0296875 1 0.059375 0 0.00418091
0 0.508594 0.567871 0.025 0.0214844 0.00416565
0 0.33418 0.499512 0.0222656 0.0234375 0.00415039
0 0.825 0.935059 0.0140625 0.0136719 0.00411606
0 0.214258 0.982422 0.0136719 0.0175781 0.0041008
0 0.660937 0.0123291 0.0273438 0.0246582 0.0041008
0 0.119824 0.893555 0.0328125 0.0380859 0.00408554
0 0.216211 0.985352 0.0175781 0.0253906 0.00407028
0 0.696094 0.464111 0.0125 0.00830078 0.00405502
0 0.413281 0.457642 0.0226563 0.026123 0.00405502
0 0.432031 0.708984 0.021875 0.0273438 0.00403976
0 0.832812 0.514648 0.01875 0.0253906 0.00402451
0 0.0212891 1 0.0425781 0 0.00400543
0 0.316406 0.899414 0.0367187 0.0605469 0.00400543
0 0.589063 0.790527 0.0117188 0.0107422 0.00399017
0 0.0946289 0.946533 0.0804688 0.0874023 0.00397491
0 0.513672 0.570801 0.040625 0.0488281 0.00395966
0 0.828906 0.941406 0.025 0.0332031 0.00395966
0 0.562891 0.570801 0.00859375 0.0136719 0.00392914
0 0.254883 0.611328 0.0128906 0.0117188 0.00390053
0 0.162891 0.689941 0.0212891 0.0361328 0.00388527
0 0.128809 0.891602 0.0367187 0.0449219 0.00388527
0 0.245508 0.915527 0.0390625 0.0429688 0.00388527
0 0.670703 0.986328 0.0234375 0.0273438 0.00388527
0 0.582031 0.934082 0.0140625 0.0117188 0.00382423
0 0.469531 0.862793 0.0359375 0.0517578 0.00382423
0 0.833594 0.519531 0.01875 0.0263672 0.00378036
0 0.665625 0.574707 0.021875 0.0283203 0.00376511
0 0.842969 0.948242 0.028125 0.0302734 0.00376511
0 0.372949 0.860352 0.0103516 0.0126953 0.00374985
0 0.230859 0.990723 0.0296875 0.0185547 0.00372124
0 0.203906 0.336182 0.0183594 0.0234375 0.00370789
0 0.0065918 0.477051 0.0131836 0.15332 0.00370789
0 0.672266 0.870117 0.0210938 0.0351562 0.00370789
0 0.679297 0.799805 0.0132813 0.0136719 0.00366402
0 0.848437 0.951172 0.0171875 0.0166016 0.00365067
0 0.00527344 0.134155 0.0105469 0.141113 0.00365067
0 0.809375 0.825195 0.021875 0.03125 0.00365067
0 0.813281 0.829102 0.0171875 0.0273438 0.00365067
0 0.466406 0.848145 0.0257812 0.0263672 0.00363541
0 0.341211 0.824219 0.0144531 0.015625 0.00362206
0 0.454688 1 0.132812 0 0.00362206
0 0.266016 0.503906 0.0222656 0.0263672 0.00362206
