0 0.274219 0.0420532 0.0246094 0.0202637 0.84082
0 0.282227 0.144409 0.01875 0.0432129 0.797363
0 0.659375 0.158447 0.0125 0.0256348 0.700684
0 0.622656 0.297119 0.0117188 0.0239258 0.640625
0 0.244531 0.0403442 0.0171875 0.0177002 0.563965
0 0.691016 0.258057 0.0140625 0.0292969 0.470703
0 0.660156 0.369385 0.00859375 0.0175781 0.44751
0 0.246289 0.0406494 0.0199219 0.0231934 0.434082
0 0.655078 0.196777 0.009375 0.0227051 0.414795
0 0.338086 0.0149231 0.0207031 0.0187378 0.40918
0 0.635156 0.270264 0.0117188 0.0283203 0.407227
