0 0.946875 0.445557 0.025 0.0288086 0.853027
0 0.805469 0.349121 0.0203125 0.027832 0.841797
0 0.25625 0.21405 0.0191406 0.0245361 0.827637
0 0.323242 0.175659 0.0164062 0.0158691 0.813965
0 0.748047 0.277344 0.021875 0.0249023 0.779785
0 0.721875 0.257568 0.0132813 0.0205078 0.73877
0 0.217773 0.253906 0.015625 0.0200195 0.710449
0 0.628125 0.303467 0.0132813 0.0297852 0.689453
0 0.230664 0.338379 0.0132813 0.0268555 0.679199
0 0.986719 0.479126 0.0234375 0.0319824 0.647949
0 0.757422 0.523926 0.0171875 0.0263672 0.622559
0 0.775195 0.299805 0.0167969 0.0224609 0.613281
0 0.343555 0.130493 0.0105469 0.0136719 0.598145
0 0.8125 0.322998 0.0203125 0.0283203 0.57373
0 0.619141 0.365479 0.015625 0.0327148 0.57373
0 0.615625 0.398438 0.0125 0.0292969 0.57373
0 0.753125 0.320312 0.0140625 0.0234375 0.542969
0 0.376465 0.127075 0.00957031 0.0214844 0.527344
0 0.719922 0.254395 0.0132813 0.0219727 0.407227
0 0.678516 0.418945 0.0148437 0.0307617 0.403564
