0 0.0300293 0.605469 0.0381836 0.0390625 0.935059
0 0.303711 0.911133 0.0363281 0.0449219 0.922852
0 0.189307 0.848145 0.0416992 0.0361328 0.907715
0 0.117773 0.823242 0.0275391 0.0390625 0.860352
0 0.141895 0.768555 0.0236328 0.0283203 0.794434
0 0.213672 0.441162 0.0257812 0.0317383 0.766113
0 0.0656006 0.556152 0.023877 0.0292969 0.749023
0 0.139746 0.556641 0.0248047 0.0380859 0.716797
0 0.152637 0.512207 0.021875 0.0361328 0.689453
0 0.153125 0.674805 0.0126953 0.0253906 0.668945
0 0.0222168 0.660156 0.0217773 0.0507812 0.635254
0 0.0666992 0.691406 0.0142578 0.0292969 0.558105
0 0.0938477 0.813965 0.0195312 0.0429688 0.554688
0 0.10957 0.589844 0.0140625 0.0214844 0.544922
0 0.0634277 0.599609 0.015332 0.03125 0.542969
0 0.208203 0.476685 0.0121094 0.0222168 0.529297
0 0.0713867 0.738281 0.0210938 0.0546875 0.509766
