0 0.453906 0.862305 0.040625 0.0351562 0.843262
0 0.430859 0.501465 0.0242187 0.0400391 0.816895
0 0.444531 0.44165 0.0203125 0.0351562 0.801758
0 0.355078 0.753418 0.0207031 0.0595703 0.794922
0 0.373145 0.507812 0.0201172 0.0322266 0.786621
0 0.499219 0.412354 0.0117188 0.019043 0.743164
0 0.369434 0.418945 0.0259766 0.0449219 0.725586
0 0.491406 0.359863 0.0164062 0.034668 0.716797
0 0.417969 0.452759 0.0257812 0.0378418 0.716309
0 0.36543 0.576172 0.0253906 0.0390625 0.713867
0 0.596094 0.273926 0.0210938 0.03125 0.667969
0 0.478516 0.396729 0.015625 0.0229492 0.631836
0 0.4 0.504883 0.0164062 0.0332031 0.602051
0 0.440625 0.395508 0.0117188 0.0307617 0.600098
0 0.385938 0.540039 0.0148437 0.0253906 0.490234
0 0.353516 0.69043 0.0160156 0.0458984 0.467773
0 0.472656 0.375488 0.0117188 0.0244141 0.42627
0 0.430859 0.592285 0.0117188 0.0205078 0.420654
0 0.566016 0.307129 0.0125 0.0214844 0.401611
