0 0.0550293 0.562012 0.0522461 0.0517578 0.945801
0 0.406738 0.710449 0.0685547 0.0732422 0.941406
0 0.96875 0.685059 0.059375 0.0898438 0.934082
0 0.531641 0.382568 0.0375 0.0292969 0.926758
0 0.821094 0.444092 0.0390625 0.03125 0.92334
0 0.729297 0.370361 0.0382813 0.0307617 0.908203
0 0.30625 0.395752 0.0347656 0.0288086 0.907715
0 0.259375 0.399902 0.0328125 0.0361328 0.902832
0 0.0179443 0.486816 0.0358887 0.0400391 0.900391
0 0.333789 0.498047 0.0726563 0.0576172 0.881836
0 0.632031 0.602539 0.034375 0.0585938 0.881836
0 0.0827148 0.452393 0.0390625 0.0395508 0.879395
0 0.582422 0.455078 0.0367187 0.0380859 0.865723
0 0.783008 0.557129 0.0746094 0.0537109 0.86084
0 0.392676 0.45105 0.0373047 0.0422363 0.822754
0 0.195703 0.422607 0.0292969 0.0263672 0.820801
0 0.0181641 0.388916 0.0363281 0.0297852 0.819336
0 0.201172 0.270264 0.0199219 0.0170898 0.818848
0 0.0824463 0.348633 0.0183105 0.0170898 0.810547
0 0.179492 0.366699 0.0246094 0.0268555 0.805176
0 0.170703 0.448242 0.0417969 0.0449219 0.797363
0 0.80625 0.52002 0.034375 0.0283203 0.794922
0 0.0786133 0.414551 0.0207031 0.0273438 0.789062
0 0.0229492 0.354004 0.0332031 0.0249023 0.78418
0 0.960156 0.481323 0.05625 0.0432129 0.772461
0 0.279297 0.473022 0.0335938 0.0441895 0.76709
0 0.264258 0.30835 0.0152344 0.0200195 0.756348
0 0.789844 0.44165 0.021875 0.0229492 0.750488
0 0.0550781 0.472778 0.0222656 0.0310059 0.740234
0 0.309961 0.336914 0.0246094 0.0239258 0.723145
0 0.109766 0.375732 0.03125 0.0288086 0.686035
0 0.405078 0.505859 0.0164062 0.0419922 0.680664
0 0.588281 0.512695 0.0195312 0.0302734 0.668945
0 0.242773 0.359863 0.0277344 0.0244141 0.663574
0 0.255273 0.492676 0.0324219 0.0449219 0.65918
0 0.229297 0.442627 0.034375 0.0385742 0.655762
0 0.12334 0.282471 0.0205078 0.0166016 0.631836
0 0.0262695 0.454834 0.0358398 0.0249023 0.629883
0 0.903906 0.435547 0.0265625 0.0366211 0.612305
0 0.707422 0.451416 0.0273438 0.0307617 0.601074
0 0.272656 0.264893 0.0113281 0.0117188 0.586914
0 0.341406 0.245361 0.0148437 0.0117188 0.560059
0 0.467187 0.240967 0.0117188 0.0141602 0.525391
0 0.683594 0.422607 0.0234375 0.0185547 0.484375
0 0.162012 0.406006 0.0189453 0.0239258 0.478516
0 0.939062 0.218994 0.0125 0.0112305 0.42627
0 0.994922 0.493164 0.0101562 0.0351562 0.413086
0 0.667969 0.44458 0.0539063 0.0424805 0.413086
