0 0.517187 0.378662 0.0453125 0.0419922 0.927734
0 0.0276855 0.962646 0.0553711 0.074707 0.871094
0 0.0404663 0.341553 0.0409424 0.0385742 0.791016
0 0.0641113 0.180664 0.0245117 0.0273438 0.782227
0 0.751953 0.0196228 0.0242187 0.019104 0.770508
0 0.149902 0.179932 0.0248047 0.0305176 0.725586
0 0.090918 0.0101624 0.0185547 0.015564 0.71875
0 0.0392578 0.177734 0.0259766 0.0366211 0.697754
0 0.536719 0.652344 0.0382813 0.0839844 0.663574
0 0.19668 0.388428 0.0359375 0.0717773 0.650391
0 0.193555 0.039505 0.0308594 0.0212097 0.600098
0 0.990625 0.0791626 0.0109375 0.0115967 0.482422
0 0.9625 0.0750122 0.03125 0.0174561 0.462891
0 0.870313 0.0226746 0.015625 0.00970459 0.455078
0 0.245312 0.0109253 0.0121094 0.0153198 0.430176
