0 0.732031 0.743164 0.025 0.0410156 0.856445
0 0.564844 0.568359 0.0195312 0.0283203 0.829102
0 0.576563 0.628906 0.0195312 0.0322266 0.82666
0 0.502734 0.482544 0.0179687 0.0280762 0.794434
0 0.466406 0.447998 0.0171875 0.0249023 0.778809
0 0.639844 0.648926 0.01875 0.0263672 0.726562
0 0.680469 0.666504 0.0195312 0.0341797 0.705078
0 0.620703 0.61084 0.021875 0.0302734 0.699219
0 0.467187 0.583984 0.0140625 0.0332031 0.668945
0 0.51875 0.506836 0.0117188 0.0273438 0.645996
0 0.513281 0.569824 0.0179687 0.0292969 0.602051
0 0.495703 0.626953 0.0125 0.0283203 0.562012
0 0.559375 0.73877 0.0078125 0.0107422 0.511719
0 0.583594 0.604492 0.0179687 0.0322266 0.480469
0 0.592969 0.590332 0.0164062 0.0224609 0.462891
0 0.517187 0.648926 0.0117188 0.0263672 0.462891
0 0.446875 0.580566 0.0101562 0.0234375 0.451416
0 0.655469 0.639648 0.0195312 0.0351562 0.449463
