0 0.663281 0.618652 0.0226563 0.0292969 0.747559
0 0.411328 0.376465 0.01875 0.0244141 0.741699
0 0.516016 0.495605 0.0117188 0.0253906 0.651367
0 0.603125 0.561523 0.015625 0.0332031 0.607422
0 0.472266 0.428467 0.0125 0.0205078 0.598145
0 0.377246 0.352051 0.0150391 0.0283203 0.588867
0 0.452344 0.410889 0.0140625 0.0219727 0.571777
0 0.503906 0.473511 0.0125 0.020752 0.488281
0 0.463281 0.449463 0.0109375 0.0200195 0.486328
0 0.523438 0.476074 0.01875 0.0253906 0.464844
0 0.548437 0.500977 0.0179687 0.03125 0.462891
0 0.429297 0.392822 0.0125 0.0258789 0.44165
0 0.897656 0.581543 0.0078125 0.0234375 0.405518
