0 0.891406 0.554199 0.0640625 0.0957031 0.944336
0 0.706641 0.451782 0.0429688 0.0446777 0.902832
0 0.541016 0.192505 0.0382813 0.0305176 0.879395
0 0.733594 0.211853 0.0289063 0.0426025 0.813477
0 0.858594 0.221863 0.0265625 0.0333252 0.805176
0 0.0109863 0.100586 0.0219727 0.0229492 0.791992
0 0.814062 0.00648499 0.0171875 0.01297 0.631836
0 0.222266 0.201599 0.0234375 0.0426025 0.626953
0 0.10293 0.102509 0.0164062 0.0188599 0.622559
0 0.921094 0.0447998 0.0359375 0.0236816 0.550781
0 0.762109 0.214539 0.0273438 0.0289307 0.539062
0 0.980469 0.0128479 0.0140625 0.0177612 0.519531
0 0.273242 0.87793 0.0183594 0.015625 0.503906
