0 0.25625 0.582031 0.0417969 0.0371094 0.839355
0 0.594922 0.363281 0.0226563 0.0512695 0.828613
0 0.781055 0.342529 0.0238281 0.0395508 0.820312
0 0.199023 0.558105 0.0519531 0.0419922 0.67041
0 0.597266 0.870605 0.0140625 0.0244141 0.665527
0 0.507031 0.375977 0.0195312 0.0463867 0.632324
0 0.81875 0.287354 0.0234375 0.0429688 0.618652
0 0.490234 0.415283 0.0351562 0.0356445 0.615234
0 0.461328 0.467529 0.0234375 0.0688477 0.588867
0 0.566016 0.455811 0.021875 0.0571289 0.571777
0 0.349023 0.612305 0.0316406 0.0673828 0.558105
0 0.55625 0.404297 0.01875 0.0463867 0.512695
0 0.679688 0.939941 0.0078125 0.0117188 0.44165
0 0.587109 0.47229 0.0226563 0.0622559 0.44165
0 0.614844 0.881836 0.00703125 0.00976562 0.432129
