0 0.604688 0.517578 0.04375 0.0458984 0.959961
0 0.326758 0.51416 0.0460938 0.0458984 0.842285
0 0.608984 0.418457 0.0460938 0.0375977 0.841309
0 0.909375 0.404053 0.028125 0.0239258 0.811523
0 0.9375 0.691895 0.0359375 0.0800781 0.80127
0 0.66875 0.519043 0.0234375 0.0361328 0.791016
0 0.573828 0.404541 0.0367187 0.0297852 0.759277
0 0.95 0.366699 0.03125 0.0253906 0.744141
0 0.485547 0.42627 0.0234375 0.0229492 0.716797
0 0.0171875 0.419189 0.034375 0.0317383 0.700195
0 0.864062 0.939697 0.104687 0.097168 0.694336
0 0.335547 0.450928 0.0246094 0.0273438 0.550781
0 0.950781 0.428711 0.0140625 0.0258789 0.455078
0 0.986719 0.291992 0.0125 0.0185547 0.401611
