0 0.554297 0.617188 0.0585938 0.0507812 0.958984
0 0.278516 0.681152 0.0507812 0.0546875 0.949707
0 0.485547 0.698242 0.0882813 0.0634766 0.931641
0 0.795313 0.552734 0.0375 0.0458984 0.92627
0 0.719922 0.890625 0.05625 0.0800781 0.916504
0 0.828906 0.567383 0.0296875 0.0361328 0.894531
0 0.39873 0.502441 0.0501953 0.0419922 0.893555
0 0.277148 0.56543 0.0375 0.0351562 0.813477
0 0.100098 0.463867 0.0380859 0.0341797 0.8125
0 0.0428223 0.544434 0.0279297 0.0351562 0.797363
0 0.498437 0.493652 0.0273438 0.0283203 0.793945
0 0.587891 0.321533 0.0296875 0.0229492 0.782715
0 0.745703 0.282959 0.0195312 0.0161133 0.729492
0 0.684766 0.315674 0.0140625 0.0166016 0.679199
0 0.302539 0.370605 0.0203125 0.0136719 0.654785
0 0.921875 0.830078 0.0265625 0.0556641 0.640625
0 0.134375 0.354004 0.0150391 0.0214844 0.62793
0 0.14209 0.599121 0.0166016 0.0419922 0.622559
0 0.634375 0.29834 0.0117188 0.0175781 0.602051
0 0.894531 0.496094 0.040625 0.0458984 0.582031
0 0.479688 0.343018 0.028125 0.0239258 0.552734
0 0.910156 0.278809 0.0140625 0.0209961 0.535156
0 0.751172 0.412109 0.0179687 0.0371094 0.517578
0 0.723828 0.57959 0.0234375 0.0488281 0.512695
0 0.711328 0.311523 0.0140625 0.0141602 0.511719
0 0.151367 0.36084 0.0105469 0.0209961 0.501953
0 0.781836 0.949707 0.0191406 0.0136719 0.486328
0 0.748047 0.587402 0.0273438 0.0390625 0.411133
