0 0.630078 0.409912 0.0210938 0.0195312 0.930176
0 0.682031 0.432861 0.01875 0.0239258 0.782715
0 0.623438 0.375488 0.0140625 0.0200195 0.71875
0 0.428906 0.276855 0.0164062 0.0131836 0.702637
0 0.677734 0.326416 0.0109375 0.0166016 0.637207
0 0.466797 0.162842 0.0117188 0.0144043 0.519531
0 0.442578 0.213379 0.009375 0.0131836 0.470703
0 0.647266 0.304443 0.00859375 0.0161133 0.460938
0 0.752344 0.169067 0.0078125 0.0107422 0.439697
0 0.696875 0.11499 0.0078125 0.0102539 0.42627
0 0.55 0.0667114 0.0117188 0.0181885 0.403564
0 0.689844 0.228516 0.00625 0.0166016 0.401611
