0 0.43125 0.668457 0.090625 0.0712891 0.866699
0 0.961719 0.158813 0.021875 0.017334 0.845703
0 0.503125 0.199097 0.0203125 0.0187988 0.844727
0 0.53125 0.182495 0.0226563 0.0234375 0.811523
0 0.55625 0.180664 0.0195312 0.0200195 0.796875
0 0.424219 0.791016 0.0523437 0.131836 0.786133
0 0.878906 0.261719 0.0328125 0.0219727 0.737305
0 0.698438 0.245117 0.0304688 0.0234375 0.722656
0 0.582422 0.16748 0.0226563 0.0197754 0.710449
0 0.46875 0.161987 0.0179687 0.020752 0.705566
0 0.158105 0.162231 0.0166016 0.0202637 0.679199
0 0.905469 0.159058 0.021875 0.0185547 0.673828
0 0.119238 0.203857 0.0257812 0.0239258 0.663574
0 0.597656 0.187378 0.0210938 0.0224609 0.620605
0 0.770898 0.210083 0.0207031 0.0144043 0.583008
0 0.951563 0.247314 0.015625 0.0239258 0.552734
0 0.657422 0.700195 0.025 0.0810547 0.520508
0 0.927344 0.230225 0.0125 0.0151367 0.482422
0 0.77207 0.210327 0.0230469 0.0202637 0.459961
