0 0.630078 0.17627 0.0695312 0.0668945 0.96582
0 0.368164 0.0689697 0.0542969 0.0473633 0.952148
0 0.958594 0.0358276 0.059375 0.0528564 0.951172
0 0.0478394 0.0643921 0.0494385 0.0498047 0.943359
0 0.834375 0.0206299 0.0359375 0.0412598 0.905762
0 0.850781 0.303223 0.078125 0.0771484 0.902832
0 0.575391 0.177856 0.0523437 0.0493164 0.851562
0 0.289062 0.75 0.06875 0.0839844 0.849609
0 0.889063 0.127197 0.0734375 0.0649414 0.839355
0 0.903906 0.311279 0.0421875 0.0786133 0.773926
0 0.985156 0.64209 0.0296875 0.0927734 0.504883
0 0.409375 0.0583496 0.01875 0.0368652 0.458008
0 0.170361 0.492188 0.11084 0.116211 0.435059
