0 0.233594 0.220276 0.0242187 0.0213623 0.808105
0 0.33457 0.202026 0.0234375 0.0217285 0.790527
0 0.317187 0.180908 0.0253906 0.0224609 0.760742
0 0.29082 0.197388 0.021875 0.0195312 0.760742
0 0.194922 0.178711 0.0195312 0.0231934 0.747559
0 0.519922 0.222595 0.0226563 0.0152588 0.744629
0 0.712109 0.161377 0.0226563 0.0170898 0.73584
0 0.643359 0.278076 0.0335938 0.0253906 0.727051
0 0.445703 0.26709 0.0382813 0.0229492 0.660156
0 0.654297 0.163818 0.025 0.0219727 0.645996
0 0.262695 0.202148 0.0269531 0.0280762 0.625977
0 0.257617 0.159424 0.0109375 0.0153809 0.554688
0 0.714844 0.260742 0.0179687 0.0249023 0.548828
0 0.176904 0.894043 0.111035 0.0908203 0.536133
0 0.811719 0.217407 0.0234375 0.0187988 0.464844
