0 0.226758 0.683594 0.0300781 0.0253906 0.831055
0 0.596484 0.361084 0.015625 0.0185547 0.790527
0 0.636328 0.712402 0.0242187 0.0244141 0.710449
0 0.73125 0.769043 0.0203125 0.0390625 0.676758
0 0.178662 0.509277 0.0165039 0.0292969 0.649414
0 0.739844 0.921875 0.0203125 0.0634766 0.621582
0 0.170703 0.390625 0.0195312 0.019043 0.611328
0 0.569922 0.429443 0.009375 0.0214844 0.569824
0 0.638672 0.745117 0.0179687 0.0205078 0.565918
0 0.175586 0.319336 0.0101562 0.0146484 0.544922
0 0.559766 0.444092 0.0109375 0.0161133 0.537109
0 0.551953 0.205444 0.00703125 0.012207 0.498047
0 0.599609 0.589844 0.0125 0.0224609 0.498047
0 0.238867 0.0675659 0.0128906 0.0115967 0.466797
0 0.491016 0.206665 0.00625 0.0109863 0.445557
0 0.684375 0.776855 0.0234375 0.0292969 0.443604
