0 0.101367 0.14917 0.0603516 0.0559082 0.97168
0 0.642969 0.541992 0.1 0.0751953 0.875977
0 0.844531 0.0145264 0.0421875 0.0290527 0.82373
0 0.624219 0.0891418 0.0476562 0.0531616 0.794922
0 0.151758 0.150391 0.0423828 0.0397949 0.793945
0 0.306641 0.551758 0.0894531 0.0996094 0.733398
0 0.689062 0.113281 0.0226563 0.0441895 0.689453
0 0.317383 0.562012 0.0746094 0.0976562 0.639648
0 0.792188 0.77832 0.1 0.0761719 0.549805
0 0.875 0.0439453 0.03125 0.036377 0.544922
0 0.738672 0.295166 0.0898438 0.065918 0.542969
0 0.683984 0.213135 0.0390625 0.0673828 0.460938
