0 0.971094 0.0900269 0.05625 0.0540771 0.949707
0 0.510156 0.18103 0.0625 0.0646973 0.918945
0 0.741406 0.0601196 0.0492188 0.0435791 0.903809
0 0.667578 0.901367 0.0445312 0.114258 0.859375
0 0.601562 0.357422 0.0609375 0.0854492 0.844238
0 0.590625 0.212341 0.0257812 0.0528564 0.777832
0 0.597656 0.898926 0.119531 0.105469 0.72168
0 0.676172 0.4823 0.104687 0.0754395 0.70166
0 0.717969 0.494629 0.0648438 0.0693359 0.658203
0 0.128906 0.927002 0.108594 0.138184 0.603027
0 0.790625 0.106293 0.0265625 0.0413208 0.49707
