0 0.947656 0.44519 0.0234375 0.0334473 0.763672
0 0.255664 0.213867 0.0191406 0.0224609 0.678223
0 0.757031 0.522949 0.0171875 0.03125 0.675781
0 0.774219 0.300049 0.0171875 0.0214844 0.67334
0 0.8125 0.323975 0.0203125 0.0239258 0.664551
0 0.985156 0.477539 0.021875 0.0380859 0.654785
0 0.807031 0.348633 0.0203125 0.0336914 0.62793
0 0.678125 0.425049 0.0179687 0.0493164 0.62793
0 0.217773 0.253662 0.0132813 0.0200195 0.621582
0 0.230859 0.336426 0.0125 0.0317383 0.568848
0 0.721094 0.255615 0.0117188 0.0244141 0.561035
0 0.746875 0.277832 0.0203125 0.0234375 0.520508
0 0.628906 0.303711 0.0132813 0.0332031 0.513672
0 0.746484 0.282227 0.0242187 0.0356445 0.494141
0 0.343555 0.129883 0.00976562 0.0153809 0.450439
0 0.376172 0.127563 0.0101562 0.0244141 0.442627
0 0.322266 0.175537 0.0167969 0.0185547 0.407227
