0 0.305859 0.910645 0.0363281 0.0380859 0.803223
0 0.190039 0.848633 0.0402344 0.0332031 0.796875
0 0.138477 0.556641 0.0214844 0.0351562 0.741699
0 0.0277832 0.605957 0.0366211 0.0361328 0.72168
0 0.0215332 0.660645 0.0232422 0.0488281 0.705566
0 0.151758 0.512695 0.0207031 0.0390625 0.690918
0 0.118555 0.825195 0.0267578 0.0390625 0.679199
0 0.141309 0.768555 0.0259766 0.0302734 0.665527
0 0.0644531 0.556641 0.0226563 0.0273438 0.655762
0 0.0620117 0.601562 0.0195312 0.0380859 0.652344
0 0.213086 0.441895 0.0253906 0.0322266 0.640625
0 0.0708984 0.741699 0.0183594 0.0478516 0.604004
0 0.15332 0.676758 0.0117188 0.0263672 0.483398
0 0.208398 0.477051 0.0113281 0.0185547 0.452393
