0 0.454688 0.864746 0.0421875 0.0341797 0.751953
0 0.36875 0.418457 0.0234375 0.0439453 0.746094
0 0.354297 0.750488 0.0203125 0.0546875 0.680664
0 0.417188 0.452148 0.0226563 0.0322266 0.657715
0 0.365625 0.578613 0.025 0.0351562 0.649414
0 0.446094 0.442383 0.0195312 0.0341797 0.647949
0 0.372266 0.509277 0.01875 0.0302734 0.577637
0 0.479297 0.397217 0.0132813 0.0200195 0.559082
0 0.440625 0.396973 0.0109375 0.03125 0.526367
0 0.399219 0.503906 0.015625 0.03125 0.482422
0 0.430859 0.592773 0.0117188 0.0234375 0.475586
0 0.43125 0.500977 0.025 0.0400391 0.445557
0 0.532812 0.362061 0.0210938 0.0322266 0.413086
