0 0.403125 0.714355 0.0695312 0.0732422 0.878418
0 0.330859 0.496582 0.0664062 0.0478516 0.837402
0 0.532422 0.382812 0.0398437 0.03125 0.825684
0 0.168164 0.448242 0.0332031 0.0410156 0.819824
0 0.258398 0.400879 0.0316406 0.0366211 0.819824
0 0.789844 0.559082 0.0609375 0.0498047 0.810547
0 0.0551758 0.563477 0.0509766 0.0507812 0.808105
0 0.971875 0.685059 0.0546875 0.0810547 0.801758
0 0.632422 0.599609 0.0328125 0.0556641 0.800781
0 0.729688 0.368652 0.0382813 0.0288086 0.796875
0 0.306445 0.395996 0.0351562 0.0332031 0.791992
0 0.0536133 0.474121 0.0208984 0.0322266 0.779785
0 0.960156 0.481934 0.059375 0.0449219 0.769043
0 0.0830078 0.453979 0.0400391 0.0422363 0.766113
0 0.582422 0.454956 0.040625 0.0393066 0.763672
0 0.0175293 0.487793 0.0350586 0.0419922 0.756348
0 0.0185303 0.391113 0.0370605 0.0371094 0.751953
0 0.391797 0.453613 0.0375 0.0419922 0.743164
0 0.404297 0.508789 0.0171875 0.0410156 0.733887
0 0.177344 0.367432 0.0261719 0.0307617 0.730469
0 0.243359 0.361084 0.0296875 0.0258789 0.697754
0 0.255273 0.495117 0.0328125 0.0439453 0.694336
0 0.0779297 0.415039 0.0193359 0.0229492 0.689941
0 0.0216309 0.352539 0.0325195 0.0224609 0.672363
0 0.195703 0.423584 0.0242187 0.0273438 0.663574
0 0.817969 0.445435 0.04375 0.0358887 0.645996
0 0.281641 0.478027 0.0378906 0.0478516 0.637207
0 0.108594 0.375732 0.0294922 0.0258789 0.635254
0 0.200586 0.270264 0.0214844 0.0175781 0.634277
0 0.664844 0.442871 0.0609375 0.0429688 0.624512
0 0.901563 0.437012 0.0296875 0.0341797 0.620605
0 0.229883 0.441284 0.0386719 0.0412598 0.605957
0 0.589453 0.513672 0.0195312 0.0351562 0.603027
0 0.310547 0.338379 0.0269531 0.0234375 0.59375
0 0.264453 0.307861 0.0125 0.0200195 0.591797
0 0.705859 0.449585 0.0304688 0.0285645 0.565918
0 0.0832031 0.3479 0.0177734 0.0166016 0.555664
0 0.468359 0.241211 0.0109375 0.0175781 0.536133
0 0.789844 0.442993 0.021875 0.0300293 0.512695
0 0.00444336 0.629883 0.00888672 0.0205078 0.50293
0 0.803906 0.52002 0.0328125 0.0263672 0.480469
0 0.161133 0.40625 0.015625 0.0205078 0.476562
0 0.00483398 0.572266 0.00966797 0.0400391 0.42334
