0 0.0293945 0.960205 0.0587891 0.0795898 0.824219
0 0.519531 0.379395 0.046875 0.0429688 0.801758
0 0.0391357 0.17804 0.0268066 0.036499 0.786621
0 0.149902 0.180908 0.0251953 0.0341797 0.771973
0 0.752344 0.0198975 0.025 0.019043 0.705078
0 0.0645508 0.180298 0.0257812 0.0285645 0.680176
0 0.0409668 0.344238 0.0422852 0.0390625 0.677246
0 0.193164 0.0391846 0.0292969 0.019165 0.655762
0 0.199609 0.390625 0.03125 0.0698242 0.629883
0 0.901563 0.0239258 0.021875 0.0167236 0.619629
0 0.966406 0.0749512 0.0234375 0.0158691 0.553711
0 0.0904297 0.0106201 0.0162109 0.0163574 0.541992
0 0.711328 0.0223389 0.0164062 0.0159912 0.514648
0 0.537109 0.647461 0.0367187 0.0830078 0.492188
