0 0.732031 0.742188 0.0226563 0.0380859 0.795898
0 0.680078 0.667969 0.0210938 0.0390625 0.668945
0 0.502344 0.48291 0.0179687 0.0273438 0.657715
0 0.469141 0.451782 0.0226563 0.032959 0.577637
0 0.467578 0.44873 0.0164062 0.0263672 0.566895
0 0.512109 0.570801 0.0171875 0.0292969 0.553711
0 0.519141 0.507812 0.0109375 0.0253906 0.52832
0 0.564062 0.569336 0.0226563 0.0322266 0.496094
0 0.589063 0.599121 0.021875 0.0351562 0.494141
0 0.620703 0.612793 0.0242187 0.03125 0.476562
0 0.447266 0.580078 0.0101562 0.0234375 0.462891
0 0.583984 0.603516 0.0304688 0.0517578 0.437744
0 0.517187 0.646484 0.0125 0.0302734 0.435791
0 0.467578 0.584473 0.0117188 0.0283203 0.434082
