0 0.707422 0.452271 0.04375 0.0456543 0.863281
0 0.895312 0.551758 0.0546875 0.0976562 0.820801
0 0.733203 0.213135 0.0265625 0.0449219 0.792969
0 0.860156 0.223633 0.028125 0.0380859 0.753418
0 0.222266 0.201416 0.025 0.0444336 0.728027
0 0.541797 0.191895 0.0351562 0.0307617 0.713867
0 0.0107178 0.10022 0.0214355 0.0273438 0.700684
0 0.762695 0.213867 0.0277344 0.027832 0.653809
0 0.8125 0.0071106 0.01875 0.0142212 0.547852
0 0.153564 0.029541 0.0374023 0.0325928 0.470703
0 0.919531 0.0443726 0.025 0.0166016 0.434082
