0 0.594531 0.363037 0.0226563 0.0532227 0.777344
0 0.196094 0.558105 0.0445312 0.0449219 0.741699
0 0.817969 0.288086 0.021875 0.0429688 0.729492
0 0.491016 0.414551 0.0375 0.0419922 0.704102
0 0.782031 0.344238 0.0234375 0.0439453 0.692871
0 0.350781 0.612305 0.0257812 0.0644531 0.689453
0 0.557031 0.404297 0.0171875 0.0444336 0.65332
0 0.506641 0.37793 0.0210938 0.0532227 0.640625
0 0.460156 0.461792 0.0242187 0.0598145 0.633301
0 0.567187 0.455933 0.0257812 0.0568848 0.616699
0 0.346875 0.604492 0.0257812 0.0595703 0.577637
0 0.25293 0.58252 0.046875 0.0341797 0.565918
0 0.597266 0.869629 0.0117188 0.0234375 0.53418
0 0.61875 0.834473 0.00859375 0.0185547 0.485352
0 0.814844 0.28125 0.0171875 0.0307617 0.464844
0 0.680469 0.94043 0.009375 0.0175781 0.449463
0 0.615625 0.883301 0.009375 0.0136719 0.420654
0 0.4625 0.471191 0.0265625 0.0546875 0.401611
