0 0.60625 0.516602 0.0453125 0.0429688 0.817383
0 0.328516 0.514648 0.0445312 0.046875 0.796875
0 0.939844 0.689941 0.034375 0.0761719 0.78418
0 0.0172852 0.42041 0.0345703 0.0332031 0.775879
0 0.950781 0.367432 0.0328125 0.0283203 0.767578
0 0.612109 0.414795 0.0375 0.0307617 0.766113
0 0.667969 0.519043 0.0242187 0.0361328 0.751953
0 0.8625 0.940674 0.103125 0.0952148 0.710449
0 0.334766 0.451782 0.0238281 0.0300293 0.662109
0 0.573047 0.403564 0.0359375 0.0307617 0.65332
0 0.907812 0.40332 0.0265625 0.0249023 0.638672
0 0.950781 0.429565 0.0140625 0.0314941 0.580566
0 0.485156 0.426392 0.025 0.026123 0.567871
0 0.74375 0.328369 0.0109375 0.0195312 0.430176
0 0.988281 0.294434 0.0140625 0.0244141 0.42627
