0 0.555859 0.617188 0.0585938 0.0488281 0.932617
0 0.278125 0.681641 0.0492188 0.0498047 0.925781
0 0.484766 0.698242 0.078125 0.0625 0.901367
0 0.278125 0.566406 0.0359375 0.0380859 0.866211
0 0.796094 0.55127 0.0390625 0.0429688 0.855957
0 0.398047 0.504395 0.0484375 0.0380859 0.833496
0 0.828125 0.567383 0.0296875 0.0371094 0.813965
0 0.141309 0.601562 0.0171875 0.0390625 0.785156
0 0.0420654 0.544922 0.0293457 0.0371094 0.769043
0 0.71875 0.896973 0.0554687 0.0712891 0.760742
0 0.100684 0.464355 0.0363281 0.0302734 0.757812
0 0.921875 0.828613 0.025 0.0585938 0.73584
0 0.498437 0.493164 0.0273438 0.0292969 0.70752
0 0.896094 0.498535 0.0421875 0.0439453 0.684082
0 0.588281 0.321533 0.0289063 0.0214844 0.678223
0 0.751562 0.414062 0.0171875 0.0356445 0.675781
0 0.48125 0.343994 0.0234375 0.0219727 0.59375
0 0.744141 0.586914 0.0414063 0.0419922 0.586914
0 0.732422 0.584961 0.0382813 0.0458984 0.581543
0 0.711719 0.312012 0.0132813 0.0170898 0.510742
0 0.30332 0.371338 0.0175781 0.0170898 0.501953
0 0.135742 0.354248 0.0158203 0.0214844 0.485352
0 0.726562 0.888672 0.0445312 0.0761719 0.451416
0 0.910156 0.279541 0.0109375 0.0200195 0.442627
0 0.74707 0.587891 0.0261719 0.0341797 0.439697
0 0.746484 0.283447 0.0179687 0.0170898 0.436768
