0 0.368359 0.429932 0.0226563 0.019043 0.693359
0 0.418359 0.448242 0.0179687 0.0214844 0.614258
0 0.290234 0.10437 0.0140625 0.0219727 0.524414
0 0.171484 0.3125 0.0171875 0.0200195 0.524414
0 0.415234 0.34668 0.0125 0.0151367 0.491211
0 0.20918 0.199219 0.0125 0.0170898 0.483398
0 0.380469 0.0396118 0.01875 0.0150146 0.451416
0 0.439063 0.236816 0.009375 0.0185547 0.431152
0 0.41875 0.476074 0.009375 0.0185547 0.420654
0 0.185352 0.249023 0.0121094 0.019043 0.40918
0 0.358594 0.401611 0.0117188 0.0180664 0.40918
