0 0.629297 0.410156 0.0210938 0.0185547 0.681641
0 0.427734 0.277344 0.0148437 0.0161133 0.625
0 0.467578 0.163208 0.0109375 0.0185547 0.599121
0 0.682813 0.432739 0.0164062 0.0231934 0.589844
0 0.442187 0.213379 0.0101562 0.0175781 0.538086
0 0.551172 0.0672913 0.0140625 0.0221558 0.515625
0 0.665625 0.325195 0.0148437 0.012207 0.478516
0 0.492188 0.134033 0.009375 0.0151367 0.467773
0 0.699609 0.21167 0.0078125 0.0166016 0.453369
0 0.623438 0.375732 0.0125 0.019043 0.424316
0 0.68125 0.462891 0.009375 0.015625 0.408203
0 0.645312 0.317627 0.0195312 0.0375977 0.403564
