0 0.43125 0.66748 0.0890625 0.0732422 0.813965
0 0.530469 0.183228 0.021875 0.026123 0.734863
0 0.503125 0.199707 0.0210938 0.0200195 0.725586
0 0.119043 0.205566 0.0261719 0.0268555 0.704102
0 0.469141 0.160889 0.015625 0.0202637 0.662598
0 0.557031 0.181458 0.0179687 0.0174561 0.65918
0 0.879687 0.261963 0.0296875 0.0180664 0.564941
0 0.158984 0.161499 0.0136719 0.0205078 0.553711
0 0.772656 0.209229 0.0203125 0.019043 0.53418
0 0.696875 0.245361 0.03125 0.0224609 0.527344
0 0.583203 0.166992 0.0171875 0.0200195 0.520508
0 0.6 0.185547 0.0164062 0.0175781 0.491211
0 0.950781 0.246826 0.0125 0.0209961 0.481445
0 0.425 0.776855 0.05625 0.132812 0.460938
