0 0.366797 0.0675049 0.0523437 0.043457 0.895508
0 0.628516 0.178833 0.0679687 0.0646973 0.890137
0 0.959375 0.0339966 0.059375 0.0455322 0.88623
0 0.573047 0.177795 0.0453125 0.043335 0.877441
0 0.834375 0.0200806 0.0375 0.0401611 0.804199
0 0.0452637 0.0657959 0.046582 0.0444336 0.788086
0 0.846094 0.305176 0.078125 0.0703125 0.775879
0 0.159961 0.501953 0.0925781 0.103516 0.740234
0 0.885938 0.126953 0.0703125 0.0556641 0.72168
0 0.288867 0.759277 0.0675781 0.0683594 0.662109
0 0.903125 0.310547 0.046875 0.0742188 0.616699
0 0.985937 0.643555 0.028125 0.104492 0.464844
0 0.409375 0.059845 0.0148437 0.027771 0.421631
