0 0.290625 0.197266 0.0199219 0.019043 0.737793
0 0.317773 0.180603 0.0246094 0.0211182 0.70166
0 0.262891 0.20166 0.0265625 0.0253906 0.661133
0 0.23457 0.221436 0.0210938 0.0214844 0.65332
0 0.196094 0.176941 0.01875 0.0220947 0.648926
0 0.448438 0.266602 0.0375 0.0239258 0.565918
0 0.7125 0.161865 0.0210938 0.0175781 0.547852
0 0.8125 0.217773 0.025 0.0209961 0.53418
0 0.336133 0.201416 0.0199219 0.0175781 0.463867
0 0.509766 0.990723 0.0117188 0.0185547 0.462891
0 0.162305 0.893799 0.121484 0.0932617 0.443604
0 0.258008 0.158936 0.0101562 0.015625 0.44165
0 0.520312 0.222656 0.0203125 0.0146484 0.435791
0 0.714063 0.259521 0.0132813 0.0224609 0.433105
