0 0.227148 0.682617 0.0320312 0.0253906 0.743164
0 0.684375 0.781738 0.0242187 0.0361328 0.684082
0 0.178516 0.508789 0.0152344 0.0292969 0.664551
0 0.638672 0.713379 0.0320312 0.0371094 0.651367
0 0.739844 0.920898 0.01875 0.0546875 0.638672
0 0.730859 0.769043 0.0210938 0.0361328 0.569824
0 0.175195 0.320068 0.0101562 0.019043 0.561035
0 0.599219 0.59082 0.0117188 0.0253906 0.555664
0 0.703906 0.765625 0.0125 0.0214844 0.553711
0 0.707031 0.765625 0.0132813 0.0234375 0.513672
0 0.168359 0.392578 0.0226563 0.0253906 0.504883
0 0.491406 0.206543 0.00859375 0.015625 0.448486
0 0.240039 0.0676575 0.0152344 0.0128784 0.44458
0 0.598437 0.361328 0.015625 0.0209961 0.430176
0 0.551562 0.206543 0.00859375 0.0175781 0.419678
0 0.569141 0.429321 0.0109375 0.0270996 0.413086
0 0.538672 0.169861 0.0117188 0.0362549 0.403564
