0 0.623828 0.0914307 0.0484375 0.0515137 0.850098
0 0.100586 0.153198 0.0556641 0.052002 0.847168
0 0.15376 0.148804 0.0366211 0.0344238 0.799316
0 0.644141 0.536133 0.0929687 0.0751953 0.779785
0 0.846094 0.0152588 0.0453125 0.0305176 0.774414
0 0.682031 0.21698 0.0390625 0.06604 0.746094
0 0.742969 0.297607 0.0921875 0.0771484 0.679199
0 0.305859 0.553223 0.0828125 0.103516 0.647949
0 0.689453 0.114014 0.0226563 0.0444336 0.609375
0 0.878906 0.0435791 0.028125 0.0341797 0.549805
0 0.874219 0.0457764 0.0296875 0.0383301 0.53125
