0 0.946094 0.445801 0.021875 0.0292969 0.725098
0 0.755469 0.522949 0.0171875 0.0283203 0.65332
0 0.746484 0.276123 0.0210938 0.0249023 0.62793
0 0.255859 0.21405 0.0167969 0.022583 0.605957
0 0.217187 0.253906 0.0144531 0.0175781 0.605957
0 0.803906 0.346436 0.0203125 0.0336914 0.603027
0 0.809375 0.320801 0.021875 0.0263672 0.59375
0 0.984375 0.475098 0.021875 0.03125 0.560059
0 0.719922 0.255859 0.0132813 0.0200195 0.558105
0 0.776563 0.300049 0.0140625 0.0175781 0.538086
0 0.322266 0.175537 0.0128906 0.0151367 0.467773
0 0.230859 0.337891 0.0117188 0.0292969 0.467773
0 0.344531 0.130005 0.0105469 0.0148926 0.455078
0 0.747656 0.280518 0.021875 0.0361328 0.438721
0 0.628906 0.304932 0.0117188 0.0302734 0.410156
