0 0.141309 0.768555 0.0232422 0.0273438 0.78125
0 0.0294434 0.606445 0.0386719 0.0371094 0.759766
0 0.214453 0.440674 0.0246094 0.027832 0.748535
0 0.305859 0.910645 0.0332031 0.0361328 0.733398
0 0.13877 0.558105 0.0214844 0.0332031 0.698242
0 0.117285 0.824219 0.0244141 0.0351562 0.698242
0 0.0645508 0.556641 0.0220703 0.0283203 0.686035
0 0.188281 0.847656 0.0390625 0.03125 0.665527
0 0.152246 0.513184 0.0195312 0.0361328 0.633301
0 0.153516 0.67627 0.0138672 0.0205078 0.556641
0 0.023877 0.65918 0.022168 0.0410156 0.42627
0 0.0632324 0.600586 0.0161133 0.0292969 0.413086
0 0.0680176 0.690918 0.0139648 0.0322266 0.412109
