0 0.372656 0.509766 0.0195312 0.0302734 0.709961
0 0.364844 0.576172 0.0234375 0.0341797 0.695801
0 0.454297 0.864746 0.0382813 0.03125 0.676758
0 0.37002 0.420166 0.0232422 0.0419922 0.673828
0 0.416016 0.451416 0.0242187 0.03125 0.663574
0 0.444531 0.442383 0.01875 0.0307617 0.615234
0 0.43125 0.50293 0.0210938 0.0371094 0.583984
0 0.491016 0.36084 0.015625 0.0361328 0.530273
0 0.478906 0.396729 0.0140625 0.0166016 0.489258
0 0.354883 0.754395 0.01875 0.0488281 0.488281
0 0.4 0.505859 0.015625 0.0244141 0.454346
0 0.43125 0.592285 0.0132813 0.0205078 0.42627
0 0.441406 0.396729 0.0117188 0.0317383 0.411133
