0 0.530469 0.381836 0.0382813 0.0273438 0.809082
0 0.96875 0.682617 0.059375 0.0751953 0.786133
0 0.177539 0.366211 0.0234375 0.0249023 0.78125
0 0.728516 0.369629 0.0375 0.0307617 0.779297
0 0.393066 0.453369 0.0373047 0.043457 0.773438
0 0.960156 0.481934 0.059375 0.0419922 0.772461
0 0.166699 0.447998 0.0318359 0.0375977 0.771973
0 0.306055 0.395508 0.0359375 0.0327148 0.770996
0 0.257227 0.399902 0.03125 0.0336914 0.767578
0 0.0217773 0.352783 0.0324219 0.0234375 0.759766
0 0.30918 0.336914 0.0234375 0.0244141 0.756348
0 0.401953 0.711914 0.0742188 0.0742188 0.748535
0 0.109961 0.374023 0.0324219 0.0249023 0.744629
0 0.582031 0.455322 0.0398437 0.0395508 0.740234
0 0.281641 0.474243 0.0398437 0.0437012 0.740234
0 0.0184082 0.389893 0.0368164 0.0351562 0.739258
0 0.0534668 0.563477 0.0557617 0.0537109 0.737305
0 0.244922 0.360596 0.0296875 0.0307617 0.730469
0 0.201562 0.270264 0.0203125 0.0185547 0.724121
0 0.817187 0.444824 0.046875 0.0380859 0.721191
0 0.0786133 0.414062 0.0193359 0.0239258 0.712402
0 0.229297 0.440674 0.0355469 0.0400391 0.708008
0 0.0830078 0.453003 0.0375 0.0412598 0.702637
0 0.0826172 0.348633 0.0189453 0.0185547 0.688477
0 0.903906 0.436035 0.028125 0.0380859 0.6875
0 0.803125 0.518555 0.03125 0.0263672 0.677246
0 0.705469 0.450439 0.03125 0.027832 0.673828
0 0.194336 0.425049 0.0265625 0.0273438 0.64502
0 0.0201416 0.482422 0.0402832 0.0644531 0.641602
0 0.632422 0.600098 0.0296875 0.0576172 0.625
0 0.335352 0.495605 0.0707031 0.0566406 0.623535
0 0.264648 0.308105 0.0152344 0.0205078 0.616699
0 0.467969 0.240234 0.0125 0.0161133 0.614258
0 0.589453 0.512695 0.0179687 0.0273438 0.600098
0 0.790625 0.558594 0.0609375 0.0527344 0.595703
0 0.664844 0.44165 0.0671875 0.050293 0.592773
0 0.404687 0.506348 0.015625 0.0429688 0.583008
0 0.255273 0.494141 0.0292969 0.0449219 0.563965
0 0.0548828 0.473267 0.0183594 0.0280762 0.522461
0 0.122363 0.282471 0.0166016 0.0161133 0.510742
0 0.00480957 0.630371 0.00961914 0.0185547 0.476562
0 0.0246094 0.453857 0.0313477 0.0239258 0.46875
0 0.247852 0.256592 0.0121094 0.0136719 0.452393
0 0.163379 0.406494 0.0195312 0.0219727 0.44165
0 0.272266 0.264893 0.0113281 0.012207 0.434082
0 0.939844 0.219238 0.0125 0.0107422 0.414062
