0 0.149805 0.179932 0.0259766 0.0288086 0.790039
0 0.0410156 0.343262 0.0425781 0.0375977 0.71875
0 0.753125 0.0184937 0.021875 0.0177612 0.705078
0 0.517969 0.379639 0.0476562 0.0463867 0.693359
0 0.0292725 0.960693 0.0585449 0.0786133 0.639648
0 0.0913086 0.00958252 0.0181641 0.0178223 0.638672
0 0.0551025 0.180176 0.044873 0.0327148 0.612305
0 0.535156 0.652344 0.0414063 0.0791016 0.59082
0 0.197656 0.388916 0.0347656 0.0698242 0.562012
0 0.194336 0.0388031 0.0296875 0.0151672 0.555664
0 0.964844 0.0736084 0.028125 0.0170898 0.541992
0 0.901563 0.0231323 0.021875 0.0144653 0.504883
0 0.0624512 0.180054 0.0245117 0.0270996 0.460938
0 0.046228 0.179443 0.0438721 0.043457 0.452393
0 0.195312 0.962891 0.0296875 0.0234375 0.40918
