0 0.730469 0.741699 0.0226563 0.0341797 0.734863
0 0.563672 0.568359 0.021875 0.0263672 0.722656
0 0.465625 0.448242 0.0195312 0.0258789 0.637695
0 0.679297 0.666992 0.01875 0.0332031 0.612305
0 0.512891 0.571289 0.015625 0.0263672 0.588867
0 0.502344 0.481445 0.0171875 0.0253906 0.583984
0 0.621875 0.612305 0.0226563 0.0302734 0.565918
0 0.577734 0.627441 0.0195312 0.0371094 0.548828
0 0.446484 0.580078 0.0109375 0.0205078 0.527344
0 0.466406 0.585449 0.0125 0.0332031 0.5
0 0.519141 0.505859 0.0109375 0.0273438 0.488281
0 0.510938 0.569336 0.0242187 0.0322266 0.458008
