0 0.708203 0.45105 0.0414063 0.0422363 0.828613
0 0.541016 0.193115 0.0375 0.0361328 0.770508
0 0.010376 0.10022 0.020752 0.0234375 0.75293
0 0.222461 0.202332 0.0222656 0.0426025 0.737793
0 0.859375 0.222473 0.025 0.0330811 0.733398
0 0.757227 0.213928 0.0371094 0.0306396 0.680176
0 0.735547 0.212402 0.0304688 0.0439453 0.660156
0 0.814844 0.00637817 0.0171875 0.0127563 0.587891
0 0.738672 0.211365 0.046875 0.0450439 0.578613
0 0.10332 0.101685 0.0144531 0.0212402 0.575684
0 0.921875 0.0444336 0.0359375 0.0183105 0.559082
0 0.896875 0.550293 0.05625 0.0830078 0.547852
0 0.15293 0.0289307 0.0357422 0.0323486 0.480469
