0 0.194531 0.555664 0.0421875 0.0371094 0.80127
0 0.780273 0.345947 0.0238281 0.0395508 0.647949
0 0.488281 0.416992 0.03125 0.0371094 0.630859
0 0.253516 0.582031 0.0402344 0.0341797 0.625977
0 0.59375 0.363525 0.0203125 0.0444336 0.564941
0 0.556641 0.404053 0.0179687 0.046875 0.53125
0 0.505859 0.378662 0.0203125 0.0517578 0.527344
0 0.597266 0.870117 0.0132813 0.0253906 0.5
0 0.619531 0.833984 0.00859375 0.0146484 0.472656
0 0.816406 0.287109 0.021875 0.0429688 0.440674
0 0.459375 0.464233 0.0242187 0.0666504 0.421631
0 0.68125 0.94043 0.00859375 0.0146484 0.418701
