0 0.951563 0.367432 0.03125 0.0268555 0.796387
0 0.573828 0.404297 0.0351562 0.0302734 0.792969
0 0.0173218 0.421143 0.0333252 0.0332031 0.782715
0 0.907812 0.404053 0.0265625 0.0249023 0.760742
0 0.605859 0.518066 0.04375 0.0478516 0.73584
0 0.6125 0.415771 0.0390625 0.0336914 0.731934
0 0.485938 0.425537 0.0226563 0.0244141 0.727051
0 0.33457 0.450684 0.0238281 0.0297852 0.692871
0 0.667969 0.52002 0.0226563 0.0371094 0.685059
0 0.327734 0.515625 0.0472656 0.0507812 0.601074
0 0.950781 0.429688 0.0140625 0.0263672 0.578613
0 0.869531 0.925781 0.096875 0.0849609 0.554688
0 0.9375 0.693359 0.0375 0.0791016 0.543945
0 0.744531 0.327637 0.0109375 0.0166016 0.454346
0 0.846875 0.944824 0.0890625 0.0908203 0.433105
