0 0.896875 0.496582 0.0453125 0.0478516 0.808105
0 0.0431152 0.54541 0.0280273 0.0371094 0.790527
0 0.499219 0.494141 0.0289063 0.0292969 0.790039
0 0.553516 0.615723 0.0617188 0.0498047 0.78125
0 0.588672 0.321777 0.0289063 0.0253906 0.777344
0 0.100977 0.465332 0.0378906 0.0332031 0.769043
0 0.478906 0.342529 0.025 0.0205078 0.762695
0 0.396777 0.504395 0.0494141 0.0410156 0.745605
0 0.276563 0.566406 0.0375 0.0410156 0.721191
0 0.751172 0.41333 0.01875 0.0366211 0.720215
0 0.736328 0.582031 0.053125 0.0537109 0.719238
0 0.796875 0.552246 0.0421875 0.0478516 0.651367
0 0.745313 0.282227 0.01875 0.0175781 0.633301
0 0.276953 0.683105 0.0546875 0.0566406 0.595703
0 0.684375 0.314697 0.0140625 0.0175781 0.592773
0 0.717578 0.896484 0.0570313 0.0693359 0.586914
0 0.482812 0.698242 0.0804688 0.0644531 0.57666
0 0.301562 0.370605 0.021875 0.015625 0.559082
0 0.141504 0.599609 0.0169922 0.0410156 0.538086
0 0.634375 0.297607 0.0132813 0.019043 0.525391
0 0.910156 0.279053 0.0140625 0.0214844 0.515625
0 0.134766 0.354736 0.0146484 0.0224609 0.508789
0 0.826563 0.567383 0.0328125 0.0400391 0.489258
0 0.921875 0.827148 0.0234375 0.0537109 0.46875
0 0.7125 0.310791 0.0148437 0.0141602 0.44458
