0 0.368359 0.429199 0.0234375 0.0180664 0.679199
0 0.419141 0.448242 0.01875 0.0249023 0.655762
0 0.170557 0.311523 0.0178711 0.0161133 0.637207
0 0.415234 0.347412 0.0140625 0.015625 0.542969
0 0.290625 0.104614 0.0164062 0.0214844 0.501953
0 0.358789 0.401611 0.0140625 0.0234375 0.499023
0 0.208984 0.199463 0.0132813 0.0148926 0.467773
0 0.184766 0.249268 0.0121094 0.0161133 0.466797
0 0.385938 0.335449 0.0171875 0.0273438 0.456055
0 0.390234 0.349365 0.0179687 0.0151367 0.455078
0 0.233984 0.170288 0.0121094 0.015625 0.452393
0 0.362109 0.0418091 0.0121094 0.0102539 0.443604
0 0.419922 0.475098 0.009375 0.015625 0.421631
0 0.439453 0.236328 0.009375 0.0126953 0.417725
0 0.37998 0.0394287 0.0158203 0.0125732 0.400635
