0 0.628906 0.40918 0.0210938 0.019043 0.709961
0 0.682422 0.431885 0.0179687 0.0258789 0.63623
0 0.428516 0.276611 0.0164062 0.0161133 0.608398
0 0.467578 0.162109 0.0125 0.0161133 0.592773
0 0.551953 0.0667725 0.015625 0.0151367 0.563965
0 0.623047 0.375732 0.0148437 0.0205078 0.515625
0 0.700391 0.212158 0.00859375 0.0129395 0.498047
0 0.690234 0.227783 0.0078125 0.0161133 0.454346
0 0.444141 0.213562 0.009375 0.0152588 0.450439
0 0.494141 0.133423 0.00859375 0.0124512 0.430176
0 0.682813 0.462036 0.009375 0.0153809 0.42334
