0 0.118945 0.203857 0.0261719 0.0285645 0.784668
0 0.582422 0.166748 0.0210938 0.0200195 0.730469
0 0.530859 0.182739 0.0210938 0.0227051 0.703125
0 0.878906 0.262207 0.03125 0.0249023 0.696777
0 0.467969 0.161133 0.0179687 0.0212402 0.681641
0 0.697266 0.244873 0.0304688 0.0200195 0.680176
0 0.158203 0.161255 0.0166016 0.0209961 0.665527
0 0.503125 0.198853 0.0195312 0.0202637 0.663574
0 0.555859 0.180908 0.01875 0.0205078 0.639648
0 0.43125 0.670898 0.0804688 0.0800781 0.553711
0 0.77168 0.209351 0.0175781 0.0148926 0.537109
0 0.117285 0.963867 0.0958984 0.0722656 0.487305
0 0.595703 0.185913 0.0234375 0.0212402 0.473633
0 0.528516 0.145386 0.0101562 0.0144043 0.415771
