0 0.365918 0.0671997 0.0556641 0.0438232 0.800781
0 0.626172 0.174805 0.0648438 0.0576172 0.792969
0 0.957031 0.0336914 0.0609375 0.0463867 0.78125
0 0.0437988 0.0635986 0.0383789 0.0445557 0.762207
0 0.572266 0.177979 0.0445312 0.0471191 0.748535
0 0.835156 0.0216064 0.0390625 0.0432129 0.696777
0 0.84375 0.302979 0.0734375 0.0644531 0.691895
0 0.885938 0.126465 0.06875 0.0522461 0.598145
0 0.903906 0.306885 0.0421875 0.0742188 0.588867
0 0.286328 0.754395 0.0703125 0.0771484 0.479492
0 0.155469 0.493652 0.0890625 0.0761719 0.466797
0 0.409375 0.0583496 0.0171875 0.0273438 0.415771
