0 0.233398 0.220215 0.0214844 0.0219727 0.726562
0 0.642578 0.278809 0.0304688 0.0224609 0.71875
0 0.194727 0.177124 0.0191406 0.0222168 0.712891
0 0.317383 0.179932 0.0234375 0.0195312 0.666992
0 0.261914 0.199219 0.0230469 0.0236816 0.660156
0 0.446484 0.266846 0.034375 0.0214844 0.626953
0 0.289844 0.196289 0.0203125 0.0197754 0.625977
0 0.713281 0.161621 0.021875 0.0158691 0.556641
0 0.811719 0.216431 0.0234375 0.0192871 0.554688
0 0.520312 0.2229 0.0195312 0.0151367 0.529297
0 0.332227 0.199829 0.0257812 0.0202637 0.525391
0 0.264453 0.202148 0.0226563 0.0258789 0.492188
0 0.18125 0.891602 0.0984375 0.0820312 0.462891
0 0.653125 0.162476 0.0195312 0.0166016 0.451416
0 0.258203 0.158691 0.0117188 0.0166016 0.438721
