0 0.167676 0.39209 0.0228516 0.0209961 0.755859
0 0.227344 0.683594 0.0308594 0.0283203 0.73584
0 0.178467 0.509766 0.0161133 0.0302734 0.687012
0 0.596484 0.360596 0.0164062 0.0185547 0.633301
0 0.175635 0.319092 0.0120117 0.0175781 0.621582
0 0.598828 0.589844 0.0117188 0.0234375 0.537109
0 0.636328 0.712891 0.0304688 0.0341797 0.530273
0 0.685156 0.77832 0.025 0.0341797 0.519531
0 0.24043 0.0670776 0.015625 0.0129395 0.515625
0 0.703125 0.766113 0.0171875 0.0253906 0.514648
0 0.561328 0.445801 0.0125 0.0151367 0.49707
0 0.688672 0.784668 0.0242187 0.0302734 0.474609
0 0.730859 0.769531 0.01875 0.0361328 0.47168
0 0.491406 0.206299 0.0078125 0.0131836 0.439697
0 0.24043 0.155762 0.0105469 0.0102539 0.435059
0 0.251758 0.0650635 0.0121094 0.0108643 0.433105
