0 0.273438 0.0412598 0.025 0.0212402 0.691895
0 0.28125 0.145386 0.0191406 0.0441895 0.665527
0 0.244727 0.0414429 0.0160156 0.0186768 0.606934
0 0.691016 0.266846 0.01875 0.0498047 0.541016
0 0.655469 0.195374 0.009375 0.0267334 0.536133
0 0.660156 0.158325 0.009375 0.0236816 0.430176
0 0.622656 0.298096 0.0109375 0.0219727 0.367432
0 0.600391 0.597168 0.0164062 0.0410156 0.357666
0 0.283984 0.140137 0.0152344 0.0356445 0.335449
0 0.598828 0.590332 0.0101562 0.0322266 0.284668
0 0.333398 0.0175171 0.0230469 0.0186768 0.281494
0 0.598437 0.592285 0.0140625 0.0351562 0.255371
0 0.337305 0.0137939 0.0175781 0.0168457 0.212036
0 0.676562 0.348145 0.00703125 0.0151367 0.195557
0 0.636328 0.269287 0.00859375 0.0249023 0.190063
0 0.332422 0.015686 0.028125 0.0247803 0.184814
0 0.655078 0.196594 0.015625 0.0306396 0.178955
0 0.621484 0.297852 0.0171875 0.0239258 0.176636
0 0.658203 0.158569 0.015625 0.0246582 0.172119
0 0.635156 0.265137 0.009375 0.019043 0.162354
0 0.635547 0.268555 0.015625 0.0292969 0.154053
0 0.283984 0.135376 0.0140625 0.0234375 0.139404
0 0.623438 0.293701 0.0109375 0.0185547 0.138916
0 0.242969 0.0428467 0.021875 0.0205078 0.137573
0 0.660937 0.369141 0.0101562 0.0175781 0.134277
0 0.637109 0.265625 0.00859375 0.0219727 0.111633
0 0.270117 0.0444946 0.0242187 0.0201416 0.107422
0 0.280859 0.151611 0.0167969 0.0361328 0.0878906
0 0.688672 0.262451 0.0171875 0.0371094 0.0775146
0 0.642578 0.742676 0.0078125 0.0136719 0.0663452
0 0.660156 0.371338 0.0132813 0.0268555 0.0514526
0 0.247852 0.0405273 0.0230469 0.0275879 0.0450134
0 0.285352 0.14563 0.0171875 0.0358887 0.0413208
0 0.285352 0.143921 0.0207031 0.0461426 0.0401001
0 0.692578 0.2771 0.0132813 0.0332031 0.0348816
0 0.658984 0.156494 0.0109375 0.0148926 0.0328369
0 0.662109 0.368896 0.015625 0.0263672 0.0313721
0 0.676953 0.349854 0.0101562 0.0219727 0.0304413
0 0.625 0.293701 0.0179687 0.0263672 0.0296478
0 0.658594 0.375488 0.00859375 0.0219727 0.0290833
0 0.324805 0.0166626 0.0125 0.015625 0.0272675
0 0.337402 0.0141602 0.0259766 0.0209961 0.0250854
0 0.598437 0.59375 0.01875 0.0517578 0.0247955
0 0.636719 0.265381 0.0125 0.0244141 0.0237732
0 0.658984 0.370117 0.01875 0.03125 0.0230713
0 0.635156 0.265381 0.0203125 0.0332031 0.0207977
0 0.691406 0.253906 0.0117188 0.0175781 0.0190887
0 0.692578 0.276855 0.0210938 0.0375977 0.0182648
0 0.477344 0.913574 0.00859375 0.0117188 0.0177155
0 0.657812 0.374756 0.0117188 0.0302734 0.0175171
0 0.622656 0.723145 0.009375 0.0146484 0.0160217
0 0.535156 0.565918 0.009375 0.0166016 0.0148392
0 0.285742 0.145508 0.0300781 0.0495605 0.0129242
0 0.325195 0.0175781 0.015625 0.0195312 0.0127258
0 0.677344 0.350098 0.01875 0.0229492 0.0123367
0 0.277148 0.149414 0.0210938 0.046875 0.011734
0 0.662891 0.368896 0.0203125 0.0322266 0.01017
0 0.642969 0.743164 0.0132813 0.0214844 0.0100937
0 0.657031 0.374756 0.0203125 0.034668 0.0091629
0 0.245312 0.0373535 0.0144531 0.0168457 0.00908661
0 0.625 0.293213 0.025 0.0356445 0.00888062
0 0.275586 0.0445557 0.0175781 0.0192871 0.0088501
0 0.623047 0.298584 0.0226563 0.0302734 0.00837708
0 0.278125 0.151001 0.0144531 0.0300293 0.00806427
0 0.659766 0.197754 0.0125 0.015625 0.00634003
0 0.628516 0.726074 0.009375 0.0117188 0.00634003
0 0.275781 0.0435791 0.0335938 0.0305176 0.00600433
0 0.476172 0.991211 0.00859375 0.0117188 0.00568771
0 0.540625 0.560059 0.0117188 0.0136719 0.00551224
0 0.641797 0.742188 0.0195312 0.0205078 0.0053215
0 0.535156 0.566406 0.0164062 0.0244141 0.00530243
0 0.658594 0.184875 0.00703125 0.0272217 0.00486755
0 0.698438 0.274414 0.015625 0.0229492 0.00479126
0 0.24043 0.0414429 0.021875 0.0323486 0.00469971
0 0.622656 0.723633 0.015625 0.0214844 0.00460815
0 0.692969 0.254395 0.0171875 0.0288086 0.00403976
0 0.271094 0.0369263 0.0160156 0.0130615 0.00374985
0 0.60625 0.651367 0.00703125 0.0136719 0.00348282
0 0.533984 0.56543 0.0257812 0.0263672 0.00312424
0 0.661328 0.155151 0.015625 0.0246582 0.00309944
0 0.651563 0.197754 0.0179687 0.043457 0.00309944
0 0.621484 0.723145 0.0257812 0.0224609 0.00300407
0 0.265039 0.369141 0.00898437 0.0131836 0.00293541
0 0.602734 0.606934 0.009375 0.0205078 0.00276756
0 0.675 0.352783 0.0109375 0.0185547 0.0026722
0 0.663281 0.375732 0.009375 0.0170898 0.00256157
0 0.478516 0.914062 0.0132813 0.0205078 0.00250244
0 0.657422 0.182373 0.0164062 0.0415039 0.0024929
0 0.244531 0.0366211 0.0242187 0.03125 0.0024147
0 0.691406 0.252441 0.0304688 0.0375977 0.00228691
0 0.699609 0.261719 0.0148437 0.0195312 0.00225258
0 0.998828 0.0448608 0.00234375 0.0897217 0.00221634
0 0.698828 0.271973 0.0242187 0.046875 0.00194168
0 0.283789 0.12854 0.00898437 0.0129395 0.00191212
0 0.598828 0.609375 0.009375 0.0244141 0.00190449
0 0.243164 0.118408 0.0078125 0.0119629 0.00168705
0 0.603516 0.60498 0.0164062 0.0351562 0.00168705
0 0.275781 0.157104 0.00820312 0.0180664 0.00150108
0 0.650391 0.19574 0.0273438 0.0372314 0.00149536
0 1 0.984375 0 0.0175781 0.0014782
0 0.541016 0.566895 0.0109375 0.0146484 0.00146103
0 0.598437 0.581055 0.00703125 0.0136719 0.00145531
0 0.256836 0.0482788 0.0125 0.0128174 0.00144958
0 0.660937 0.196777 0.0179687 0.0366211 0.00138283
0 1 0.954346 0 0.0913086 0.00138283
0 0.477344 0.913086 0.0226563 0.0234375 0.00136185
0 0.473437 0.913086 0.0117188 0.015625 0.00133514
0 0.616016 0.601562 0.0125 0.0166016 0.00123024
0 0.630078 0.727051 0.0195312 0.0253906 0.0012064
0 0.608203 0.660645 0.0078125 0.015625 0.00119686
0 0.535937 0.557617 0.00859375 0.0175781 0.00117874
0 0.999609 0.0390015 0.00078125 0.0523682 0.0011692
0 0.532031 0.54248 0.00859375 0.015625 0.00115585
0 0.669141 0.76123 0.00859375 0.0126953 0.00115585
0 0.671875 0.35083 0.0210938 0.0395508 0.00115585
0 0.542188 0.559082 0.01875 0.0283203 0.0011425
0 0.645703 0.752441 0.00859375 0.015625 0.00112438
0 0.00395508 0.0567017 0.00791016 0.113403 0.0011158
0 0.657422 0.181274 0.028125 0.0593262 0.00108147
0 0.660937 0.155396 0.0296875 0.0322266 0.00107288
0 0.603125 0.60498 0.0273438 0.0371094 0.00103664
0 1 0.0247803 0 0.0413818 0.00102806
