0 0.375781 0.879883 0.0765625 0.0644531 0.804199
0 0.342383 0.457031 0.0191406 0.0332031 0.733887
0 0.422656 0.346436 0.0117188 0.019043 0.44165
0 0.423047 0.34668 0.015625 0.0219727 0.282227
0 0.557813 0.034729 0.0460938 0.0631104 0.181274
0 0.371582 0.873535 0.0568359 0.0595703 0.176636
0 0.129785 0.0110779 0.00917969 0.0221558 0.13208
0 0.0682617 0.0137939 0.00996094 0.0126953 0.104858
0 0.193164 0.00921631 0.009375 0.0172119 0.101257
0 0.154883 0.988281 0.00898437 0.0136719 0.0994873
0 0.995313 0.200012 0.0078125 0.0267334 0.0930176
0 0.980469 0.0405273 0.0390625 0.0810547 0.0891113
0 0.808594 0.896973 0.0109375 0.0136719 0.0778198
0 0.98125 0.0266724 0.0375 0.0533447 0.0778198
0 0.804688 0.00939941 0.0109375 0.0159912 0.0761108
0 0.978125 0.307861 0.0140625 0.0258789 0.0755615
0 0.983594 0.0249023 0.028125 0.0388184 0.069519
0 0.566016 0.0244751 0.025 0.0279541 0.0692749
0 0.230078 0.415283 0.0121094 0.0141602 0.0682983
0 0.558594 0.0375977 0.0367187 0.0495605 0.0651245
0 0.419141 0.96875 0.009375 0.0136719 0.0596619
0 0.85 0.722656 0.0109375 0.015625 0.0592041
0 0.339551 0.460938 0.0255859 0.0351562 0.058136
0 0.99375 0.204346 0.0109375 0.0229492 0.0579224
0 0.874219 0.931885 0.0109375 0.0112305 0.0566406
0 0.772656 0.412354 0.009375 0.03125 0.0509033
0 0.563281 0.0255127 0.03125 0.0349121 0.0465393
0 0.994922 0.200928 0.0101562 0.0371094 0.0445251
0 0.664844 0.473145 0.0210938 0.0517578 0.0414734
0 0.742188 0.909668 0.0132813 0.0136719 0.0390625
0 0.936719 0.0540771 0.0078125 0.0146484 0.0380249
0 0.770117 0.0262146 0.0722656 0.0524292 0.0344849
0 0.305859 0.774414 0.0121094 0.0136719 0.033844
0 0.925781 0.880859 0.01875 0.0166016 0.0337219
0 0.129492 0.0127258 0.0142578 0.0254517 0.0330811
0 0.213477 0.826172 0.0125 0.0146484 0.0324707
0 0.770312 0.4104 0.015625 0.0458984 0.0299835
0 0.378516 0.0574036 0.0203125 0.0341187 0.0294189
0 0.871875 0.931641 0.0140625 0.0136719 0.0289764
0 0.504687 0.0307922 0.0632813 0.0615845 0.0285492
0 0.987109 0.0368652 0.0257812 0.0651855 0.0279083
0 0.810156 0.897949 0.0109375 0.0107422 0.0276947
0 0.771875 0.401611 0.009375 0.03125 0.0269623
0 0.422656 0.3479 0.0210938 0.0268555 0.0267639
0 0.978125 0.309082 0.0171875 0.0385742 0.0262604
0 0.0570313 0.0129395 0.0107422 0.013916 0.026062
0 0.942969 0.40625 0.009375 0.0166016 0.0259552
0 0.0110352 0.181213 0.00595703 0.0257568 0.0252686
0 0.563281 0.0351562 0.028125 0.0383301 0.025177
0 0.00600586 0.835449 0.00878906 0.0136719 0.0243378
0 0.370313 0.059021 0.0609375 0.0723877 0.024231
0 0.76875 0.420898 0.0109375 0.019043 0.0239563
0 0.173047 0.0640869 0.009375 0.0124512 0.0232391
0 0.809375 0.897949 0.015625 0.0195312 0.0231476
0 0.197461 0.0994873 0.0078125 0.0195312 0.0229797
0 0.282422 0.413574 0.00898437 0.015625 0.0223694
0 0.129297 0.0137329 0.0117188 0.0198975 0.0219421
0 0.105176 0.65332 0.00839844 0.0136719 0.021286
0 0.529297 0.86377 0.04375 0.0283203 0.0208893
0 0.0814453 0.192627 0.0142578 0.0234375 0.0207977
0 0.458984 0.122192 0.0210938 0.0131836 0.0207214
0 0.08125 0.472168 0.00800781 0.015625 0.0205688
0 0.38125 0.890625 0.0421875 0.0400391 0.0202484
0 0.529688 0.32959 0.0101562 0.0229492 0.0201721
0 0.925 0.879395 0.0265625 0.0224609 0.0201721
0 0.299219 0.498047 0.0078125 0.0205078 0.0200958
0 0.191992 0.0117798 0.0171875 0.0235596 0.0200958
0 0.505859 0.0274658 0.0359375 0.0419922 0.0199432
0 0.986719 0.0529175 0.0265625 0.0736084 0.0196381
0 0.528516 0.0375977 0.0125 0.0302734 0.0195007
0 0.665234 0.474121 0.028125 0.0644531 0.0195007
0 0.75 0.426147 0.0109375 0.0314941 0.0194244
0 0.17168 0.786621 0.0101562 0.0136719 0.0191193
0 0.940625 0.194519 0.0078125 0.0162354 0.0185394
0 0.216211 0.0212402 0.0136719 0.0194092 0.0182953
0 0.665234 0.466797 0.0179687 0.0390625 0.0182343
0 0.440625 0.0517578 0.0132813 0.029541 0.0181274
0 0.496094 0.0379639 0.0734375 0.0759277 0.0181274
0 0.346191 0.459473 0.0169922 0.0273438 0.0180969
0 0.752148 0.414307 0.0144531 0.034668 0.0179901
0 0.00976562 0.186584 0.00673828 0.0159912 0.0179138
0 0.00407715 0.0228271 0.0081543 0.020874 0.0175171
0 0.717578 0.468262 0.0117188 0.0185547 0.0170441
0 0.808594 0.897461 0.0234375 0.0205078 0.0167236
0 0.230273 0.415527 0.0195312 0.0229492 0.0166626
0 0.0375977 0.00640869 0.0119141 0.012085 0.0164642
0 0.12207 0.190247 0.00722656 0.0159912 0.0164642
0 0.992188 0.202881 0.015625 0.0322266 0.0164032
0 0.177148 0.0214233 0.0109375 0.0129395 0.0162811
0 0.993359 0.199951 0.0132813 0.0478516 0.0161591
0 0.771875 0.0253296 0.0421875 0.0384521 0.0159607
0 0.0555664 0.0158081 0.0134766 0.0130615 0.0157776
0 0.0680664 0.0134888 0.0167969 0.0220947 0.0148392
0 0.378906 0.0583496 0.0429688 0.0524902 0.0146179
0 0.431641 0.0463867 0.0515625 0.076416 0.0145035
0 0.370703 0.0586548 0.0328125 0.0509033 0.014389
0 0.76875 0.0114136 0.0265625 0.020874 0.0141754
0 0.255273 0.0514832 0.0105469 0.0239868 0.014061
0 0.270703 0.0423279 0.0390625 0.0620728 0.0137939
0 0.50625 0.034729 0.0304688 0.0384521 0.0137405
0 0.989844 0.0532532 0.0203125 0.0411987 0.013588
0 0.78125 0.0272217 0.04375 0.0390625 0.0135345
0 0.975781 0.3125 0.0171875 0.0332031 0.0135345
0 0.154687 0.990723 0.0128906 0.0185547 0.0133743
0 0.433594 0.0442505 0.0265625 0.0462646 0.0133286
0 0.108105 0.190247 0.00996094 0.0159912 0.0130234
0 0.276172 0.0404663 0.0171875 0.0384521 0.0128708
0 0.535156 0.459473 0.0078125 0.0166016 0.012825
0 0.803125 0.0108643 0.01875 0.0217285 0.0123825
0 0.272461 0.0419922 0.0214844 0.0410156 0.0123367
0 0.978125 0.308105 0.0234375 0.0507812 0.0122375
0 0.464844 0.121094 0.0210938 0.0134277 0.012146
0 0.464453 0.0397339 0.0132813 0.0378418 0.0120544
0 0.00957031 0.180298 0.0101562 0.0383301 0.0118256
0 0.256836 0.0441284 0.009375 0.0228271 0.0117798
0 0.870313 0.93335 0.025 0.0219727 0.0116882
0 0.966406 0.0458374 0.0671875 0.0916748 0.0116425
0 0.496484 0.0369873 0.0328125 0.0476074 0.0113297
0 0.982813 0.161255 0.009375 0.0131836 0.0113297
0 0.988281 0.27417 0.0140625 0.0244141 0.0113297
0 0.532422 0.862305 0.0265625 0.0556641 0.0112915
0 0.443359 0.0263062 0.0171875 0.0222168 0.0112457
0 0.319727 0.0574646 0.0589844 0.0901489 0.0111618
0 0.418359 0.969727 0.0125 0.0195312 0.0109482
0 0.7875 0.0262451 0.059375 0.052124 0.0108185
0 0.132812 0.121094 0.0121094 0.0236816 0.0107803
0 0.704297 0.979492 0.0109375 0.0136719 0.0107803
0 0.332031 0.0349121 0.0125 0.019165 0.0107346
0 0.0342773 0.00665283 0.0152344 0.0133057 0.0104523
0 0.528516 0.0349121 0.0265625 0.0449219 0.0104065
0 0.662109 0.475586 0.0179687 0.0361328 0.0102463
0 0.488672 0.224365 0.0078125 0.0107422 0.01017
0 0.458203 0.123901 0.0382813 0.0224609 0.01017
0 0.767969 0.420166 0.0171875 0.0341797 0.01017
0 0.768164 0.0138855 0.0542969 0.027771 0.0101318
0 0.297266 0.508789 0.0117188 0.0244141 0.0100937
0 0.151221 0.100952 0.00849609 0.0134277 0.0100555
0 0.532031 0.865234 0.0296875 0.0302734 0.0100098
0 0.24082 0.40332 0.0109375 0.0161133 0.00985718
0 0.846094 0.19635 0.05 0.0789795 0.00985718
0 0.925781 0.127197 0.009375 0.0112305 0.00978088
0 0.742969 0.910645 0.0132813 0.0263672 0.00978088
0 0.526953 0.323486 0.0078125 0.0219727 0.00974274
0 0.439453 0.0497742 0.0296875 0.0518188 0.00971222
0 0.923437 0.127808 0.0078125 0.0112305 0.00955963
0 0.749805 0.424805 0.0144531 0.0439453 0.00955963
0 0.0829102 0.063446 0.0123047 0.0137329 0.00941467
0 0.851562 0.724121 0.015625 0.0253906 0.00919342
0 0.298633 0.0505676 0.0136719 0.0289917 0.00901794
0 0.791406 0.0274048 0.0359375 0.0328369 0.00888062
0 0.935156 0.053833 0.0109375 0.0168457 0.00874329
0 0.362891 0.87207 0.0453125 0.0439453 0.0086441
0 0.907812 0.271729 0.009375 0.0146484 0.00861359
0 0.769531 0.411621 0.021875 0.0537109 0.00857544
0 0.752539 0.416016 0.0261719 0.0517578 0.0085144
0 0.974219 0.31543 0.009375 0.0166016 0.00847626
0 0.530859 0.328125 0.015625 0.034668 0.00844574
0 0.0893555 0.00897217 0.0130859 0.0172119 0.00837708
0 0.74707 0.424438 0.0152344 0.0300293 0.00837708
0 0.383984 0.87207 0.0664062 0.0458984 0.00837708
0 0.458594 0.0394287 0.021875 0.0419922 0.008255
0 0.44375 0.0410767 0.0242187 0.0411377 0.00815582
0 0.433594 0.051239 0.01875 0.03302 0.00806427
0 0.360449 0.0569763 0.0244141 0.0447388 0.00800323
0 0.848437 0.724609 0.0203125 0.015625 0.00800323
0 0.0209961 0.0490723 0.0151367 0.0158691 0.00793457
0 0.270508 0.0493164 0.0183594 0.027832 0.00784302
0 0.305078 0.775879 0.0195312 0.0214844 0.00784302
0 0.321875 0.0687256 0.0171875 0.0339355 0.00775528
0 0.275586 0.0404053 0.0300781 0.0510254 0.00772476
0 0.344531 0.723633 0.009375 0.0117188 0.00769424
0 0.211133 0.829102 0.0152344 0.0146484 0.00763702
0 0.431641 0.0490112 0.0382813 0.0626221 0.00757599
0 0.27832 0.0499268 0.0171875 0.0322266 0.00754929
0 0.0813477 0.19043 0.0246094 0.0449219 0.00748825
0 0.528906 0.0474243 0.0101562 0.0195312 0.00746155
0 0.442187 0.0426636 0.0484375 0.0650635 0.00746155
0 0.45625 0.0408325 0.0445312 0.0665283 0.00740433
0 0.199414 0.0975342 0.00742187 0.0200195 0.00731659
0 0.89375 0.0715332 0.0109375 0.0146484 0.00728989
0 0.206836 0.47168 0.0078125 0.0126953 0.00728989
0 0.920313 0.271973 0.009375 0.015625 0.00720596
0 0.103809 0.655762 0.00917969 0.0136719 0.00709534
0 0.79375 0.119995 0.009375 0.0134277 0.00701141
0 0.319141 0.418701 0.0117188 0.0175781 0.00701141
0 0.009375 0.185913 0.00878906 0.0246582 0.0069046
0 0.644922 0.00314331 0.0109375 0.00628662 0.00682449
0 0.154932 0.989258 0.0182617 0.0195312 0.00677109
0 0.496875 0.0272217 0.0359375 0.043457 0.00674438
0 0.129492 0.0128784 0.0208984 0.0247803 0.00671768
0 0.942969 0.406006 0.0140625 0.0283203 0.00669098
0 0.0668945 0.0134888 0.0199219 0.0145264 0.00658798
0 0.530469 0.0299072 0.021875 0.0345459 0.0064888
0 0.528125 0.0356445 0.0367187 0.0529785 0.0064888
0 0.464844 0.0269775 0.0132813 0.0187988 0.00641251
0 0.209766 0.826172 0.0183594 0.0166016 0.00636292
0 0.130469 0.130005 0.0183594 0.0332031 0.00629044
0 0.996484 0.197083 0.00703125 0.0257568 0.00629044
0 0.173438 0.785645 0.009375 0.0117188 0.00629044
0 0.418359 0.969727 0.0195312 0.0175781 0.00629044
0 0.0545166 0.0153198 0.0214355 0.0238037 0.00624084
0 0.74375 0.422607 0.0296875 0.0561523 0.00621796
0 0.598828 0.377686 0.0109375 0.0244141 0.00619125
0 0.742188 0.910645 0.0234375 0.0253906 0.00616837
0 0.467578 0.0524597 0.0125 0.0298462 0.00614548
0 0.667188 0.467285 0.034375 0.0820312 0.00614548
0 0.0105957 0.181091 0.00859375 0.0279541 0.006073
0 0.321289 0.0567627 0.0292969 0.0559082 0.00605011
0 0.141309 0.117676 0.0167969 0.0258789 0.00605011
0 0.344336 0.0388184 0.00820312 0.019165 0.00600433
0 0.718359 0.467285 0.0125 0.0292969 0.00600433
0 0.308789 0.0528564 0.0171875 0.0390625 0.00595856
0 0.34375 0.0532227 0.0132813 0.0292969 0.00591278
0 0.730078 0.415771 0.0117188 0.0166016 0.005867
0 0.269727 0.0472717 0.0316406 0.0480347 0.00577545
0 0.448438 0.12207 0.0101562 0.010498 0.00570679
0 0.319922 0.0408936 0.0261719 0.034668 0.00566483
0 0.758594 0.00854492 0.01875 0.0153809 0.00559998
0 0.665234 0.483887 0.0148437 0.03125 0.00559998
0 0.380469 0.0664978 0.0179687 0.0266724 0.00551224
0 0.321094 0.0655518 0.0449219 0.0717773 0.00551224
0 0.113672 0.13147 0.0115234 0.0224609 0.00547028
0 0.515234 0.0328369 0.078125 0.0656738 0.00547028
0 0.548828 0.038147 0.0226563 0.0317383 0.00542831
0 0.729688 0.425049 0.0132813 0.0258789 0.00538635
0 0.857813 0.196289 0.0625 0.0869141 0.00534439
0 0.0710938 0.19458 0.0144531 0.0292969 0.00527954
0 0.548437 0.0369873 0.0625 0.0693359 0.00524139
0 0.0435791 0.160645 0.020459 0.0427246 0.00521851
0 0.946875 0.397949 0.009375 0.0185547 0.00521851
0 0.346191 0.451172 0.0123047 0.0166016 0.00521851
0 0.777344 0.019989 0.075 0.039978 0.00521851
0 0.317969 0.0425415 0.0449219 0.0562744 0.0051384
0 0.865625 0.220947 0.0140625 0.0200195 0.00510025
0 0.465234 0.0398865 0.0265625 0.0535278 0.00510025
0 0.169922 0.788086 0.0164062 0.0214844 0.00508118
0 0.389062 0.0678406 0.0125 0.0205688 0.0050621
0 0.846875 0.724121 0.025 0.0253906 0.00502014
0 0.213477 0.82666 0.0175781 0.0234375 0.00502014
0 0.982813 0.268799 0.0171875 0.027832 0.00498199
0 0.307617 0.0541382 0.046875 0.0721436 0.00498199
0 0.0810547 0.469727 0.0101562 0.0146484 0.00494385
0 0.196094 0.0987549 0.0125 0.0310059 0.00494385
0 0.974219 0.039978 0.040625 0.0552979 0.00482941
0 0.55625 0.0470581 0.0257812 0.0306396 0.00479126
0 0.419141 0.821289 0.0125 0.0136719 0.00479126
0 0.6 0.367676 0.0164062 0.0410156 0.00477219
0 0.842188 0.0351562 0.028125 0.0274658 0.00475693
0 0.845312 0.195496 0.03125 0.0484619 0.00475693
0 0.295703 0.508301 0.0226563 0.0458984 0.00475693
0 0.41875 0.0435791 0.059375 0.0871582 0.00471878
0 0.0800781 0.0111084 0.0177734 0.0185547 0.00468063
0 0.751562 0.414673 0.0328125 0.064209 0.00468063
0 0.545313 0.0257568 0.0320312 0.0335693 0.00457382
0 0.969531 0.0281677 0.0609375 0.0563354 0.00457382
0 0.215039 0.0219727 0.0242187 0.0292969 0.00446701
0 0.00668945 0.220947 0.00839844 0.0151367 0.00445175
0 0.778906 0.0137634 0.0328125 0.0275269 0.00439835
0 0.966406 0.0111084 0.0171875 0.0159912 0.00439835
0 0.660937 0.484375 0.0117188 0.0273438 0.00439835
0 0.0436523 0.159302 0.0320312 0.0749512 0.00438309
0 0.566016 0.36377 0.0179687 0.0297852 0.00436401
0 0.619141 0.0587463 0.0101562 0.0158081 0.00432968
0 0.990625 0.0625916 0.0140625 0.0244751 0.00432968
0 0.88125 0.301025 0.0140625 0.0209961 0.00428009
0 0.208398 0.831543 0.0203125 0.0175781 0.00428009
0 0.419922 0.0394897 0.0273438 0.0482178 0.0042305
0 0.779883 0.0303955 0.0730469 0.0396729 0.0042305
0 0.0699219 0.203613 0.0115234 0.0244141 0.00421524
0 0.850781 0.725586 0.0234375 0.0234375 0.00421524
0 0.530078 0.327148 0.0226563 0.0410156 0.00418091
0 0.874219 0.933594 0.015625 0.0175781 0.00415039
0 0.541016 0.333496 0.0117188 0.0205078 0.00413513
0 0.442578 0.0289917 0.0328125 0.0428467 0.00413513
0 0.842969 0.0342407 0.0640625 0.0482178 0.00413513
0 0.521094 0.0349731 0.0203125 0.0306396 0.0041008
0 0.550391 0.87793 0.0507812 0.0390625 0.0041008
0 0.208984 0.0249634 0.0167969 0.0212402 0.00407028
0 0.385938 0.88916 0.0546875 0.0566406 0.00407028
0 0.155859 0.414307 0.009375 0.0131836 0.00405502
0 0.277734 0.0473633 0.0359375 0.0527344 0.00400543
0 0.517578 0.0288696 0.0367187 0.0394287 0.00397491
0 0.0328125 0.00924683 0.0251953 0.0184937 0.00397491
0 0.607422 0.204102 0.0671875 0.0751953 0.00397491
0 0.983984 0.0521545 0.0320312 0.0490112 0.00395966
0 0.989844 0.0161743 0.0171875 0.0220947 0.00391388
0 0.74375 0.0256958 0.059375 0.0494385 0.00391388
0 0.614844 0.215271 0.06875 0.0987549 0.00390053
0 0.28125 0.415527 0.0175781 0.0244141 0.00388527
0 0.971094 0.0233765 0.0328125 0.03125 0.00385475
0 0.172656 0.0639343 0.0136719 0.0210571 0.00385475
0 0.771094 0.402344 0.0234375 0.0615234 0.00385475
0 0.529688 0.0318604 0.0546875 0.0637207 0.00382423
0 0.172461 0.0585632 0.0101562 0.024231 0.00380898
0 0.83125 0.0279846 0.0546875 0.0559692 0.00379562
0 0.0240234 0.050293 0.0134766 0.0175781 0.0037365
0 0.746484 0.0265503 0.0273438 0.0279541 0.00370789
0 0.930469 0.405273 0.0078125 0.0126953 0.00366402
0 0.308398 0.065918 0.0128906 0.0314941 0.00365067
0 0.815625 0.365234 0.00625 0.0146484 0.00365067
