0 0.448438 0.175537 0.0351562 0.065918 0.796875
0 0.238672 0.349854 0.0554687 0.0922852 0.702637
0 0.658984 0.503906 0.0867188 0.0908203 0.629883
0 0.132422 0.90918 0.0248047 0.03125 0.327637
0 0.880469 0.988281 0.0140625 0.0175781 0.314941
0 0.994141 0.974609 0.0117188 0.0195312 0.250977
0 0.419922 0.183167 0.0140625 0.039917 0.190674
0 0.421094 0.187378 0.0195312 0.0510254 0.186523
0 0.641016 0.992188 0.0109375 0.015625 0.173828
0 0.130957 0.908203 0.0210938 0.0205078 0.167236
0 0.629297 0.266602 0.0101562 0.0126953 0.155029
0 0.658203 0.508301 0.0570313 0.0751953 0.118774
0 0.667578 0.507324 0.0507812 0.0634766 0.117981
0 0.237891 0.973633 0.00898437 0.015625 0.113159
0 0.971875 0.967773 0.0296875 0.0410156 0.10968
0 0.992578 0.975586 0.0148437 0.0292969 0.0933228
0 0.65 0.516113 0.0875 0.123047 0.0903931
0 0.044043 0.069458 0.0102539 0.0131836 0.0878906
0 0.880469 0.989258 0.01875 0.0214844 0.0823975
0 0.972656 0.96582 0.0171875 0.0214844 0.0700684
0 0.370703 0.747559 0.0164062 0.0117188 0.0685425
0 0.971094 0.969727 0.025 0.0292969 0.0665894
0 0.976562 0.970703 0.021875 0.0332031 0.0632324
0 0.425781 0.190674 0.015625 0.0361328 0.0592041
0 0.137793 0.59082 0.00957031 0.0136719 0.0587769
0 0.628906 0.268555 0.0117188 0.0126953 0.0577087
0 0.635156 0.506836 0.0515625 0.109375 0.0566406
0 0.687109 0.505859 0.0671875 0.0927734 0.0497742
0 0.425 0.187012 0.0296875 0.0532227 0.0495911
0 0.383594 0.446289 0.0148437 0.0117188 0.0476074
0 0.369531 0.748047 0.0289063 0.0214844 0.0476074
0 0.435547 0.18158 0.053125 0.0635986 0.0403748
0 0.262891 0.338135 0.00898437 0.0141602 0.0368958
0 0.236328 0.330078 0.0542969 0.065918 0.0346069
0 0.640625 0.989746 0.0148437 0.0205078 0.0344849
0 0.446094 0.183044 0.0476562 0.0836182 0.0343628
0 0.248828 0.351807 0.0398437 0.0668945 0.0299835
0 0.291602 0.988281 0.015625 0.0195312 0.0287628
0 0.238672 0.325684 0.0414063 0.0429688 0.0263519
0 0.435547 0.182129 0.021875 0.0444336 0.0262604
0 0.00385742 0.855469 0.00771484 0.0126953 0.0248871
0 0.689062 0.506348 0.04375 0.0644531 0.0240479
0 0.293945 0.728516 0.00859375 0.0117188 0.0235138
0 0.44375 0.156006 0.0210938 0.0185547 0.0228882
0 0.95 0.854492 0.0109375 0.0146484 0.0224609
0 0.240234 0.359131 0.0484375 0.0678711 0.02034
0 0.417188 0.429932 0.0101562 0.0117188 0.0202484
0 0.699219 0.520996 0.0273438 0.0605469 0.0186157
0 0.647266 0.52002 0.0601562 0.0810547 0.0177155
0 0.0606445 0.699707 0.00957031 0.0195312 0.0175171
0 0.453125 0.187256 0.0234375 0.0454102 0.0173035
0 0.324805 0.988281 0.0148437 0.0136719 0.0173035
0 0.639453 0.98877 0.0203125 0.0224609 0.0168457
0 0.594922 0.408936 0.0140625 0.0112305 0.0166626
0 0.648828 0.496094 0.0507812 0.0683594 0.0162811
0 0.699609 0.522461 0.0164062 0.0380859 0.0162201
0 0.0201172 0.616699 0.0164062 0.0351562 0.0160217
0 0.3875 0.447266 0.0164062 0.0126953 0.0157776
0 0.635156 0.989258 0.0117188 0.015625 0.0148392
0 0.369141 0.479492 0.00859375 0.0117188 0.0147324
0 0.326562 0.990234 0.0183594 0.015625 0.0147324
0 0.628906 0.267334 0.0171875 0.0161133 0.0141144
0 0.626953 0.505371 0.03125 0.0908203 0.0139008
0 0.676562 0.498535 0.0484375 0.0585938 0.0133743
0 0.694531 0.704102 0.0242187 0.0195312 0.0133286
0 0.247852 0.361816 0.0507812 0.0893555 0.0130692
0 0.0140625 0.208252 0.00986328 0.0112305 0.0129242
0 0.446094 0.185181 0.0328125 0.0529785 0.0128708
0 0.459375 0.499023 0.0148437 0.0117188 0.0125275
0 0.0222656 0.976562 0.0117188 0.0234375 0.012146
0 0.382422 0.44519 0.0257812 0.0187988 0.0117798
0 0.444531 0.157227 0.0351562 0.0402832 0.0113297
0 0.287305 0.985352 0.0117188 0.015625 0.0111618
0 0.239258 0.974609 0.0148437 0.0253906 0.0111618
0 0.22793 0.991211 0.00742187 0.0117188 0.0109863
0 0.0603516 0.705078 0.0115234 0.0166016 0.0109024
0 0.0638672 0.995117 0.0134766 0.00976562 0.0108185
0 0.848437 0.958984 0.0109375 0.015625 0.0106506
0 0.0208496 0.983398 0.015332 0.0175781 0.0105286
0 0.0210938 0.615723 0.0258789 0.0625 0.0104904
0 0.376563 0.750977 0.0171875 0.0175781 0.0104523
0 0.0649414 0.0708008 0.0103516 0.0129395 0.0104065
0 0.373437 0.748535 0.0148437 0.0126953 0.0102463
0 0.0438965 0.0700684 0.0147461 0.019043 0.0102463
0 0.272656 0.569336 0.0152344 0.0175781 0.00933838
0 0.634375 0.508301 0.046875 0.0761719 0.00926971
0 0.302148 0.900879 0.00976562 0.00976562 0.00919342
0 0.444141 0.0591736 0.0117188 0.0159302 0.00898743
0 0.151758 0.859863 0.0101562 0.0146484 0.00894928
0 0.235938 0.975586 0.0179687 0.0292969 0.0086441
0 0.935156 0.237793 0.0109375 0.00927734 0.00857544
0 0.68125 0.515137 0.0273438 0.0400391 0.00847626
0 0.0261719 0.980469 0.0144531 0.0195312 0.00841522
0 0.139844 0.592285 0.0146484 0.0166016 0.00831604
0 0.777344 0.97168 0.0140625 0.015625 0.00831604
0 0.490625 0.821777 0.0109375 0.0146484 0.00828552
0 0.732031 0.504395 0.0148437 0.00878906 0.008255
0 0.882812 0.989258 0.0140625 0.015625 0.00806427
0 0.692578 0.51416 0.0484375 0.09375 0.00803375
0 0.298633 0.990234 0.0160156 0.0175781 0.00793457
0 0.847656 0.957031 0.009375 0.00976562 0.00790405
0 0.296875 0.391602 0.0125 0.0126953 0.00775528
0 0.291797 0.986816 0.0238281 0.0263672 0.00772476
0 0.231836 0.961914 0.0078125 0.015625 0.00769424
0 0.14751 0.987305 0.00927734 0.0117188 0.00740433
0 0.69375 0.703125 0.0375 0.0302734 0.00740433
0 0.456641 0.500488 0.01875 0.0146484 0.00728989
0 0.0306152 0.431641 0.0118164 0.015625 0.00725937
0 0.200586 0.942139 0.0125 0.0141602 0.00717545
0 0.729688 0.801758 0.0117188 0.00976562 0.00712204
0 0.0221191 0.975586 0.0210938 0.046875 0.00712204
0 0.669531 0.515625 0.0359375 0.0498047 0.00703812
0 0.949219 0.807617 0.0125 0.0107422 0.0068779
0 0.405078 0.985352 0.015625 0.0175781 0.0068512
0 0.876562 0.988281 0.015625 0.015625 0.0068512
0 0.420703 0.174194 0.009375 0.0170898 0.00669098
0 0.398047 0.209961 0.0078125 0.0112305 0.00656509
0 0.0890625 0.364258 0.0078125 0.012207 0.00653839
0 0.443359 0.0620728 0.0132813 0.0155029 0.00638962
0 0.0619141 0.705566 0.0125 0.0244141 0.00638962
0 0.796094 0.976562 0.0078125 0.0117188 0.00638962
0 0.438281 0.168457 0.0273438 0.0324707 0.00605011
0 0.730469 0.308594 0.0132813 0.0131836 0.00605011
0 0.770312 0.782227 0.0140625 0.015625 0.00588989
0 0.690625 0.700684 0.0140625 0.0117188 0.005867
0 0.992188 0.981445 0.015625 0.0195312 0.00577545
0 0.248633 0.341309 0.05625 0.0864258 0.00570679
0 0.251172 0.362305 0.0253906 0.0493164 0.00551224
0 0.420312 0.198792 0.0195312 0.0443115 0.00538635
0 0.130664 0.556641 0.0136719 0.0126953 0.00534439
0 0.0291016 0.863281 0.0164062 0.0283203 0.00526047
0 0.0223145 0.982422 0.0186523 0.0273438 0.00521851
0 0.691016 0.0950928 0.0195312 0.0161133 0.00518036
0 0.440625 0.495117 0.0101562 0.00878906 0.00516129
0 0.770312 0.779297 0.0109375 0.0107422 0.00516129
0 0.694141 0.516602 0.0328125 0.046875 0.00510025
0 0.131055 0.957031 0.0189453 0.0273438 0.00510025
0 0.268164 0.577148 0.0234375 0.0234375 0.0050621
0 0.141309 0.509766 0.0111328 0.0117188 0.00502014
0 0.991406 0.980469 0.0171875 0.0332031 0.00502014
0 0.118066 0.116943 0.00898437 0.0109863 0.00498199
0 0.268945 0.575684 0.0324219 0.0380859 0.00496292
0 0.41875 0.201233 0.0171875 0.0291748 0.0049057
0 0.635547 0.496094 0.0390625 0.0498047 0.00486755
0 0.461328 0.177673 0.0125 0.0303955 0.00484848
0 0.399219 0.210693 0.00703125 0.0136719 0.00482941
0 0.325 0.989746 0.0242187 0.0205078 0.00477219
0 0.701563 0.53125 0.0140625 0.0273438 0.00471878
0 0.291211 0.983398 0.0152344 0.0175781 0.00468063
0 0.757031 0.161865 0.0125 0.0126953 0.00466537
0 0.251172 0.339111 0.0304688 0.0527344 0.00466537
0 0.186523 0.538574 0.009375 0.0126953 0.0046463
0 0.769531 0.969727 0.01875 0.015625 0.00460815
0 0.994922 0.977539 0.0101562 0.0195312 0.00460815
0 0.0237793 0.946289 0.0109375 0.015625 0.00445175
0 0.126953 0.910156 0.0189453 0.0205078 0.00438309
0 0.0222656 0.962891 0.0117188 0.03125 0.00438309
0 0.633203 0.520508 0.0398437 0.0800781 0.00432968
0 0.438672 0.171631 0.0625 0.0737305 0.00431442
0 0.875781 0.986816 0.0203125 0.0263672 0.00416565
0 0.248633 0.324219 0.0167969 0.0200195 0.00415039
0 0.861719 0.276611 0.0125 0.0102539 0.00411606
0 0.669141 0.986328 0.0109375 0.00976562 0.00402451
0 0.131445 0.91748 0.0300781 0.0419922 0.00397491
0 0.462891 0.49707 0.0101562 0.0107422 0.00395966
0 0.0262695 0.947266 0.0125977 0.0136719 0.0039444
0 0.634375 0.987305 0.0179687 0.0253906 0.00392914
0 0.387891 0.632812 0.0078125 0.0107422 0.00391388
0 0.014502 0.773926 0.0119141 0.0175781 0.00390053
0 0.701953 0.529297 0.01875 0.0410156 0.00388527
0 0.0194824 0.626465 0.0211914 0.0302734 0.00376511
0 0.405469 0.982422 0.0171875 0.0136719 0.00372124
0 0.151172 0.856445 0.009375 0.0136719 0.00356483
0 0.261719 0.347168 0.0136719 0.0263672 0.00352478
0 0.380078 0.450195 0.0210938 0.0146484 0.00349617
0 0.879687 0.984863 0.0265625 0.0302734 0.00348282
0 0.875 0.335449 0.015625 0.0126953 0.00345612
0 0.029541 0.436646 0.0203125 0.0183105 0.00345612
0 0.709375 0.584961 0.0117188 0.0185547 0.00342941
0 0.0591797 0.704102 0.0210938 0.0332031 0.00342941
0 0.625781 0.507812 0.0320312 0.0595703 0.00340271
0 0.378125 0.791016 0.0125 0.0185547 0.00340271
0 0.803125 0.493164 0.0140625 0.00878906 0.00329781
0 0.653906 0.487305 0.0882813 0.0673828 0.00323486
0 0.445312 0.600098 0.0109375 0.00878906 0.00322342
0 0.16582 0.554688 0.0113281 0.0175781 0.00319672
0 0.760156 0.901855 0.009375 0.0126953 0.00319672
0 0.480859 0.036377 0.0101562 0.0140381 0.00316048
0 0.280273 0.475098 0.0148437 0.015625 0.00314713
0 0.389062 0.979492 0.0125 0.00976562 0.00314713
0 0.129883 0.956055 0.0300781 0.0449219 0.00311089
0 0.232031 0.728027 0.0101562 0.0126953 0.00309944
0 0.640234 0.993652 0.0132813 0.0126953 0.00309944
0 0.0196289 0.603027 0.0167969 0.0400391 0.003088
0 0.26543 0.340332 0.0117188 0.0249023 0.003088
0 0.230664 0.733398 0.0117188 0.0126953 0.00302696
0 0.454688 0.5 0.025 0.0234375 0.00300407
0 0.287109 0.986328 0.0210938 0.0273438 0.0029583
0 0.12666 0.910156 0.0316406 0.0419922 0.00293541
0 0.567578 0.543457 0.0109375 0.00878906 0.00284576
0 0.952344 0.857422 0.0125 0.0117188 0.00284576
0 0.375 0.75 0.0273438 0.0244141 0.00283432
0 0.135156 0.903809 0.0121094 0.0146484 0.00282288
0 0.189258 0.700684 0.009375 0.00878906 0.00279045
0 0.38125 0.44873 0.0265625 0.0214844 0.00276756
0 0.182422 0.454102 0.009375 0.0078125 0.00273705
0 0.420312 0.198486 0.028125 0.0498047 0.00273705
0 0.564062 0.144043 0.0132813 0.0117188 0.00269318
0 0.0185059 0.415283 0.0110352 0.0126953 0.00269318
0 0.0141113 0.321533 0.0125977 0.0131836 0.00265312
0 0.660547 0.530762 0.0171875 0.0351562 0.00265312
0 0.130859 0.952148 0.0162109 0.0214844 0.0026207
0 0.104004 0.0794678 0.0173828 0.0141602 0.00261116
0 0.891406 0.298096 0.015625 0.0161133 0.00261116
0 0.917969 0.296875 0.015625 0.0131836 0.00259018
0 0.037207 0.432129 0.0115234 0.0136719 0.00259018
0 0.699219 0.509766 0.01875 0.0458984 0.00258064
0 0.273828 0.571289 0.0285156 0.03125 0.00256157
0 0.0287109 0.854492 0.0141602 0.0253906 0.00255013
0 0.0301758 0.861816 0.0202148 0.0517578 0.00254059
0 0.00595703 0.855469 0.0119141 0.0234375 0.00253105
0 0.0546631 0.0689697 0.0121582 0.0117188 0.00252151
0 0.605078 0.10083 0.0296875 0.0258789 0.00252151
0 0.885156 0.287842 0.0125 0.012207 0.0024929
0 0.464453 0.166992 0.0117188 0.0227051 0.00247192
0 0.624219 0.269043 0.0109375 0.0117188 0.00247192
0 0.150635 0.478027 0.0112305 0.00976562 0.00247192
0 0.653516 0.48291 0.0382813 0.0283203 0.00245285
0 0.729297 0.311035 0.0195312 0.0151367 0.00242424
0 0.0700195 0.128174 0.00898437 0.0112305 0.0024147
0 0.947656 0.851074 0.0125 0.0136719 0.0024147
0 0.137695 0.590332 0.0201172 0.0244141 0.00237846
0 0.0220215 0.964111 0.0249023 0.0620117 0.00235939
0 0.598437 0.413086 0.0117188 0.0146484 0.00234222
0 0.170508 0.836914 0.0117188 0.0146484 0.00231361
0 0.0224609 0.878906 0.0166992 0.0273438 0.00224304
0 0.392969 0.988281 0.0195312 0.0195312 0.00218201
0 0.594531 0.408447 0.021875 0.0209961 0.00218201
0 0.129297 0.0686035 0.0111328 0.0114746 0.00216484
0 0.614453 0.0974121 0.0195312 0.0180664 0.00216484
0 0.948438 0.804199 0.0109375 0.00976562 0.00216484
0 0.0277344 0.985352 0.01875 0.0175781 0.00215721
0 0.0195312 0.0827637 0.0121094 0.0168457 0.00209999
0 0.928906 0.0827637 0.0140625 0.0124512 0.00209999
0 0.275391 0.579102 0.015625 0.0263672 0.00209999
0 0.654688 0.969727 0.00859375 0.00976562 0.00209999
0 0.341309 0.667969 0.0181641 0.015625 0.00208282
0 0.0126953 0.783203 0.00751953 0.0185547 0.00206757
0 0.654688 0.529297 0.0734375 0.0742188 0.00206757
0 0.767969 0.96875 0.03125 0.0273438 0.00206757
0 0.631641 0.986816 0.0273438 0.0263672 0.00206757
0 0.875 0.00921631 0.009375 0.0146484 0.0020504
0 0.873438 0.335693 0.0125 0.00976562 0.0020504
0 0.129199 0.919922 0.0273438 0.0292969 0.0020504
0 0.387109 0.447632 0.0304688 0.0217285 0.0020504
0 0.205469 0.48877 0.0222656 0.0205078 0.00204277
0 0.569531 0.547852 0.0148437 0.0136719 0.00203514
0 0.197266 0.940674 0.0136719 0.0151367 0.00198746
0 0.255469 0.378662 0.0113281 0.0229492 0.00197983
0 0.98125 0.983398 0.0140625 0.0175781 0.00194931
0 0.183984 0.538574 0.0117188 0.0126953 0.00194168
0 0.599609 0.801758 0.0101562 0.0126953 0.00192642
0 0.792969 0.0964355 0.0359375 0.0368652 0.00191212
0 0.176367 0.851562 0.0117188 0.0185547 0.00191212
0 0.00585938 0.860352 0.0109375 0.0175781 0.00191212
0 0.341895 0.67334 0.0208984 0.0214844 0.00190449
0 0.0295898 0.435059 0.028418 0.0332031 0.00189686
0 0.689453 0.494141 0.0296875 0.0400391 0.00186729
0 0.483203 0.223389 0.028125 0.0385742 0.00185299
0 0.678516 0.469238 0.0179687 0.0117188 0.00182438
0 0.775 0.967773 0.015625 0.0117188 0.0018034
0 0.0607422 0.993164 0.0125 0.0117188 0.00179577
0 0.44375 0.061676 0.0195312 0.0231323 0.00178909
0 0.605469 0.111206 0.053125 0.060791 0.00177479
0 0.274609 0.762207 0.00976562 0.015625 0.00175476
0 0.0279785 0.978516 0.0294922 0.0410156 0.00175476
0 0.7875 0.910645 0.0109375 0.0136719 0.00174809
0 0.604688 0.0999756 0.0375 0.0505371 0.00174141
0 0.370313 0.484863 0.0179687 0.0136719 0.0017271
0 0.98125 0.881348 0.01875 0.0263672 0.00172043
0 0.490234 0.828125 0.0117188 0.0166016 0.00171375
0 0.923437 0.990234 0.0109375 0.0117188 0.00170708
0 0.701563 0.528809 0.0328125 0.0498047 0.00170708
0 0.378516 0.487305 0.0148437 0.015625 0.0017004
0 0.640625 0.990723 0.0101562 0.0185547 0.0017004
0 0.0209961 0.605469 0.0304688 0.0761719 0.00168705
0 0.292773 0.727051 0.0132813 0.0234375 0.00168705
0 0.403516 0.984375 0.0226563 0.0253906 0.00168705
0 0.796094 0.0966797 0.05 0.0698242 0.00168705
0 0.975 0.791016 0.0109375 0.0146484 0.00167465
0 0.463281 0.502441 0.0148437 0.0146484 0.0016613
0 0.163086 0.538574 0.00898437 0.015625 0.0016489
0 0.664844 0.175049 0.0132813 0.0129395 0.00163555
0 0.628516 0.550293 0.00703125 0.0273438 0.00163555
0 0.769531 0.425293 0.0125 0.0117188 0.00162888
0 0.269922 0.569336 0.0367187 0.0400391 0.00162888
0 0.192383 0.166016 0.00976562 0.0112305 0.00162315
0 0.669922 0.468262 0.0164062 0.00878906 0.00161076
0 0.645312 0.481934 0.0328125 0.0224609 0.00160408
0 0.874219 0.987305 0.0265625 0.0214844 0.00158501
