0 0.947656 0.44519 0.0234375 0.0334473 0.763672
0 0.255664 0.213867 0.0191406 0.0224609 0.678223
0 0.757031 0.522949 0.0171875 0.03125 0.675781
0 0.774219 0.300049 0.0171875 0.0214844 0.67334
0 0.8125 0.323975 0.0203125 0.0239258 0.664551
0 0.985156 0.477539 0.021875 0.0380859 0.654785
0 0.807031 0.348633 0.0203125 0.0336914 0.62793
0 0.678125 0.425049 0.0179687 0.0493164 0.62793
0 0.217773 0.253662 0.0132813 0.0200195 0.621582
0 0.230859 0.336426 0.0125 0.0317383 0.568848
0 0.721094 0.255615 0.0117188 0.0244141 0.561035
0 0.746875 0.277832 0.0203125 0.0234375 0.520508
0 0.628906 0.303711 0.0132813 0.0332031 0.513672
0 0.746484 0.282227 0.0242187 0.0356445 0.494141
0 0.343555 0.129883 0.00976562 0.0153809 0.450439
0 0.376172 0.127563 0.0101562 0.0244141 0.442627
0 0.322266 0.175537 0.0167969 0.0185547 0.407227
0 0.626172 0.34082 0.0109375 0.0195312 0.391357
0 0.619922 0.364014 0.0171875 0.0449219 0.390381
0 0.807813 0.343018 0.0234375 0.0419922 0.337158
0 0.98125 0.470215 0.0140625 0.0205078 0.314941
0 0.807813 0.341797 0.0171875 0.0361328 0.310791
0 0.0233887 0.480957 0.00996094 0.0136719 0.309082
0 0.719922 0.257324 0.0179687 0.0263672 0.303955
0 0.021875 0.480957 0.0120117 0.0166016 0.294189
0 0.615234 0.397705 0.0109375 0.0307617 0.24939
0 0.626172 0.344482 0.0164062 0.0336914 0.23584
0 0.944531 0.441895 0.0234375 0.0244141 0.226807
0 0.755469 0.305664 0.0265625 0.0551758 0.215332
0 0.622266 0.358887 0.01875 0.0507812 0.185303
0 0.75625 0.306641 0.0171875 0.0473633 0.177856
0 0.982031 0.47168 0.01875 0.0273438 0.174438
0 0.623438 0.35791 0.0125 0.0419922 0.172729
0 0.343164 0.130615 0.0121094 0.0197754 0.151001
0 0.773438 0.301514 0.0234375 0.0263672 0.140381
0 0.0217773 0.480957 0.0168945 0.0205078 0.132568
0 0.374219 0.127563 0.015625 0.0231934 0.113586
0 0.630469 0.300049 0.0132813 0.0307617 0.112793
0 0.217383 0.252197 0.0207031 0.0253906 0.107056
0 0.772656 0.29834 0.0125 0.0185547 0.105957
0 0.989844 0.481934 0.0203125 0.0361328 0.0994873
0 0.985156 0.480469 0.0296875 0.0429688 0.0950317
0 0.754492 0.313477 0.0175781 0.0439453 0.0917358
0 0.748828 0.287598 0.0273438 0.0444336 0.0897827
0 0.229492 0.340576 0.0152344 0.027832 0.0875854
0 0.756836 0.526367 0.0222656 0.0332031 0.0856934
0 0.258594 0.211426 0.0167969 0.0229492 0.081543
0 0.754687 0.315674 0.0140625 0.0336914 0.0789185
0 0.678516 0.434692 0.0179687 0.0378418 0.0758667
0 0.323047 0.176086 0.0234375 0.0247803 0.0734253
0 0.616016 0.397949 0.0179687 0.0390625 0.0665894
0 0.775 0.300537 0.015625 0.0151367 0.0618896
0 0.319531 0.777832 0.00859375 0.0146484 0.0611877
0 0.214258 0.25415 0.0183594 0.0258789 0.0549927
0 0.232617 0.33252 0.0148437 0.0283203 0.0548096
0 0.625781 0.303223 0.021875 0.0341797 0.0538025
0 0.807031 0.31665 0.0140625 0.0151367 0.0474243
0 0.629687 0.299805 0.0210938 0.0356445 0.0465393
0 0.676172 0.428101 0.0265625 0.0559082 0.0463867
0 0.719922 0.253906 0.0234375 0.03125 0.0409851
0 0.253516 0.213135 0.0203125 0.0302734 0.0394897
0 0.619531 0.374268 0.01875 0.0512695 0.0362244
0 0.807813 0.354248 0.025 0.0361328 0.0332031
0 0.234766 0.336426 0.0140625 0.0195312 0.0313721
0 0.747656 0.299561 0.03125 0.0722656 0.0294189
0 0.376953 0.125488 0.021875 0.0275879 0.028656
0 0.618359 0.375977 0.0140625 0.0419922 0.0278015
0 0.676953 0.418945 0.015625 0.0327148 0.0248871
0 0.946094 0.449585 0.0296875 0.0305176 0.0226288
0 0.25918 0.211426 0.0199219 0.0297852 0.02211
0 0.23125 0.331787 0.0222656 0.0332031 0.0218658
0 0.619141 0.374756 0.025 0.0649414 0.0210419
0 0.802344 0.348389 0.0234375 0.0361328 0.0200958
0 0.227344 0.338623 0.0199219 0.0395508 0.0197906
0 0.0191406 0.629883 0.0126953 0.015625 0.0191956
0 0.753125 0.523438 0.0234375 0.0390625 0.0189819
0 0.951563 0.451172 0.0125 0.0273438 0.0177765
0 0.951563 0.450073 0.021875 0.0324707 0.0176392
0 0.612109 0.397217 0.0148437 0.0424805 0.0157166
0 0.772656 0.29834 0.0359375 0.0322266 0.0156708
0 0.809375 0.317139 0.021875 0.0249023 0.0151291
0 0.616016 0.402588 0.0101562 0.0224609 0.0150146
0 0.802344 0.349609 0.0171875 0.0258789 0.0146179
0 0.628125 0.310059 0.0101562 0.0234375 0.0137405
0 0.805469 0.355469 0.0234375 0.027832 0.0137405
0 0.749219 0.313721 0.0203125 0.0512695 0.0135345
0 0.675 0.4375 0.0117188 0.0244141 0.0133286
0 0.319727 0.777344 0.0140625 0.0205078 0.0125275
0 0.616797 0.401367 0.0109375 0.0302734 0.012291
0 0.324609 0.172119 0.0132813 0.013916 0.012146
0 0.749023 0.302979 0.0191406 0.0512695 0.0116882
0 0.789062 0.899902 0.009375 0.015625 0.0110321
0 0.750781 0.316162 0.015625 0.0327148 0.0105286
0 0.235742 0.335693 0.01875 0.034668 0.0102463
0 0.71875 0.261719 0.0171875 0.0200195 0.00993347
0 0.025293 0.483398 0.0108398 0.0126953 0.00963593
0 0.673828 0.436646 0.0148437 0.0319824 0.00955963
0 0.629297 0.307861 0.0226563 0.0385742 0.00908661
0 0.623828 0.363525 0.028125 0.059082 0.00905609
0 0.11709 0.383545 0.00859375 0.0131836 0.0086441
0 0.375391 0.125732 0.0101562 0.0170898 0.00861359
0 0.259375 0.213135 0.0269531 0.034668 0.00828552
0 0.344141 0.127075 0.015625 0.0246582 0.00800323
0 0.807813 0.315674 0.03125 0.0302734 0.00793457
0 0.939844 0.444458 0.025 0.0349121 0.00769424
0 0.791406 0.927734 0.00625 0.015625 0.00746155
0 0.319531 0.780762 0.0117188 0.0205078 0.00725937
0 0.611328 0.395264 0.0226563 0.0405273 0.00717545
0 0.785937 0.900391 0.0125 0.0195312 0.00712204
0 0.940625 0.443481 0.015625 0.0241699 0.00701141
0 0.317969 0.776367 0.0230469 0.0224609 0.00682449
0 0.352734 0.128662 0.0109375 0.0109863 0.00564194
0 0.01875 0.629883 0.0198242 0.0283203 0.00564194
0 0.754687 0.324463 0.009375 0.0200195 0.00526047
0 0.22168 0.255371 0.0132813 0.0146484 0.00521851
0 0.673047 0.435669 0.021875 0.0349121 0.0051384
0 0.318359 0.780762 0.0207031 0.0224609 0.00511932
0 0.635938 0.306641 0.0148437 0.0175781 0.00510025
0 0.255664 0.207031 0.0339844 0.0424805 0.00482941
0 0.685547 0.43103 0.0171875 0.0246582 0.0046463
0 0.678516 0.4104 0.0101562 0.0146484 0.00426483
0 0.743555 0.270508 0.0128906 0.0136719 0.00424957
0 0.736719 0.270508 0.0125 0.015625 0.00388527
0 0.236328 0.33667 0.0289063 0.0385742 0.00380898
0 0.767187 0.314453 0.0125 0.0209961 0.00329781
0 0.342187 0.12561 0.028125 0.0297852 0.00327301
0 0.786719 0.909668 0.0109375 0.0234375 0.00322342
0 0.763281 0.532227 0.009375 0.015625 0.00317192
0 0.755664 0.323242 0.0121094 0.0288086 0.00316048
0 0.784375 0.900391 0.0203125 0.0322266 0.00304031
0 0.250977 0.218506 0.0136719 0.0200195 0.00287819
0 0.018457 0.629883 0.0279297 0.0244141 0.00286674
0 0.294727 0.709473 0.0101562 0.0136719 0.0026722
0 0.339844 0.13147 0.0179687 0.0192871 0.00239754
0 0.801562 0.341797 0.0109375 0.0195312 0.00227928
0 0.0253906 0.483398 0.0157227 0.0234375 0.00227928
0 0.978125 0.476562 0.0171875 0.0224609 0.00222588
0 0.0244141 0.631836 0.0129883 0.0126953 0.00221634
0 0.685938 0.428711 0.025 0.0488281 0.00211525
0 0.755469 0.323242 0.021875 0.0332031 0.00206757
0 0.790625 0.899414 0.0140625 0.0253906 0.00205803
0 0.250391 0.218506 0.0210938 0.0307617 0.00199509
0 1 0.45752 0 0.0195312 0.00194168
0 0.784375 0.909668 0.021875 0.0400391 0.00194168
0 0.326562 0.170044 0.0210938 0.0251465 0.00191879
0 0.977344 0.477539 0.0328125 0.0449219 0.00191879
0 0.782812 0.899902 0.034375 0.0371094 0.00188255
0 0.615234 0.368896 0.0140625 0.0244141 0.00183868
0 0.625391 0.341553 0.0226563 0.0380859 0.00183868
0 0.338477 0.132324 0.0246094 0.0332031 0.00179577
0 1 0.985352 0 0.0175781 0.00167465
0 0.736328 0.272461 0.0351562 0.0366211 0.00167465
0 0.716016 0.258301 0.0203125 0.0239258 0.0016613
0 0.714844 0.258301 0.0257812 0.0419922 0.0016489
0 1 0.967285 0 0.0654297 0.00153065
0 0.766211 0.312988 0.0394531 0.0488281 0.00152493
0 0.637109 0.305908 0.0242187 0.0380859 0.00151253
0 0.0257324 0.483398 0.0274414 0.0234375 0.00144386
0 0.117969 0.384033 0.0138672 0.0219727 0.00135612
0 0.626172 0.316895 0.00859375 0.0239258 0.00133038
0 0.783594 0.909668 0.034375 0.0439453 0.00125504
0 0.998828 0.0446167 0.00234375 0.0892334 0.00124931
0 0.373047 0.124146 0.0367187 0.0390625 0.00123501
0 0.613281 0.367188 0.0242187 0.0546875 0.00122547
0 0.0187012 0.625977 0.0144531 0.0166016 0.00121593
0 0.623828 0.3396 0.0328125 0.043457 0.0011692
0 0.792969 0.92749 0.0109375 0.0258789 0.00115108
0 0.8 0.341309 0.0390625 0.0498047 0.0011425
0 1 0.976562 0 0.0429688 0.00112915
0 0.00400391 0.0567017 0.00800781 0.113403 0.00110722
0 0.789062 0.899414 0.025 0.03125 0.00109863
0 0.10957 0.383057 0.0158203 0.0161133 0.00109005
0 0.325586 0.169922 0.040625 0.0332031 0.00109005
0 0.354004 0.130737 0.0287109 0.0283203 0.00107765
0 0.950781 0.440552 0.015625 0.0124512 0.00107288
0 0.625391 0.400146 0.0117188 0.019043 0.00102806
