0 0.927344 0.335449 0.046875 0.0371094 0.861328
0 0.518359 0.549805 0.0507812 0.0419922 0.837402
0 0.118262 0.613281 0.034375 0.0537109 0.825684
0 0.0550781 0.668945 0.0289063 0.0390625 0.820801
0 0.138477 0.665527 0.0224609 0.0371094 0.81543
0 0.104297 0.672852 0.0386719 0.0458984 0.769043
0 0.00866699 0.667969 0.017334 0.0371094 0.741699
0 0.0896484 0.608398 0.0195312 0.0400391 0.689453
0 0.140918 0.660156 0.0197266 0.0244141 0.259033
0 0.777344 0.0106201 0.01875 0.0196533 0.250244
0 0.139062 0.667969 0.0316406 0.0410156 0.227417
0 0.964063 0.00704956 0.0109375 0.0140991 0.129395
0 0.776563 0.0119934 0.028125 0.0239868 0.122925
0 0.212695 0.570801 0.0160156 0.0185547 0.11554
0 0.0889648 0.608887 0.0275391 0.0439453 0.115173
0 0.929688 0.0254517 0.046875 0.0509033 0.112427
0 0.100977 0.679199 0.0382813 0.0400391 0.111633
0 0.118066 0.620605 0.0275391 0.0400391 0.0957031
0 0.12373 0.604004 0.0345703 0.046875 0.0917358
0 0.0990234 0.672363 0.0271484 0.0283203 0.085083
0 0.960156 0.820312 0.009375 0.0117188 0.085083
0 0.211523 0.569336 0.0121094 0.0146484 0.0800781
0 0.817969 0.0220337 0.0453125 0.0424805 0.0710449
0 0.00803223 0.661133 0.0160645 0.0244141 0.0705566
0 0.0789063 0.202148 0.0105469 0.0209961 0.0703125
0 0.0799805 0.248047 0.0107422 0.0214844 0.0698242
0 0.127148 0.872559 0.0152344 0.0166016 0.0678101
0 0.480469 0.010498 0.0132813 0.0152588 0.0648804
0 0.528906 0.545898 0.0289063 0.0263672 0.0616455
0 0.090625 0.599121 0.0171875 0.0205078 0.0607605
0 0.518359 0.557129 0.0429688 0.0400391 0.0600891
0 0.0320312 0.178711 0.0125977 0.0205078 0.0579224
0 0.819531 0.0223999 0.0265625 0.0327148 0.0577087
0 0.935156 0.336182 0.040625 0.0317383 0.0568542
0 0.864844 0.0116577 0.015625 0.0167236 0.0560303
0 0.833594 0.0238037 0.0203125 0.0351562 0.0544128
0 0.525781 0.547363 0.0398437 0.0361328 0.0522461
0 0.0566406 0.661621 0.0257812 0.0244141 0.0514526
0 0.894531 0.270264 0.0078125 0.0146484 0.0499573
0 0.0566406 0.662109 0.0314453 0.0361328 0.0483093
0 0.867188 0.0249023 0.0453125 0.0498047 0.0465393
0 0.832031 0.0247803 0.040625 0.0469971 0.0453491
0 0.619141 0.0505676 0.0453125 0.0770874 0.0450134
0 0.113184 0.616699 0.0275391 0.0361328 0.0441895
0 0.86875 0.0230713 0.025 0.0374756 0.0437012
0 0.917969 0.330566 0.025 0.0195312 0.0417786
0 0.89375 0.0235596 0.01875 0.0391846 0.0409851
0 0.929688 0.333496 0.040625 0.0224609 0.0403748
0 0.13623 0.672363 0.0185547 0.0332031 0.0402527
0 0.921094 0.332031 0.0390625 0.0327148 0.0396423
0 0.0811523 0.251221 0.00957031 0.0209961 0.0387573
0 0.12793 0.595215 0.0144531 0.0146484 0.0386047
0 0.113672 0.616699 0.0486328 0.0527344 0.0384521
0 0.857031 0.0357971 0.0375 0.0563354 0.0383301
0 0.892187 0.0245361 0.0296875 0.0488281 0.0360718
0 0.891406 0.013855 0.015625 0.0178223 0.0358276
0 0.920313 0.0259399 0.0296875 0.0349121 0.0344849
0 0.433203 0.0183105 0.040625 0.0366211 0.0343628
0 0.0791992 0.204102 0.0128906 0.0273438 0.0340881
0 0.189063 0.0335693 0.0125 0.0175781 0.0339661
0 0.509766 0.545898 0.0304688 0.0263672 0.0339661
0 0.859375 0.0396729 0.0171875 0.0371094 0.0333252
0 0.0135742 0.00695801 0.0107422 0.013916 0.0325928
0 0.921094 0.0276489 0.0515625 0.0531006 0.0325928
0 0.734375 0.871094 0.009375 0.0146484 0.0316162
0 0.858594 0.0324097 0.05625 0.0648193 0.0314941
0 0.505859 0.0723877 0.0203125 0.0395508 0.0299835
0 0.111914 0.666504 0.0298828 0.0322266 0.0288696
0 0.111426 0.676758 0.0289063 0.0439453 0.0267639
0 0.778906 0.0145874 0.0203125 0.0189209 0.0266571
0 0.811719 0.022644 0.0203125 0.0310059 0.0264587
0 0.430078 0.0115967 0.0195312 0.0170898 0.0257568
0 0.109473 0.675781 0.0451172 0.0556641 0.0255585
0 0.166016 0.227051 0.0101562 0.0219727 0.0252686
0 0.0916016 0.599121 0.0210938 0.03125 0.0250854
0 0.433203 0.0179443 0.0304688 0.0324707 0.0243378
0 0.619141 0.0551758 0.03125 0.0517578 0.0241394
0 0.769531 0.0154419 0.0203125 0.0155029 0.0239563
0 0.114355 0.492676 0.0125 0.0136719 0.0236053
0 0.214648 0.572266 0.0210938 0.0283203 0.0234222
0 0.492969 0.0194092 0.0226563 0.0255127 0.0227203
0 0.535547 0.541504 0.0117188 0.0146484 0.0227203
0 0.619141 0.043457 0.0351562 0.0617676 0.0214539
0 0.127539 0.873047 0.0222656 0.0273438 0.0211182
0 0.0100098 0.661133 0.0200195 0.0439453 0.0211182
0 0.8875 0.813477 0.009375 0.0136719 0.0209656
0 0.50625 0.072113 0.0335938 0.055481 0.02034
0 0.960156 0.821777 0.0125 0.0175781 0.02034
0 0.85625 0.0482788 0.0125 0.0212402 0.0197906
0 0.792969 0.0201416 0.0109375 0.0211182 0.0195618
0 0.964063 0.0093689 0.0171875 0.0187378 0.0192719
0 0.84375 0.0287476 0.05 0.0574951 0.0187683
0 0.859375 0.0285645 0.0296875 0.0463867 0.0182953
0 0.0313965 0.179321 0.0233398 0.0310059 0.0181885
0 0.0794922 0.248291 0.0162109 0.034668 0.0179138
0 0.770312 0.0142822 0.03125 0.0239258 0.0178528
0 0.078418 0.204346 0.0191406 0.0302734 0.0178528
0 0.492188 0.0178223 0.0335938 0.0332031 0.0176392
0 0.598828 0.0405273 0.00859375 0.0336914 0.0174408
0 0.607031 0.043335 0.0421875 0.0686035 0.016983
0 0.833594 0.0127563 0.015625 0.0180664 0.0165863
0 0.882031 0.0496216 0.015625 0.0163574 0.0160217
0 0.845312 0.0266113 0.025 0.0383301 0.0156708
0 0.589453 0.00643921 0.0132813 0.0128784 0.0156021
0 0.864062 0.0136719 0.0234375 0.0255127 0.0155411
0 0.0904297 0.598633 0.0316406 0.0400391 0.0150146
0 0.605078 0.0415039 0.0203125 0.0405273 0.0148392
0 0.9875 0.958984 0.0171875 0.015625 0.0148392
0 0.0832031 0.947266 0.0203125 0.0195312 0.0147324
0 0.0516846 0.672363 0.023584 0.0292969 0.0145569
0 0.179883 0.0374756 0.0203125 0.0308838 0.014389
0 0.188477 0.879883 0.0101562 0.0126953 0.0143356
0 0.501172 0.0189209 0.0140625 0.0233154 0.0141754
0 0.0939453 0.121338 0.00917969 0.0161133 0.0141754
0 0.961719 0.00720215 0.0140625 0.0144043 0.0139542
0 0.682031 0.0109863 0.0164062 0.0159912 0.0139008
0 0.0970703 0.0217896 0.00917969 0.0264893 0.0137405
0 0.0510742 0.67334 0.015625 0.0263672 0.0136337
0 0.848437 0.0371094 0.0140625 0.0334473 0.0134277
0 0.792188 0.0111084 0.009375 0.0174561 0.0133286
0 0.816406 0.0155029 0.01875 0.019165 0.0131226
0 0.506641 0.0802002 0.0203125 0.0339355 0.0130234
0 0.480078 0.0121765 0.0234375 0.024353 0.0128708
0 0.482422 0.0158081 0.01875 0.019043 0.0124283
0 0.514844 0.081665 0.0132813 0.0319824 0.0118713
0 0.406641 0.324463 0.0078125 0.0131836 0.0114212
0 0.104297 0.608887 0.0273438 0.0292969 0.0114212
0 0.17832 0.0368042 0.0328125 0.0440674 0.0113754
0 0.936719 0.0224609 0.025 0.0319824 0.0108185
0 0.807813 0.0319824 0.0125 0.0205078 0.0108185
0 0.216797 0.0546875 0.0101562 0.0227051 0.0108185
0 0.867188 0.93042 0.021875 0.0200195 0.0107346
0 0.621875 0.0128784 0.0148437 0.0155029 0.0106506
0 0.128125 0.596191 0.0212891 0.0273438 0.0104523
0 0.646094 0.0541382 0.116406 0.108276 0.0103302
0 0.835156 0.0335083 0.0109375 0.0294189 0.0100937
0 0.891406 0.0154419 0.0234375 0.0280762 0.0100937
0 0.0108398 0.67334 0.0132813 0.0244141 0.00993347
0 0.985937 0.956055 0.015625 0.0117188 0.00985718
0 0.935156 0.0219116 0.0390625 0.041748 0.00971222
0 0.930469 0.0343018 0.0578125 0.0686035 0.00967407
0 0.958594 0.820312 0.0171875 0.0166016 0.00963593
0 0.0826172 0.947266 0.0384766 0.0273438 0.00952148
0 0.93125 0.0159302 0.0296875 0.0272217 0.00948334
0 0.89375 0.27124 0.0140625 0.0214844 0.00941467
0 0.172461 0.0384521 0.0222656 0.0316162 0.00926971
0 0.85625 0.0452881 0.021875 0.0349121 0.00926971
0 0.597656 0.0405884 0.0226563 0.0531006 0.0091629
0 0.12334 0.868164 0.0169922 0.0195312 0.00908661
0 0.0193848 0.0425415 0.0188477 0.0311279 0.00898743
0 0.188672 0.0340576 0.0207031 0.0294189 0.00894928
0 0.885156 0.0249634 0.021875 0.0352783 0.00891876
0 0.576563 0.985352 0.0117188 0.0136719 0.00891876
0 0.922656 0.342285 0.0328125 0.0307617 0.0088501
0 0.0708984 0.24292 0.0128906 0.0209961 0.00871277
0 0.0717773 0.249756 0.0111328 0.0161133 0.0086441
0 0.179883 0.0302734 0.0207031 0.0286865 0.00844574
0 0.171875 0.0380859 0.0390625 0.0544434 0.00837708
0 0.884375 0.0408936 0.0171875 0.0299072 0.00831604
0 0.946875 0.21582 0.009375 0.0161133 0.00828552
0 0.441016 0.0222168 0.0226563 0.0333252 0.00815582
0 0.104492 0.608887 0.0591797 0.0585938 0.00812531
0 0.582031 0.0102539 0.0203125 0.0186768 0.00800323
0 0.939844 0.330811 0.0171875 0.0151367 0.00800323
0 0.425 0.00738525 0.0132813 0.0141602 0.00787354
0 0.860156 0.00866699 0.0140625 0.0161133 0.00787354
0 0.869531 0.0386963 0.021875 0.0324707 0.0078125
0 0.0933594 0.125488 0.0125 0.0185547 0.00775528
0 0.930469 0.0340576 0.034375 0.041748 0.00751877
0 0.104395 0.684082 0.0251953 0.0341797 0.00751877
0 0.430078 0.013092 0.0304688 0.0261841 0.00748825
0 0.885938 0.814941 0.0109375 0.0136719 0.00746155
0 0.0090332 0.00787354 0.0148437 0.0157471 0.00734711
0 0.281836 0.0372925 0.0125 0.0297852 0.00734711
0 0.692578 0.0183411 0.0429688 0.0366821 0.00734711
0 0.653906 0.0552979 0.0742188 0.100586 0.00717545
0 0.0196289 0.0426941 0.0353516 0.0532837 0.00703812
0 0.882031 0.0291748 0.05625 0.0583496 0.0068779
0 0.0797852 0.247803 0.0242187 0.0380859 0.0068512
0 0.847656 0.0371094 0.053125 0.0620117 0.00682449
0 0.626562 0.0119629 0.0148437 0.0168457 0.00674438
0 0.630469 0.0394897 0.0234375 0.0422363 0.00674438
0 0.14624 0.665527 0.0161133 0.0263672 0.00674438
0 0.608594 0.0542603 0.01875 0.0428467 0.00669098
0 0.920313 0.0344238 0.025 0.0321045 0.00664139
0 0.733203 0.874512 0.0148437 0.0166016 0.00664139
0 0.792188 0.0197754 0.0296875 0.0368652 0.00653839
0 0.860937 0.927734 0.0203125 0.0175781 0.0064888
0 0.513672 0.0796204 0.0304688 0.0541382 0.0064888
0 0.127832 0.875 0.0308594 0.0253906 0.0064621
0 0.692187 0.0178833 0.0273438 0.0299072 0.00643921
0 0.130762 0.0361328 0.0236328 0.0300293 0.00638962
0 0.00893555 0.667969 0.0178711 0.0488281 0.00629044
0 0.832031 0.0162048 0.034375 0.0324097 0.00624084
0 0.808594 0.0151978 0.01875 0.0201416 0.00619125
0 0.133789 0.239502 0.00703125 0.0258789 0.00619125
0 0.842188 0.0114136 0.015625 0.0159912 0.00616837
0 0.30332 0.00717163 0.0152344 0.0143433 0.00614548
0 0.492188 0.0193787 0.053125 0.0387573 0.00614548
0 0.808594 0.0302734 0.0265625 0.0357666 0.00600433
0 0.482812 0.0155029 0.0359375 0.0270996 0.00600433
0 0.166992 0.228516 0.0179687 0.0390625 0.00595856
0 0.733203 0.873535 0.0179687 0.0273438 0.00595856
0 0.75625 0.0129395 0.015625 0.0151367 0.00582123
0 0.914844 0.334717 0.015625 0.0249023 0.00582123
0 0.835156 0.943359 0.009375 0.015625 0.00575256
0 0.880469 0.0381775 0.0453125 0.0615845 0.00570679
0 0.438672 0.0244141 0.0460938 0.0488281 0.00564194
0 0.599609 0.0518188 0.00546875 0.0264893 0.00557709
0 0.735156 0.878418 0.0101562 0.015625 0.0055542
0 0.907031 0.0256348 0.0203125 0.0311279 0.00551224
0 0.580078 0.0267944 0.04375 0.0535889 0.00551224
0 0.0960938 0.0160522 0.0113281 0.0236816 0.00542831
0 0.0966797 0.0214233 0.0148437 0.0394287 0.00538635
0 0.122461 0.868164 0.0324219 0.0400391 0.00538635
0 0.977344 0.026886 0.0453125 0.053772 0.00534439
0 0.630078 0.041748 0.05625 0.0834961 0.00534439
0 0.882031 0.0461426 0.021875 0.0300293 0.00530243
0 0.0112305 0.671875 0.0183594 0.0351562 0.00530243
0 0.114453 0.493652 0.0185547 0.0322266 0.00527954
0 0.807031 0.96875 0.0125 0.0117188 0.00526047
0 0.916406 0.337158 0.0234375 0.0332031 0.00526047
0 0.691797 0.0123901 0.0226563 0.0228271 0.00524139
0 0.275781 0.977539 0.00898437 0.0175781 0.00521851
0 0.442578 0.0370483 0.0226563 0.0478516 0.00518036
0 0.29082 0.0668945 0.0117188 0.0253906 0.00518036
0 0.580859 0.0235596 0.0226563 0.0340576 0.00510025
0 0.865625 0.931641 0.0390625 0.0292969 0.00498199
0 0.266992 0.0238037 0.0226563 0.0339355 0.00496292
0 0.867969 0.0378723 0.075 0.0678101 0.00496292
0 0.286914 0.0574646 0.0078125 0.0266724 0.0049057
0 0.755664 0.0175171 0.0199219 0.0152588 0.00486755
0 0.94375 0.220459 0.0109375 0.015625 0.00486755
0 0.849219 0.0487061 0.0078125 0.0187988 0.00475693
0 0.00922852 0.227295 0.018457 0.0976562 0.00468063
0 0.441016 0.039917 0.040625 0.079834 0.00457382
0 0.177148 0.236328 0.0101562 0.0205078 0.00450516
0 0.118359 0.0270996 0.0212891 0.0316162 0.00448608
0 0.523438 0.0834961 0.0078125 0.0266113 0.00448608
0 0.13125 0.0349731 0.0441406 0.0507812 0.00445175
0 0.0618164 0.672852 0.0140625 0.0263672 0.00429916
0 0.0138184 0.0100403 0.0200195 0.0200806 0.00429916
0 0.987891 0.960938 0.0242187 0.0273438 0.00426483
0 0.118945 0.654785 0.0130859 0.0146484 0.00421524
0 0.167773 0.236084 0.0113281 0.0229492 0.00416565
0 0.895312 0.111206 0.0109375 0.0141602 0.0041008
0 0.0194824 0.180298 0.0389648 0.0690918 0.0041008
0 0.503906 0.0615234 0.0140625 0.0209961 0.00407028
0 0.0359863 0.178894 0.01875 0.019165 0.00407028
0 0.620703 0.022644 0.0234375 0.0267334 0.00405502
0 0.809375 0.966797 0.009375 0.015625 0.00403976
0 0.597656 0.0418701 0.0304688 0.0620117 0.00400543
0 0.20332 0.205566 0.0132813 0.0219727 0.00397491
0 0.682031 0.0139771 0.0296875 0.0279541 0.00397491
0 0.58125 0.0130615 0.034375 0.026123 0.00392914
0 0.470313 0.00939941 0.0179687 0.0151367 0.00388527
0 0.0716797 0.249268 0.0177734 0.0297852 0.00385475
0 0.453125 0.0836182 0.015625 0.0234375 0.00383949
0 0.620313 0.0643311 0.0171875 0.0285645 0.00382423
0 0.178711 0.0309143 0.0507812 0.0618286 0.00380898
0 0.122656 0.875 0.0203125 0.0166016 0.00379562
0 0.644531 0.0536499 0.04375 0.0548096 0.00378036
0 0.730469 0.00915527 0.0125 0.0158691 0.00376511
0 0.00856934 0.228271 0.0171387 0.0537109 0.00376511
0 0.610547 0.0636292 0.009375 0.0214233 0.0037365
0 0.772656 0.973633 0.0125 0.0136719 0.0037365
0 0.102441 0.0233765 0.0136719 0.0302734 0.00372124
0 0.683984 0.0198364 0.0234375 0.0291748 0.00367928
0 0.486328 0.868164 0.0078125 0.015625 0.00365067
0 0.0081543 0.16748 0.0163086 0.0366211 0.00359344
0 0.910156 0.614258 0.0125 0.0146484 0.00359344
0 0.087793 0.947266 0.0208984 0.0175781 0.00359344
0 0.775781 0.976562 0.0125 0.015625 0.00359344
0 0.132324 0.226807 0.0107422 0.0322266 0.00356483
0 0.983984 0.0215454 0.0320312 0.0430908 0.00356483
0 0.620703 0.0152588 0.0289063 0.0268555 0.00353813
0 0.5 0.0195923 0.0234375 0.0283203 0.00353813
0 0.492969 0.0821533 0.0101562 0.0275879 0.00351143
0 0.132227 0.0316162 0.0613281 0.0632324 0.00351143
0 0.114746 0.495117 0.0314453 0.0371094 0.00351143
0 0.808594 0.0184021 0.0390625 0.0368042 0.00344276
0 0.950781 0.214111 0.009375 0.012207 0.00337601
0 0.683984 0.0214844 0.0335938 0.0429688 0.00337601
0 0.988281 0.0205078 0.0234375 0.0324707 0.00336266
0 0.45625 0.00769043 0.0164062 0.0140381 0.00335121
0 0.505469 0.0922852 0.0117188 0.0183105 0.00335121
0 0.0184082 0.179688 0.0264648 0.0458984 0.00335121
0 0.170898 0.0288086 0.0261719 0.0324707 0.00333786
0 0.404687 0.32666 0.0117188 0.0136719 0.00333786
0 0.919531 0.0137939 0.0234375 0.0185547 0.00332451
0 0.626562 0.0205078 0.01875 0.0239258 0.00332451
0 0.216602 0.982422 0.0117188 0.0136719 0.00331116
0 0.442187 0.0108643 0.0226563 0.0194092 0.00329781
0 0.0695312 0.242188 0.0220703 0.0449219 0.00329781
0 0.0291992 0.209717 0.0166016 0.0336914 0.00327301
0 0.516016 0.0756836 0.0234375 0.032959 0.00324821
0 0.983203 0.0212402 0.0335938 0.0383301 0.00322342
0 0.904688 0.0286255 0.05625 0.057251 0.00322342
0 0.00800781 0.669434 0.0160156 0.03125 0.00321007
0 0.123242 0.874512 0.0292969 0.0302734 0.00319672
