0 0.305859 0.910645 0.0363281 0.0380859 0.803223
0 0.190039 0.848633 0.0402344 0.0332031 0.796875
0 0.138477 0.556641 0.0214844 0.0351562 0.741699
0 0.0277832 0.605957 0.0366211 0.0361328 0.72168
0 0.0215332 0.660645 0.0232422 0.0488281 0.705566
0 0.151758 0.512695 0.0207031 0.0390625 0.690918
0 0.118555 0.825195 0.0267578 0.0390625 0.679199
0 0.141309 0.768555 0.0259766 0.0302734 0.665527
0 0.0644531 0.556641 0.0226563 0.0273438 0.655762
0 0.0620117 0.601562 0.0195312 0.0380859 0.652344
0 0.213086 0.441895 0.0253906 0.0322266 0.640625
0 0.0708984 0.741699 0.0183594 0.0478516 0.604004
0 0.15332 0.676758 0.0117188 0.0263672 0.483398
0 0.208398 0.477051 0.0113281 0.0185547 0.452393
0 0.00397949 0.744629 0.00795898 0.0263672 0.396973
0 0.0919922 0.808105 0.0136719 0.0400391 0.339844
0 0.0932617 0.813477 0.0173828 0.0419922 0.315674
0 0.24375 0.417725 0.0117188 0.0161133 0.286865
0 0.217187 0.438477 0.0175781 0.0253906 0.283691
0 0.109961 0.591309 0.0107422 0.0175781 0.273682
0 0.0671875 0.685059 0.0130859 0.0478516 0.259033
0 0.0254395 0.651855 0.0175781 0.0302734 0.213989
0 0.152686 0.677734 0.0176758 0.0292969 0.194946
0 0.0631836 0.596191 0.0142578 0.0214844 0.162354
0 0.207813 0.477539 0.0167969 0.0224609 0.154053
0 0.24375 0.418457 0.0167969 0.0209961 0.144653
0 0.109277 0.591797 0.0148437 0.0205078 0.134766
0 0.0675781 0.688477 0.0191406 0.0449219 0.121704
0 0.0725586 0.73584 0.0140625 0.0361328 0.117554
0 0.00517578 0.746094 0.0103516 0.0322266 0.115967
0 0.121094 0.825195 0.0191406 0.03125 0.113953
0 0.216602 0.438965 0.025 0.03125 0.111633
0 0.0251953 0.655273 0.0229492 0.0371094 0.102661
0 0.183594 0.844727 0.0421875 0.0351562 0.0977173
0 0.0666016 0.551758 0.0185547 0.0214844 0.0946655
0 0.182227 0.843262 0.0269531 0.0224609 0.0913696
0 0.0648438 0.668945 0.00800781 0.0224609 0.083313
0 0.247461 0.413818 0.0148437 0.0161133 0.0692749
0 0.109277 0.818359 0.0169922 0.0273438 0.0675659
0 0.155029 0.50293 0.0145508 0.0224609 0.0634766
0 0.00671387 0.746582 0.0134277 0.0351562 0.0572815
0 0.06875 0.746582 0.0238281 0.0419922 0.0539856
0 0.0598633 0.60791 0.0107422 0.0224609 0.0512695
0 0.294141 0.901367 0.015625 0.0205078 0.0490417
0 0.108984 0.818848 0.0335938 0.0419922 0.0469055
0 0.143457 0.549316 0.0130859 0.0224609 0.0450134
0 0.0185059 0.667969 0.0240234 0.0380859 0.0435181
0 0.0233398 0.609863 0.0321289 0.0283203 0.0433655
0 0.196094 0.851074 0.034375 0.0351562 0.0427246
0 0.150244 0.516113 0.0166992 0.03125 0.0414734
0 0.105957 0.811523 0.0121094 0.0195312 0.0368958
0 0.135742 0.561035 0.0173828 0.0292969 0.035553
0 0.0598633 0.60791 0.0162109 0.0263672 0.0310211
0 0.153516 0.673828 0.0230469 0.03125 0.0309143
0 0.0598633 0.561035 0.0144531 0.0205078 0.0292053
0 0.0368164 0.601074 0.0300781 0.03125 0.0271759
0 0.210156 0.475586 0.015625 0.0244141 0.0271759
0 0.173633 0.837891 0.00859375 0.0146484 0.0268555
0 0.295508 0.90332 0.0265625 0.0332031 0.0263519
0 0.0351562 0.602539 0.0429688 0.0419922 0.0254669
0 0.155713 0.503906 0.0206055 0.0302734 0.024704
0 0.0657227 0.550781 0.0306641 0.03125 0.021698
0 0.0643555 0.595703 0.0263672 0.0341797 0.0190582
0 0.144678 0.550293 0.0204102 0.0341797 0.0189819
0 0.147266 0.761719 0.0140625 0.0185547 0.0173035
0 0.248047 0.414795 0.0199219 0.0244141 0.016922
0 0.210742 0.454102 0.0222656 0.0400391 0.0167236
0 0.116797 0.816895 0.0166016 0.0234375 0.0164032
0 0.29707 0.904297 0.0335938 0.0419922 0.0160217
0 0.212891 0.440308 0.0132813 0.0197754 0.0157776
0 0.20918 0.456543 0.0121094 0.03125 0.0156708
0 0.205469 0.480469 0.0152344 0.0175781 0.0156021
0 0.0613281 0.55957 0.0222656 0.0263672 0.014389
0 0.154443 0.50293 0.0286133 0.0371094 0.0142288
0 0.0655273 0.671875 0.0130859 0.0302734 0.0137939
0 0.0602295 0.683105 0.0307129 0.0585938 0.0132217
0 0.0907227 0.800781 0.00976562 0.0166016 0.0131226
0 0.210938 0.454102 0.0277344 0.0517578 0.0119629
0 0.0626953 0.68457 0.0183594 0.0341797 0.00974274
0 0.210742 0.476562 0.0230469 0.0292969 0.00967407
0 0.143506 0.54834 0.0297852 0.0439453 0.00941467
0 0.0625 0.69043 0.0226563 0.046875 0.00878143
0 0.0326172 0.598633 0.0246094 0.0214844 0.00831604
0 0.0638672 0.691406 0.0136719 0.0292969 0.00806427
0 0.223633 0.431396 0.0117188 0.0131836 0.00800323
0 0.071582 0.554199 0.0142578 0.0185547 0.00784302
0 0.0876953 0.806152 0.0210938 0.0498047 0.00784302
0 0.305469 0.917969 0.0382813 0.0341797 0.00763702
0 0.0640625 0.608398 0.009375 0.0283203 0.00728989
0 0.138867 0.766602 0.0136719 0.0175781 0.00703812
0 0.0891602 0.806641 0.0142578 0.0302734 0.00653839
0 0.146436 0.770996 0.0196289 0.03125 0.00641251
0 0.0651367 0.670898 0.0193359 0.0390625 0.00605011
0 0.174609 0.840332 0.0171875 0.0224609 0.00595856
0 0.191016 0.855469 0.0375 0.0302734 0.00572968
0 0.12207 0.830078 0.0351562 0.0400391 0.00559998
0 0.11709 0.816895 0.0269531 0.0380859 0.00547028
0 0.0724609 0.696289 0.0128906 0.0195312 0.00530243
0 0.00610352 0.74707 0.012207 0.0263672 0.00519943
0 0.0885742 0.81543 0.0230469 0.0527344 0.00502014
0 0.15957 0.510254 0.0171875 0.0234375 0.00475693
0 0.112012 0.593262 0.00976562 0.0136719 0.0046463
0 0.14668 0.555664 0.0167969 0.0234375 0.00457382
0 0.0741211 0.731445 0.0207031 0.0537109 0.00457382
0 0.213086 0.439453 0.0332031 0.0429688 0.00448608
0 0.00634766 0.746094 0.0126953 0.046875 0.00441742
0 0.315234 0.921875 0.0136719 0.0214844 0.00436401
0 0.0308105 0.597656 0.0518555 0.0546875 0.00407028
0 0.0642578 0.606445 0.0205078 0.0371094 0.00382423
0 0.0688477 0.702148 0.0125 0.0273438 0.0037365
0 0.1125 0.827148 0.0164062 0.0195312 0.00366402
0 0.106055 0.812012 0.0451172 0.0458984 0.00365067
0 0.0871094 0.805176 0.0300781 0.0546875 0.00353813
0 0.0703125 0.699707 0.0181641 0.0410156 0.00329781
0 0.175586 0.84375 0.0101562 0.0185547 0.00327301
0 0.0613281 0.669434 0.0132813 0.0205078 0.00322342
0 0.0412109 0.595215 0.0121094 0.0136719 0.00317192
0 0.115723 0.815918 0.0410156 0.0507812 0.00314713
0 0.173828 0.838867 0.025 0.0273438 0.0030632
0 0.314258 0.92041 0.0210938 0.0322266 0.00304031
0 0.015332 0.665527 0.0287109 0.0537109 0.00302696
0 0.0899414 0.817383 0.0191406 0.0292969 0.00300407
0 0.0153809 0.666992 0.0168945 0.0283203 0.00279045
0 0.311133 0.906738 0.0199219 0.0195312 0.00277901
0 0.224219 0.443237 0.0132813 0.0178223 0.0026722
0 0.144141 0.776367 0.0351562 0.0371094 0.00263214
0 0.0743164 0.751953 0.00859375 0.0283203 0.00255013
0 0.148242 0.761719 0.021875 0.0292969 0.00248146
0 0.0921875 0.800781 0.0169922 0.0322266 0.00234222
0 0.0649414 0.743652 0.0269531 0.0576172 0.00223351
0 0.0936523 0.822754 0.01875 0.0371094 0.00218201
0 0.111426 0.82666 0.0353516 0.0371094 0.00216484
0 0.0936523 0.824707 0.0146484 0.0234375 0.00208282
0 0.0645508 0.606445 0.0308594 0.0400391 0.00208282
0 0.0446289 0.664551 0.0183594 0.0234375 0.00202751
0 0.0657227 0.744629 0.0191406 0.0273438 0.00200272
0 0.312695 0.92041 0.0367187 0.0380859 0.00183868
0 0.0701172 0.699707 0.0253906 0.0537109 0.00178909
0 0.160938 0.679688 0.0132813 0.0136719 0.00171375
0 0.0745117 0.731445 0.0306641 0.0673828 0.00170708
0 0.153906 0.68457 0.0125 0.0185547 0.00166798
0 0.00234375 0.735352 0.0046875 0.0224609 0.0016489
0 0.138623 0.765137 0.0383789 0.0449219 0.0015974
0 1 0.985352 0 0.0175781 0.00158501
0 0.199219 0.843262 0.015625 0.0166016 0.00156689
0 0.998438 0.0448608 0.003125 0.0897217 0.00152493
0 0.160352 0.510742 0.0265625 0.0429688 0.00148964
0 1 0.95459 0 0.0908203 0.00146103
0 0.175781 0.845703 0.025 0.0302734 0.00145531
0 0.0723633 0.556641 0.0216797 0.0332031 0.00144958
0 0.0733398 0.694336 0.0177734 0.0390625 0.00143242
0 0.040332 0.610352 0.0167969 0.0234375 0.00134087
0 0.0771484 0.602539 0.0138672 0.015625 0.00131512
0 0.141406 0.777832 0.025 0.0263672 0.00129986
0 0.0851562 0.794434 0.00859375 0.015625 0.00124931
0 0.154687 0.682617 0.0148437 0.0302734 0.00119686
0 0.289844 0.897949 0.00703125 0.0146484 0.00117874
0 0.225781 0.43335 0.028125 0.0327148 0.0011692
0 0.148193 0.763184 0.0333008 0.0361328 0.0011692
0 0.146533 0.771973 0.0436523 0.0488281 0.00116062
0 0.203711 0.859863 0.0128906 0.0166016 0.0011425
0 0.14751 0.556641 0.0249023 0.0410156 0.0011425
0 0.215625 0.453613 0.0179687 0.0244141 0.00107288
0 0.00366211 0.057373 0.00732422 0.114746 0.00105667
0 0.0911133 0.798828 0.0326172 0.0419922 0.00104809
0 0.999219 0.00891113 0.0015625 0.0178223 0.00102043
0 0.0585938 0.670898 0.0326172 0.0449219 0.00102043
0 0.21543 0.450073 0.0339844 0.0432129 0.00100422
