0 0.454688 0.864746 0.0421875 0.0341797 0.751953
0 0.36875 0.418457 0.0234375 0.0439453 0.746094
0 0.354297 0.750488 0.0203125 0.0546875 0.680664
0 0.417188 0.452148 0.0226563 0.0322266 0.657715
0 0.365625 0.578613 0.025 0.0351562 0.649414
0 0.446094 0.442383 0.0195312 0.0341797 0.647949
0 0.372266 0.509277 0.01875 0.0302734 0.577637
0 0.479297 0.397217 0.0132813 0.0200195 0.559082
0 0.440625 0.396973 0.0109375 0.03125 0.526367
0 0.399219 0.503906 0.015625 0.03125 0.482422
0 0.430859 0.592773 0.0117188 0.0234375 0.475586
0 0.43125 0.500977 0.025 0.0400391 0.445557
0 0.532812 0.362061 0.0210938 0.0322266 0.413086
0 0.596094 0.275146 0.0148437 0.0292969 0.363037
0 0.492578 0.357422 0.0125 0.0288086 0.360352
0 0.491016 0.359863 0.0179687 0.0336914 0.341553
0 0.567578 0.307129 0.0101562 0.0180664 0.33374
0 0.434375 0.498535 0.0171875 0.0400391 0.329346
0 0.353125 0.691406 0.0164062 0.0449219 0.325195
0 0.430859 0.59375 0.0179687 0.0253906 0.287842
0 0.479297 0.397217 0.0171875 0.0239258 0.270508
0 0.435156 0.493164 0.015625 0.0273438 0.268066
0 0.596094 0.275391 0.0242187 0.0361328 0.259033
0 0.34873 0.625488 0.00957031 0.0185547 0.251709
0 0.440234 0.397705 0.0164062 0.0332031 0.250977
0 0.3875 0.537598 0.0148437 0.03125 0.240723
0 0.399219 0.507812 0.0117188 0.0253906 0.233765
0 0.349219 0.627441 0.0117188 0.0283203 0.227417
0 0.499609 0.408447 0.0171875 0.0263672 0.19873
0 0.371875 0.420898 0.0171875 0.0322266 0.194336
0 0.497266 0.411133 0.0164062 0.019043 0.193726
0 0.537891 0.355713 0.0109375 0.0200195 0.193115
0 0.363281 0.407471 0.0132813 0.0209961 0.171021
0 0.501172 0.406006 0.0109375 0.0195312 0.170532
0 0.401563 0.5 0.0125 0.0195312 0.164551
0 0.351172 0.686035 0.0125 0.0458984 0.164551
0 0.373828 0.425049 0.0125 0.0327148 0.163452
0 0.417188 0.489746 0.0125 0.0234375 0.15918
0 0.473047 0.378174 0.00859375 0.0229492 0.144653
0 0.448047 0.43457 0.0125 0.0205078 0.144165
0 0.364453 0.412109 0.021875 0.0390625 0.138428
0 0.593359 0.278564 0.0171875 0.0229492 0.136597
0 0.567969 0.307373 0.0132813 0.0224609 0.136108
0 0.474609 0.366943 0.0109375 0.0239258 0.132935
0 0.474219 0.372559 0.00703125 0.0234375 0.112
0 0.597656 0.270264 0.0195312 0.0302734 0.104126
0 0.472656 0.37793 0.0140625 0.0292969 0.0903931
0 0.496875 0.409912 0.025 0.0239258 0.0806274
0 0.369141 0.512695 0.0226563 0.0263672 0.0797729
0 0.388672 0.537598 0.0210938 0.0361328 0.078064
0 0.348047 0.627441 0.0179687 0.0302734 0.0710449
0 0.417188 0.491699 0.0226563 0.0351562 0.0675659
0 0.533984 0.362061 0.0273438 0.0385742 0.062561
0 0.394531 0.521484 0.0101562 0.0273438 0.0616455
0 0.398438 0.507812 0.0203125 0.0302734 0.0605164
0 0.440625 0.856934 0.0179687 0.0185547 0.0574951
0 0.473437 0.372559 0.0117188 0.0317383 0.0566406
0 0.423047 0.446411 0.0171875 0.026123 0.0549927
0 0.414844 0.456055 0.0226563 0.0322266 0.0524292
0 0.361328 0.403564 0.00859375 0.015625 0.0488586
0 0.420703 0.480957 0.00859375 0.0185547 0.0460205
0 0.475781 0.368164 0.0195312 0.0356445 0.0456848
0 0.364453 0.40918 0.01875 0.027832 0.0450134
0 0.403125 0.501465 0.01875 0.0283203 0.0427246
0 0.373437 0.424805 0.021875 0.0341797 0.0423889
0 0.351074 0.687988 0.0197266 0.0595703 0.0396423
0 0.355762 0.76123 0.0212891 0.0537109 0.0391846
0 0.538281 0.357178 0.0148437 0.0258789 0.0390625
0 0.6 0.264893 0.0125 0.0141602 0.0379028
0 0.375391 0.502441 0.0117188 0.0146484 0.0360718
0 0.350879 0.625488 0.0107422 0.0224609 0.0348816
0 0.415625 0.452148 0.0296875 0.0390625 0.0342407
0 0.629687 0.271484 0.0078125 0.0136719 0.0337219
0 0.501562 0.406006 0.0132813 0.0249023 0.032959
0 0.444141 0.448242 0.0265625 0.0302734 0.0317383
0 0.394141 0.522461 0.0257812 0.0419922 0.0310211
0 0.442578 0.449707 0.0171875 0.0214844 0.0301056
0 0.35166 0.756836 0.0318359 0.0537109 0.0290833
0 0.476953 0.384766 0.0109375 0.0283203 0.0288696
0 0.449219 0.435547 0.0179687 0.0283203 0.0288696
0 0.437109 0.852051 0.0078125 0.015625 0.0287628
0 0.476172 0.397461 0.0132813 0.0229492 0.0272675
0 0.354004 0.733398 0.00839844 0.0214844 0.0268555
0 0.475 0.397217 0.0195312 0.0336914 0.0238647
0 0.442578 0.858398 0.0320312 0.0341797 0.0236053
0 0.565625 0.309082 0.0140625 0.0175781 0.0230713
0 0.471875 0.37207 0.0179687 0.0361328 0.0219421
0 0.383203 0.547852 0.00703125 0.0166016 0.0200195
0 0.568359 0.30835 0.0203125 0.0253906 0.0185394
0 0.538281 0.35791 0.0226563 0.0292969 0.0174408
0 0.349219 0.681152 0.025 0.0537109 0.0170441
0 0.403906 0.500977 0.0273438 0.0380859 0.0165253
0 0.501172 0.405762 0.0226563 0.0288086 0.0164032
0 0.423828 0.446289 0.0335938 0.0351562 0.0156021
0 0.492578 0.405029 0.0179687 0.019043 0.0151901
0 0.477344 0.383057 0.0203125 0.0444336 0.0150146
0 0.420312 0.50293 0.0117188 0.0253906 0.0149536
0 0.355469 0.69873 0.0132813 0.0361328 0.0147858
0 0.474609 0.395996 0.0296875 0.0361328 0.0134277
0 0.354199 0.763184 0.0259766 0.0390625 0.0131683
0 0.351953 0.749023 0.0234375 0.0419922 0.0130234
0 0.428906 0.512207 0.0171875 0.0195312 0.0126266
0 0.44375 0.858887 0.040625 0.0419922 0.0121918
0 0.449219 0.436279 0.025 0.034668 0.0118256
0 0.420703 0.480957 0.021875 0.0263672 0.0107346
0 0.358691 0.757324 0.0177734 0.0380859 0.0103683
0 0.430469 0.510742 0.0179687 0.0263672 0.0102081
0 0.373828 0.505859 0.0125 0.0175781 0.00912476
0 0.435156 0.50293 0.0289063 0.0478516 0.0088501
0 0.485938 0.361084 0.0140625 0.0185547 0.00857544
0 0.430469 0.510742 0.0265625 0.0292969 0.00854492
0 0.437891 0.854492 0.0132813 0.0214844 0.00821686
0 0.360645 0.403809 0.0240234 0.0297852 0.00793457
0 0.355078 0.69873 0.0226563 0.0439453 0.00775528
0 0.41875 0.501465 0.0429688 0.0458984 0.00701141
0 0.476562 0.38208 0.03125 0.0595703 0.0069046
0 0.599219 0.269043 0.015625 0.0239258 0.00674438
0 0.383203 0.547852 0.0179687 0.0283203 0.00653839
0 0.601953 0.354248 0.009375 0.0214844 0.00612259
0 0.358984 0.754883 0.0203125 0.0527344 0.006073
0 0.601562 0.264893 0.0164062 0.0253906 0.00588989
0 0.355566 0.734863 0.0138672 0.0322266 0.00570679
0 0.441016 0.405029 0.009375 0.0249023 0.00526047
0 0.434375 0.598145 0.0117188 0.0146484 0.00521851
0 0.399609 0.503418 0.0101562 0.0175781 0.00498199
0 0.419531 0.480957 0.03125 0.0341797 0.00494385
0 0.629687 0.272217 0.0109375 0.0214844 0.00481033
0 0.481641 0.401611 0.025 0.0292969 0.00471878
0 0.376953 0.50293 0.01875 0.0244141 0.00462723
0 0.598047 0.268799 0.0257812 0.0439453 0.00429916
0 0.601953 0.364014 0.0101562 0.0219727 0.00416565
0 0.480078 0.40332 0.0195312 0.0205078 0.00415039
0 0.485547 0.362061 0.0296875 0.0371094 0.00407028
0 0.436328 0.853027 0.0195312 0.0263672 0.00397491
0 0.491016 0.405273 0.0390625 0.0361328 0.00376511
0 0.429297 0.57959 0.00625 0.0244141 0.00367928
0 0.426562 0.484863 0.0117188 0.0136719 0.00358009
0 0.497656 0.354492 0.0109375 0.0131836 0.00355148
0 0.441797 0.402344 0.0179687 0.0336914 0.00353813
0 0.382422 0.546387 0.0265625 0.03125 0.00342941
0 0.372656 0.568848 0.0148437 0.0214844 0.00332451
0 0.526953 0.366211 0.0179687 0.019043 0.003088
0 0.601172 0.264404 0.0265625 0.0288086 0.003088
0 0.382422 0.52002 0.0109375 0.0283203 0.00299263
0 0.366797 0.789551 0.0078125 0.0107422 0.00293541
0 0.461719 0.860352 0.0203125 0.0195312 0.00293541
0 0.426562 0.456543 0.0117188 0.0185547 0.00291252
0 0.403125 0.51416 0.0101562 0.0263672 0.00291252
0 0.628125 0.271729 0.0203125 0.0229492 0.00251198
0 0.388672 0.544922 0.0101562 0.0214844 0.00247192
0 0.485938 0.360352 0.0445312 0.0488281 0.0024147
0 0.35459 0.734863 0.0251953 0.0507812 0.00239754
0 0.472656 0.40625 0.0109375 0.015625 0.00236893
0 0.492188 0.404785 0.0578125 0.0463867 0.00228691
0 0.453516 0.399658 0.0109375 0.0151367 0.00219154
0 0.420703 0.442749 0.0140625 0.0178223 0.00215721
0 0.492969 0.349365 0.0109375 0.012207 0.00208282
0 0.526172 0.366211 0.034375 0.0429688 0.00208282
0 0.442578 0.402588 0.0273438 0.0375977 0.00208282
0 0.498047 0.366699 0.0140625 0.0146484 0.00206757
0 0.376953 0.501953 0.0359375 0.0332031 0.00204277
0 0.596875 0.26709 0.0367187 0.0517578 0.00191212
0 0.532031 0.370117 0.0320312 0.0371094 0.00183105
0 0.380078 0.517578 0.0390625 0.0527344 0.0018177
0 0.359766 0.746582 0.0179687 0.0234375 0.0018034
0 0.360938 0.696777 0.0125 0.0195312 0.00171375
0 0.435937 0.59082 0.0117188 0.015625 0.00162315
0 0.531641 0.369629 0.021875 0.0327148 0.00162315
0 0.563281 0.307861 0.0195312 0.0361328 0.00158501
0 0.372266 0.503906 0.0351562 0.046875 0.00158501
0 0.360059 0.757812 0.0330078 0.0566406 0.00154305
0 0.465625 0.875 0.0164062 0.0214844 0.00151253
0 0.998828 0.0449829 0.00234375 0.0899658 0.00145531
0 1 0.954102 0 0.0917969 0.00143242
0 1 0.984375 0 0.0175781 0.00141621
0 0.438281 0.406494 0.00859375 0.019043 0.00137234
0 0.529297 0.371338 0.021875 0.0224609 0.00135136
0 0.439453 0.483887 0.0117188 0.0107422 0.00123501
0 0.603906 0.363281 0.0125 0.0375977 0.0012207
0 0.401953 0.513184 0.0296875 0.0458984 0.00119686
0 0.366016 0.511719 0.0140625 0.0185547 0.00113392
0 0.369531 0.566406 0.0132813 0.015625 0.00112438
0 0.373047 0.584961 0.0164062 0.0224609 0.00112057
0 0.398047 0.503418 0.03125 0.0410156 0.0011158
0 0.362109 0.772949 0.00859375 0.0175781 0.00111198
0 0.603516 0.35498 0.0132813 0.034668 0.00111198
0 0.389844 0.543457 0.0179687 0.0341797 0.00107288
0 0.00368652 0.057373 0.00737305 0.114746 0.00104046
0 0.350879 0.672363 0.00996094 0.0175781 0.00101185
