0 0.403125 0.714355 0.0695312 0.0732422 0.878418
0 0.330859 0.496582 0.0664062 0.0478516 0.837402
0 0.532422 0.382812 0.0398437 0.03125 0.825684
0 0.168164 0.448242 0.0332031 0.0410156 0.819824
0 0.258398 0.400879 0.0316406 0.0366211 0.819824
0 0.789844 0.559082 0.0609375 0.0498047 0.810547
0 0.0551758 0.563477 0.0509766 0.0507812 0.808105
0 0.971875 0.685059 0.0546875 0.0810547 0.801758
0 0.632422 0.599609 0.0328125 0.0556641 0.800781
0 0.729688 0.368652 0.0382813 0.0288086 0.796875
0 0.306445 0.395996 0.0351562 0.0332031 0.791992
0 0.0536133 0.474121 0.0208984 0.0322266 0.779785
0 0.960156 0.481934 0.059375 0.0449219 0.769043
0 0.0830078 0.453979 0.0400391 0.0422363 0.766113
0 0.582422 0.454956 0.040625 0.0393066 0.763672
0 0.0175293 0.487793 0.0350586 0.0419922 0.756348
0 0.0185303 0.391113 0.0370605 0.0371094 0.751953
0 0.391797 0.453613 0.0375 0.0419922 0.743164
0 0.404297 0.508789 0.0171875 0.0410156 0.733887
0 0.177344 0.367432 0.0261719 0.0307617 0.730469
0 0.243359 0.361084 0.0296875 0.0258789 0.697754
0 0.255273 0.495117 0.0328125 0.0439453 0.694336
0 0.0779297 0.415039 0.0193359 0.0229492 0.689941
0 0.0216309 0.352539 0.0325195 0.0224609 0.672363
0 0.195703 0.423584 0.0242187 0.0273438 0.663574
0 0.817969 0.445435 0.04375 0.0358887 0.645996
0 0.281641 0.478027 0.0378906 0.0478516 0.637207
0 0.108594 0.375732 0.0294922 0.0258789 0.635254
0 0.200586 0.270264 0.0214844 0.0175781 0.634277
0 0.664844 0.442871 0.0609375 0.0429688 0.624512
0 0.901563 0.437012 0.0296875 0.0341797 0.620605
0 0.229883 0.441284 0.0386719 0.0412598 0.605957
0 0.589453 0.513672 0.0195312 0.0351562 0.603027
0 0.310547 0.338379 0.0269531 0.0234375 0.59375
0 0.264453 0.307861 0.0125 0.0200195 0.591797
0 0.705859 0.449585 0.0304688 0.0285645 0.565918
0 0.0832031 0.3479 0.0177734 0.0166016 0.555664
0 0.468359 0.241211 0.0109375 0.0175781 0.536133
0 0.789844 0.442993 0.021875 0.0300293 0.512695
0 0.00444336 0.629883 0.00888672 0.0205078 0.50293
0 0.803906 0.52002 0.0328125 0.0263672 0.480469
0 0.161133 0.40625 0.015625 0.0205078 0.476562
0 0.00483398 0.572266 0.00966797 0.0400391 0.42334
0 0.163281 0.406738 0.015625 0.0244141 0.34082
0 0.248633 0.25708 0.0117188 0.0151367 0.339844
0 0.340039 0.24585 0.0117188 0.0136719 0.330322
0 0.122754 0.282715 0.0181641 0.0175781 0.330322
0 0.227148 0.436646 0.0246094 0.0251465 0.309082
0 0.0237793 0.455078 0.0291992 0.0244141 0.309082
0 0.272852 0.265869 0.0125 0.0151367 0.276611
0 0.284961 0.478516 0.0277344 0.0380859 0.274414
0 0.90625 0.218506 0.009375 0.015625 0.260498
0 0.997656 0.492188 0.0046875 0.0253906 0.258301
0 0.754102 0.552734 0.0183594 0.03125 0.253174
0 0.939062 0.219482 0.0109375 0.0131836 0.243652
0 0.113086 0.373535 0.0283203 0.0209961 0.240112
0 0.200391 0.269775 0.0273438 0.0239258 0.233765
0 0.0530273 0.475586 0.0283203 0.0410156 0.233765
0 0.639453 0.753418 0.0109375 0.0136719 0.227417
0 0.0763672 0.416016 0.0279297 0.0292969 0.224731
0 0.222656 0.500977 0.0210938 0.0351562 0.224731
0 0.404687 0.501953 0.0148437 0.0292969 0.221313
0 0.670703 0.219238 0.009375 0.0151367 0.219971
0 0.00617676 0.575195 0.0123535 0.0458984 0.20752
0 0.163086 0.40625 0.0210938 0.0283203 0.200562
0 0.226562 0.493652 0.0171875 0.0283203 0.191284
0 0.68125 0.426514 0.0210938 0.0219727 0.183594
0 0.0269043 0.453613 0.0256836 0.0185547 0.180054
0 0.788281 0.440796 0.01875 0.0178223 0.174927
0 0.751367 0.552734 0.0160156 0.0253906 0.171021
0 0.229883 0.500977 0.0316406 0.0380859 0.16394
0 0.0866211 0.452148 0.0351562 0.03125 0.162354
0 0.261133 0.489746 0.0457031 0.0507812 0.162354
0 0.754687 0.551758 0.0265625 0.0351562 0.160767
0 0.0209961 0.455078 0.0216797 0.0166016 0.156128
0 0.236328 0.442383 0.0273438 0.0351562 0.155029
0 0.172266 0.446167 0.0292969 0.0334473 0.154541
0 0.710547 0.44873 0.0257812 0.0244141 0.154541
0 0.249805 0.496582 0.0484375 0.0488281 0.153564
0 0.995703 0.492188 0.00859375 0.0263672 0.152588
0 0.264453 0.308105 0.0175781 0.0234375 0.14856
0 0.679688 0.427612 0.028125 0.0285645 0.147095
0 0.230664 0.503906 0.0207031 0.0302734 0.142212
0 0.323828 0.503906 0.0585938 0.0595703 0.139404
0 0.466797 0.241943 0.015625 0.0219727 0.137573
0 0.272656 0.266113 0.0160156 0.0185547 0.131592
0 0.753906 0.547852 0.0140625 0.0205078 0.126831
0 0.683203 0.425293 0.0195312 0.0161133 0.125977
0 0.224219 0.444458 0.025 0.0319824 0.124207
0 0.0847656 0.35083 0.0181641 0.0209961 0.119202
0 0.810938 0.445312 0.0390625 0.0263672 0.11676
0 0.325195 0.493164 0.0488281 0.0458984 0.115173
0 0.00556641 0.631348 0.0111328 0.0253906 0.115173
0 0.335156 0.215332 0.0113281 0.0131836 0.113159
0 0.262109 0.491211 0.0285156 0.0410156 0.113159
0 0.255859 0.487793 0.0230469 0.0302734 0.105957
0 0.257227 0.39502 0.0386719 0.0385742 0.0977173
0 0.668359 0.439453 0.0359375 0.0302734 0.0950317
0 0.360547 0.491211 0.0101562 0.0185547 0.0950317
0 0.332227 0.500488 0.0386719 0.0507812 0.0943604
0 0.81875 0.442383 0.0375 0.0253906 0.0900879
0 0.386719 0.45105 0.0320312 0.029541 0.0875854
0 0.0189941 0.495117 0.0379883 0.0419922 0.0875854
0 0.0834961 0.3479 0.0253906 0.0253906 0.0866089
0 0.278516 0.468262 0.0257812 0.0273438 0.0841675
0 0.402734 0.512695 0.0234375 0.0419922 0.0838623
0 0.936719 0.220215 0.0140625 0.0136719 0.0823975
0 0.405469 0.503418 0.0226563 0.0419922 0.0817871
0 0.248242 0.362549 0.0257812 0.0273438 0.0792236
0 0.248828 0.496582 0.0304688 0.0361328 0.0786133
0 0.786719 0.438354 0.0109375 0.0178223 0.0747681
0 0.964063 0.677246 0.046875 0.0830078 0.0747681
0 0.169482 0.440918 0.0391602 0.0410156 0.0739746
0 0.966406 0.212891 0.0109375 0.0131836 0.0734253
0 0.340039 0.245117 0.015625 0.019043 0.0715942
0 0.657812 0.437622 0.0335938 0.0280762 0.0713501
0 0.950781 0.480957 0.046875 0.0400391 0.0710449
0 0.405078 0.703125 0.0546875 0.0576172 0.0708008
0 0.939062 0.220703 0.015625 0.0200195 0.0700684
0 0.905469 0.21875 0.015625 0.0175781 0.0682983
0 0.255859 0.394531 0.03125 0.0292969 0.0680542
0 0.249414 0.258545 0.0199219 0.0219727 0.0661011
0 0.27832 0.47168 0.0378906 0.0390625 0.0658569
0 0.675 0.444336 0.03125 0.0283203 0.0656128
0 0.00566406 0.578125 0.0113281 0.0351562 0.0656128
0 0.273633 0.462891 0.0160156 0.0166016 0.0621033
0 0.733594 0.371338 0.0484375 0.0375977 0.0618896
0 0.964844 0.483887 0.040625 0.0400391 0.0603027
0 0.0134766 0.387939 0.0269531 0.0244141 0.0589905
0 0.967188 0.67334 0.0453125 0.0439453 0.0589905
0 0.00358887 0.566406 0.00717773 0.0205078 0.0587769
0 0.168555 0.439941 0.0277344 0.03125 0.0566406
0 0.223438 0.435059 0.0160156 0.0205078 0.0544128
0 0.240234 0.435913 0.0167969 0.020752 0.0526123
0 0.953125 0.656738 0.01875 0.0214844 0.0522461
0 0.960938 0.207764 0.0109375 0.0117188 0.0503235
0 0.775977 0.554688 0.0761719 0.0498047 0.0499573
0 0.12334 0.281982 0.0263672 0.0258789 0.0497742
0 0.324219 0.506348 0.0324219 0.0449219 0.0488586
0 0.660937 0.448364 0.0484375 0.0339355 0.0456848
0 0.985937 0.213623 0.0125 0.0112305 0.0455322
0 0.0621094 0.565918 0.0353516 0.0478516 0.0455322
0 0.197266 0.423828 0.0164062 0.0161133 0.0448608
0 0.0174805 0.356445 0.0349609 0.019043 0.0433655
0 0.243555 0.501465 0.0210938 0.0292969 0.0433655
0 0.786719 0.564453 0.0375 0.0419922 0.0430298
0 0.959375 0.668945 0.0390625 0.0585938 0.0420837
0 0.651563 0.443359 0.034375 0.0390625 0.0414734
0 0.252734 0.399414 0.0304688 0.0322266 0.0397949
0 0.248047 0.362305 0.0363281 0.0361328 0.0397949
0 0.0242676 0.490723 0.0300781 0.0419922 0.0379028
0 0.334961 0.215576 0.0160156 0.0200195 0.0379028
0 0.958594 0.666992 0.028125 0.0429688 0.0363464
0 0.638672 0.754395 0.0148437 0.015625 0.0351562
0 0.586328 0.45105 0.0328125 0.029541 0.033844
0 0.8 0.516113 0.015625 0.0166016 0.0330811
0 0.0233887 0.491699 0.0467773 0.0546875 0.032959
0 0.948438 0.480469 0.0328125 0.0283203 0.0328369
0 0.0234375 0.387207 0.0285156 0.0273438 0.0327148
0 0.10127 0.37793 0.0164062 0.0205078 0.0319824
0 0.577344 0.452759 0.034375 0.0310059 0.0317383
0 0.330371 0.488281 0.0423828 0.0253906 0.0302124
0 0.774219 0.553223 0.0390625 0.0332031 0.0297546
0 0.668359 0.219727 0.0148437 0.0166016 0.029541
0 0.788281 0.44043 0.0296875 0.0283203 0.0293121
0 0.0164062 0.484375 0.0328125 0.0537109 0.0292053
0 0.308008 0.333984 0.015625 0.0175781 0.0288696
0 0.173633 0.361816 0.0132813 0.0161133 0.0273743
0 0.0173828 0.496094 0.0288086 0.0361328 0.0270691
0 0.729688 0.365723 0.0320312 0.0200195 0.0267639
0 0.270312 0.478516 0.0230469 0.0292969 0.0263519
0 0.684766 0.425049 0.01875 0.0268555 0.0261536
0 0.935156 0.219482 0.0203125 0.0170898 0.0256653
0 0.970312 0.216797 0.009375 0.012207 0.0252686
0 0.0115479 0.483398 0.0230957 0.0283203 0.025177
0 0.31875 0.486816 0.0242187 0.0175781 0.025177
0 0.288477 0.483887 0.0183594 0.0371094 0.025177
0 0.33457 0.21875 0.0113281 0.0141602 0.024231
0 0.575 0.450684 0.0226563 0.0195312 0.0239563
0 0.637109 0.610352 0.0273438 0.0576172 0.0236969
0 0.036084 0.452148 0.0116211 0.015625 0.0236053
0 0.274609 0.466309 0.025 0.0263672 0.0234222
0 0.9375 0.478516 0.009375 0.0195312 0.0229797
0 0.270703 0.48291 0.0554687 0.0546875 0.0226288
0 0.286719 0.48291 0.0335938 0.0517578 0.0225372
0 0.670313 0.218018 0.015625 0.0205078 0.0223694
0 0.946875 0.484863 0.025 0.0283203 0.0220337
0 0.801562 0.518066 0.0234375 0.0263672 0.0220337
0 0.321094 0.488281 0.040625 0.0341797 0.021698
0 0.400391 0.722168 0.0492188 0.0488281 0.0216217
0 0.971094 0.480957 0.05 0.046875 0.0214539
0 0.953906 0.658691 0.025 0.0302734 0.0211182
0 0.396094 0.450684 0.0492188 0.0537109 0.0207214
0 0.0234375 0.393066 0.0325195 0.0356445 0.0206451
0 0.102246 0.37915 0.0228516 0.0244141 0.0206451
0 0.974219 0.676758 0.0515625 0.0556641 0.0206451
0 0.0224609 0.385742 0.0357422 0.0366211 0.0205688
0 0.628516 0.591309 0.0296875 0.0400391 0.0205688
0 0.0626953 0.473633 0.0134766 0.0234375 0.0204926
0 0.262891 0.312012 0.0128906 0.0200195 0.0200958
0 0.299219 0.390381 0.0167969 0.0166016 0.0198669
0 0.396875 0.44873 0.034375 0.0361328 0.0197144
0 0.353125 0.491211 0.028125 0.0234375 0.0193024
0 0.0145996 0.352295 0.0198242 0.0209961 0.0190582
0 0.303906 0.401855 0.0375 0.0302734 0.0190125
0 0.198633 0.269775 0.0117188 0.0131836 0.0189819
0 0.908594 0.431274 0.0140625 0.0270996 0.0189056
0 0.686328 0.422607 0.015625 0.0161133 0.0186462
0 0.185742 0.429565 0.0148437 0.0217285 0.0178528
0 0.996094 0.485352 0.0078125 0.0273438 0.0177765
0 0.696875 0.446777 0.021875 0.0205078 0.0177155
0 0.025 0.388428 0.05 0.0488281 0.0175171
0 0.183398 0.368652 0.0179687 0.0229492 0.0173798
0 0.2625 0.312012 0.0160156 0.0273438 0.016922
0 0.00556641 0.629395 0.0107422 0.0253906 0.0165253
0 0.0759766 0.448364 0.0230469 0.026123 0.0164642
0 0.311719 0.507324 0.0332031 0.0498047 0.0164642
0 0.778125 0.548828 0.0234375 0.0185547 0.0164032
0 0.994922 0.491699 0.0101562 0.0390625 0.016098
0 0.125098 0.790039 0.0121094 0.0175781 0.0160217
0 0.298828 0.756836 0.0113281 0.0175781 0.0156708
0 0.238867 0.357178 0.0136719 0.0161133 0.0155411
0 0.249414 0.358887 0.0164062 0.0170898 0.0153656
0 0.729102 0.36499 0.0511719 0.0454102 0.0153046
0 0.954687 0.472656 0.034375 0.0175781 0.0149002
0 0.351562 0.492188 0.0414063 0.0361328 0.0149002
0 0.465234 0.243408 0.0179687 0.0297852 0.0147858
0 0.971875 0.478516 0.0359375 0.0322266 0.0147324
0 0.583984 0.462891 0.0367187 0.0410156 0.0147324
0 0.309375 0.514648 0.0226563 0.0332031 0.0146713
0 0.0275879 0.478027 0.0210938 0.0244141 0.0145569
0 0.360547 0.491699 0.0140625 0.0224609 0.0145035
0 0.398047 0.701172 0.05 0.0410156 0.0144501
0 0.963281 0.680664 0.034375 0.0605469 0.0137405
0 0.240625 0.438477 0.0332031 0.0371094 0.0137405
0 0.626953 0.588867 0.025 0.0283203 0.0134277
0 0.157861 0.278809 0.0225586 0.0141602 0.0133286
0 0.309375 0.509766 0.0167969 0.0302734 0.0133286
0 0.978906 0.673828 0.0359375 0.0302734 0.0132217
0 0.0833008 0.41626 0.0146484 0.0214844 0.0131683
0 0.317773 0.516113 0.0171875 0.0263672 0.0129242
0 0.175 0.363037 0.0242187 0.0268555 0.0129242
0 0.311914 0.391357 0.0207031 0.0214844 0.0126266
0 0.308398 0.516602 0.015625 0.0244141 0.0126266
0 0.224414 0.436768 0.0300781 0.0356445 0.0125732
0 0.809375 0.520996 0.028125 0.03125 0.0123367
0 0.807813 0.438965 0.0203125 0.0126953 0.012146
0 0.302148 0.336182 0.0132813 0.0185547 0.0120544
0 0.938281 0.47998 0.0171875 0.0283203 0.0118713
0 0.316797 0.513184 0.03125 0.0361328 0.0117798
0 0.827344 0.439453 0.0203125 0.0195312 0.0116882
0 0.634766 0.592285 0.0320312 0.0351562 0.0116882
0 0.339258 0.500488 0.0332031 0.0332031 0.0115967
0 0.354688 0.980469 0.0132813 0.0136719 0.0115051
0 0.639063 0.612305 0.01875 0.0371094 0.0114212
0 0.582031 0.462402 0.028125 0.0332031 0.0114212
0 0.711719 0.454102 0.0226563 0.0283203 0.0113297
0 0.408594 0.510254 0.015625 0.0302734 0.0113297
0 0.957812 0.474121 0.05625 0.0380859 0.0112
0 0.30957 0.333984 0.0210938 0.027832 0.0110703
0 0.0254395 0.478027 0.0508789 0.0439453 0.0110703
0 0.261719 0.40625 0.0277344 0.0400391 0.0107803
0 0.996484 0.499023 0.00703125 0.0195312 0.0106964
0 0.960938 0.209717 0.0203125 0.0209961 0.0104065
0 0.6375 0.609863 0.0390625 0.0625 0.0102921
0 0.301367 0.391846 0.03125 0.0292969 0.0102463
0 0.0413086 0.463867 0.0160156 0.0263672 0.01017
0 0.0761719 0.458008 0.0162109 0.0322266 0.0100937
0 0.989844 0.718262 0.009375 0.0126953 0.0100098
0 0.289062 0.470703 0.0203125 0.0214844 0.00971222
0 0.966406 0.213135 0.021875 0.0244141 0.00971222
0 0.00629883 0.630859 0.0125977 0.0292969 0.00963593
0 0.696094 0.446655 0.0445312 0.0402832 0.00959778
0 0.0776367 0.449097 0.0416016 0.0510254 0.00952148
0 0.794531 0.448364 0.03125 0.0300293 0.00952148
0 0.90625 0.427002 0.0171875 0.019043 0.00941467
0 0.0676758 0.577148 0.015625 0.0195312 0.00941467
0 0.471484 0.242676 0.0125 0.0126953 0.00933838
0 0.769531 0.547852 0.0203125 0.015625 0.00905609
0 0.262891 0.407471 0.0183594 0.0336914 0.00898743
0 0.808594 0.520996 0.0421875 0.0449219 0.00894928
0 0.302344 0.337646 0.0230469 0.0273438 0.00854492
0 0.685156 0.427246 0.0289063 0.0351562 0.00847626
0 0.634375 0.59375 0.0484375 0.0683594 0.00831604
0 0.305859 0.260742 0.00859375 0.0117188 0.00828552
0 0.0153809 0.353271 0.0233398 0.027832 0.00828552
0 0.982813 0.217041 0.0109375 0.00976562 0.00806427
0 0.538672 0.376465 0.01875 0.0170898 0.00793457
0 0.967969 0.473633 0.0359375 0.0195312 0.00793457
0 0.46875 0.244629 0.0195312 0.0253906 0.00784302
0 0.398828 0.458008 0.028125 0.0380859 0.0078125
0 0.949219 0.652344 0.0140625 0.0166016 0.0077858
0 0.185352 0.432007 0.0378906 0.0373535 0.00775528
0 0.644531 0.437988 0.0148437 0.0146484 0.00769424
0 0.185937 0.417236 0.0125 0.0161133 0.00766754
0 0.245117 0.483887 0.0203125 0.0166016 0.00760651
0 0.00698242 0.572754 0.0139648 0.0449219 0.00746155
0 0.00424805 0.196777 0.00849609 0.0209961 0.00734711
0 0.0200195 0.350098 0.0219727 0.0151367 0.00723267
0 0.412109 0.720703 0.0429688 0.0517578 0.00723267
