0 0.742578 0.803223 0.0382813 0.0712891 0.602051
0 0.770312 0.675293 0.0421875 0.0878906 0.598145
0 0.666797 0.782715 0.046875 0.0400391 0.581543
0 0.651563 0.762207 0.0335938 0.0527344 0.529297
0 0.657812 0.60791 0.0625 0.0693359 0.370117
0 0.735937 0.787598 0.028125 0.0644531 0.365723
0 0.908594 0.754395 0.0234375 0.03125 0.350342
0 0.655078 0.769043 0.0351562 0.0556641 0.216064
0 0.84375 0.718262 0.0125 0.0146484 0.199951
0 0.672656 0.785645 0.0367187 0.0322266 0.190063
0 0.676172 0.781738 0.0210938 0.0244141 0.176636
0 0.771875 0.668945 0.0390625 0.0595703 0.162354
0 0.889844 0.0344238 0.0234375 0.0473633 0.15564
0 0.738867 0.793945 0.0363281 0.0751953 0.154541
0 0.967188 0.819824 0.0171875 0.0224609 0.151978
0 0.821094 0.712891 0.0078125 0.0185547 0.149048
0 0.405078 0.669434 0.009375 0.0136719 0.14563
0 0.661719 0.780273 0.0492188 0.0576172 0.135742
0 0.951172 0.947754 0.0976562 0.104492 0.135254
0 0.767187 0.686035 0.0515625 0.0712891 0.128052
0 0.888281 0.0288696 0.015625 0.0301514 0.124634
0 0.659375 0.612305 0.0484375 0.0537109 0.110107
0 0.815625 0.793457 0.0125 0.0136719 0.110107
0 0.733203 0.779785 0.0203125 0.0400391 0.108215
0 0.650391 0.597656 0.0554687 0.0625 0.105225
0 0.951953 0.897461 0.0960938 0.144531 0.10376
0 0.173633 0.668457 0.0105469 0.0234375 0.0933228
0 0.870313 0.929199 0.0609375 0.0751953 0.0894775
0 0.743555 0.812988 0.0347656 0.0488281 0.0856934
0 0.963281 0.774414 0.0125 0.0175781 0.0838623
0 0.922656 0.936279 0.11875 0.127441 0.081543
0 0.967969 0.819336 0.0296875 0.0322266 0.0809326
0 0.675 0.782227 0.0265625 0.03125 0.0747681
0 0.655078 0.70459 0.00859375 0.0126953 0.0723877
0 0.670703 0.820801 0.0195312 0.0273438 0.0723877
0 0.797461 0.934326 0.117578 0.131348 0.0700684
0 0.783594 0.868164 0.0953125 0.118164 0.069519
0 0.870313 0.932129 0.0421875 0.0498047 0.0690308
0 0.883594 0.836914 0.101562 0.117188 0.0656128
0 0.670703 0.819336 0.0226563 0.0390625 0.0651245
0 0.978516 0.813965 0.0429688 0.0488281 0.0634766
0 0.767969 0.687988 0.0375 0.0507812 0.0600891
0 0.903906 0.64502 0.0109375 0.0205078 0.058136
0 0.84375 0.718262 0.01875 0.0205078 0.0579224
0 0.65625 0.748047 0.0203125 0.0263672 0.0570679
0 0.869531 0.919189 0.08125 0.108887 0.0560303
0 0.785352 0.912598 0.108984 0.137695 0.055603
0 0.840625 0.688477 0.0109375 0.0175781 0.0520325
0 0.795508 0.851562 0.104297 0.125977 0.0516663
0 0.976953 0.811035 0.0460938 0.0654297 0.049408
0 0.886719 0.0393066 0.01875 0.0324707 0.0484924
0 0.820312 0.713379 0.015625 0.0273438 0.0446777
0 0.731641 0.763184 0.0164062 0.0175781 0.044342
0 0.172461 0.672363 0.0101562 0.0224609 0.0428772
0 0.773242 0.882324 0.0910156 0.118164 0.0411377
0 0.803906 0.836426 0.0875 0.0888672 0.0403748
0 0.719141 0.833008 0.0125 0.0126953 0.0396423
0 0.648047 0.599609 0.0367187 0.0478516 0.0393372
0 0.845312 0.805176 0.0546875 0.0478516 0.0393372
0 0.175 0.672852 0.0105469 0.0263672 0.037323
0 0.896094 0.86377 0.120312 0.136719 0.0372009
0 0.86875 0.918457 0.04375 0.0537109 0.0367737
0 0.652344 0.59082 0.0234375 0.0234375 0.0359497
0 0.774219 0.870605 0.075 0.0878906 0.035675
0 0.845312 0.805664 0.0359375 0.0361328 0.033844
0 0.575781 0.890137 0.0125 0.015625 0.0337219
0 0.939844 0.91333 0.120312 0.169434 0.0333252
0 0.98125 0.814453 0.0328125 0.0419922 0.0332031
0 0.655078 0.750488 0.028125 0.0410156 0.0322266
0 0.845312 0.897461 0.0265625 0.0234375 0.0317383
0 0.880469 0.939209 0.078125 0.0805664 0.0314941
0 0.80625 0.914551 0.117188 0.147461 0.0314941
0 0.9625 0.820801 0.0140625 0.0195312 0.0311432
0 0.9875 0.813477 0.025 0.0400391 0.0307922
0 0.842188 0.718262 0.0234375 0.0253906 0.0305634
0 0.750195 0.817383 0.0214844 0.0371094 0.0296478
0 0.870313 0.821777 0.1125 0.108398 0.028656
0 0.78125 0.868652 0.05625 0.0634766 0.0283356
0 0.853125 0.807617 0.0375 0.0380859 0.0279083
0 0.750195 0.805664 0.0246094 0.046875 0.0278015
0 0.95625 0.885742 0.059375 0.0703125 0.0271759
0 0.9375 0.607422 0.009375 0.0146484 0.0269623
0 0.882812 0.837891 0.0515625 0.0576172 0.0265503
0 0.17207 0.671387 0.0148437 0.03125 0.0265503
0 0.813281 0.683594 0.0078125 0.0117188 0.0263519
0 0.853125 0.807129 0.071875 0.0644531 0.026062
0 0.659766 0.743164 0.0125 0.0195312 0.0259552
0 0.853125 0.899902 0.034375 0.0302734 0.0252686
0 0.955469 0.961914 0.0609375 0.0742188 0.024704
0 0.645703 0.59082 0.0242187 0.0283203 0.0246124
0 0.903906 0.839844 0.0890625 0.100586 0.0243378
0 0.405078 0.67041 0.0125 0.0195312 0.0239563
0 0.762695 0.692383 0.0324219 0.0546875 0.0237732
0 0.954687 0.900879 0.065625 0.0830078 0.0231476
0 0.795313 0.881348 0.126563 0.155273 0.0227203
0 0.804688 0.836426 0.046875 0.0517578 0.0226288
0 0.770898 0.869629 0.0425781 0.0478516 0.0226288
0 0.909375 0.952881 0.1 0.0942383 0.0222015
0 0.858594 0.91626 0.040625 0.050293 0.02211
0 0.95625 0.242676 0.0109375 0.0151367 0.0217743
0 0.822656 0.713379 0.0109375 0.0126953 0.0217743
0 0.732422 0.765625 0.0234375 0.0292969 0.0210419
0 0.873438 0.836914 0.0921875 0.0917969 0.0206451
0 0.880469 0.942383 0.040625 0.0507812 0.0204163
0 0.935156 0.976562 0.0265625 0.0332031 0.0197906
0 0.944531 0.963135 0.0953125 0.0737305 0.0195618
0 0.774023 0.912842 0.0925781 0.10791 0.0195007
0 0.814844 0.792969 0.0203125 0.0205078 0.0192719
0 0.963281 0.821289 0.025 0.03125 0.0192719
0 0.896094 0.943359 0.135937 0.113281 0.0190582
0 0.934375 0.982422 0.0359375 0.0351562 0.0189819
0 0.892187 0.805176 0.0328125 0.0302734 0.0189362
0 0.629687 0.576172 0.0125 0.0185547 0.0186462
0 0.960938 0.975586 0.0546875 0.0488281 0.0185089
0 0.846094 0.896973 0.0515625 0.0439453 0.0184021
0 0.892187 0.853027 0.05625 0.0615234 0.0182648
0 0.853906 0.900391 0.0734375 0.0712891 0.0181274
0 0.860937 0.928711 0.040625 0.046875 0.0180206
0 0.63125 0.58252 0.0179687 0.0283203 0.0179901
0 0.810156 0.947021 0.103125 0.105957 0.0179138
0 0.965625 0.979492 0.06875 0.0410156 0.0177155
0 0.79375 0.852051 0.05625 0.0634766 0.0175781
0 0.891406 0.805664 0.059375 0.0507812 0.0173798
0 0.959375 0.963379 0.08125 0.0732422 0.0172424
0 0.783594 0.854492 0.046875 0.0507812 0.0170441
0 0.934375 0.97168 0.0578125 0.0566406 0.0167236
0 0.771094 0.882812 0.05 0.0625 0.0165863
0 0.955078 0.875488 0.0898438 0.0986328 0.0160217
0 0.882031 0.822754 0.05 0.0556641 0.0155411
0 0.332812 0.340332 0.0101562 0.0166016 0.0154877
0 0.290039 0.416504 0.009375 0.0205078 0.0153656
0 0.645312 0.592285 0.0453125 0.0478516 0.0153656
0 0.175586 0.669434 0.0140625 0.03125 0.0152512
0 0.748047 0.815918 0.0492188 0.0576172 0.0151901
0 0.771875 0.953125 0.10625 0.09375 0.0150146
0 0.580078 0.941406 0.0132813 0.0136719 0.0149536
0 0.84375 0.796875 0.0234375 0.0214844 0.0148392
0 0.817969 0.930664 0.096875 0.117188 0.0146713
0 0.761719 0.695801 0.0234375 0.0351562 0.0146179
0 0.892187 0.822266 0.04375 0.0546875 0.0146179
0 0.934375 0.986328 0.0234375 0.0253906 0.014389
0 0.795313 0.837402 0.0453125 0.0507812 0.0142822
0 0.817187 0.820312 0.025 0.0292969 0.0139542
0 0.903125 0.837402 0.046875 0.0576172 0.0139008
0 0.78125 0.882812 0.059375 0.0712891 0.0139008
0 0.820312 0.718262 0.0109375 0.0195312 0.0137939
0 0.632422 0.581055 0.0273438 0.0380859 0.0137939
0 0.598828 0.429688 0.0109375 0.0151367 0.0137405
0 0.782812 0.929688 0.0609375 0.0664062 0.0137405
0 0.985156 0.809082 0.0296875 0.0595703 0.0136871
0 0.663672 0.208252 0.0117188 0.0161133 0.0135345
0 0.566797 0.273682 0.0109375 0.0166016 0.0135345
0 0.846875 0.817383 0.0703125 0.0761719 0.0133286
0 0.782031 0.914307 0.0609375 0.065918 0.0132751
0 0.622266 0.858887 0.0125 0.0146484 0.0131226
0 0.886719 0.027832 0.028125 0.0524902 0.0130692
0 0.771094 0.899902 0.053125 0.0585938 0.0129242
0 0.792969 0.945312 0.0640625 0.0742188 0.0128708
0 0.871875 0.899902 0.107813 0.125977 0.0128708
0 0.817773 0.942139 0.147266 0.115723 0.0128708
0 0.870313 0.821777 0.0484375 0.0517578 0.0127258
0 0.946094 0.975586 0.0390625 0.0390625 0.0125732
0 0.917969 0.945068 0.0609375 0.0649414 0.0125275
0 0.840625 0.689453 0.015625 0.0253906 0.0121918
0 0.777344 0.65332 0.0234375 0.03125 0.0120544
0 0.771094 0.91333 0.053125 0.0561523 0.0120087
0 0.596484 0.425537 0.0109375 0.0136719 0.0119629
0 0.898438 0.0856934 0.0109375 0.0141602 0.0119171
0 0.871875 0.837402 0.046875 0.0458984 0.0117798
0 0.970312 0.987305 0.0375 0.0253906 0.0116882
0 0.750977 0.804688 0.0527344 0.0800781 0.0116425
0 0.964063 0.775391 0.0171875 0.0244141 0.011467
0 0.896094 0.946289 0.101562 0.103516 0.011467
0 0.95625 0.871094 0.046875 0.0478516 0.0113297
0 0.920313 0.880615 0.135937 0.146973 0.0112915
0 0.855469 0.598145 0.01875 0.0126953 0.0112457
0 0.865625 0.975586 0.0984375 0.0488281 0.0111618
0 0.2875 0.423096 0.0105469 0.0195312 0.0110703
0 0.272461 0.457031 0.00898437 0.0166016 0.0110703
0 0.894531 0.910645 0.0234375 0.0253906 0.0110321
0 0.557422 0.289307 0.0109375 0.019043 0.0109863
0 0.917188 0.868164 0.0984375 0.111328 0.0109024
0 0.903906 0.853516 0.053125 0.0576172 0.0108185
0 0.942187 0.885742 0.059375 0.0585938 0.0108185
0 0.867188 0.810547 0.0859375 0.0761719 0.0108185
0 0.761719 0.898438 0.101562 0.111328 0.0108185
0 0.797656 0.957275 0.13125 0.0854492 0.0107346
0 0.844531 0.890625 0.028125 0.0253906 0.0106964
0 0.959375 0.728027 0.009375 0.0175781 0.0106506
0 0.78125 0.900391 0.0609375 0.0683594 0.0106125
0 0.907812 0.76123 0.0296875 0.0400391 0.0104904
0 0.719531 0.832031 0.0140625 0.0195312 0.0102463
0 0.816406 0.79834 0.0171875 0.0195312 0.01017
0 0.782812 0.944336 0.059375 0.0664062 0.01017
0 0.970312 0.812988 0.0203125 0.0263672 0.0100937
0 0.946875 0.923828 0.104687 0.152344 0.0100937
0 0.966406 0.827148 0.025 0.0234375 0.0100098
0 0.903906 0.866699 0.0578125 0.0615234 0.0100098
0 0.757227 0.701172 0.0261719 0.0332031 0.0100098
0 0.900781 0.805176 0.03125 0.0292969 0.00978088
0 0.622266 0.855957 0.0109375 0.0195312 0.00967407
0 0.889063 0.0452271 0.01875 0.0281982 0.00941467
0 0.630078 0.228271 0.0117188 0.0151367 0.00941467
0 0.405078 0.669434 0.0171875 0.015625 0.00933838
0 0.331445 0.345703 0.0113281 0.0200195 0.00919342
0 0.873438 0.851074 0.0421875 0.0371094 0.00919342
0 0.979688 0.986816 0.03125 0.0263672 0.00919342
0 0.815625 0.849121 0.114063 0.113281 0.0091629
0 0.487891 0.432373 0.0101562 0.0151367 0.00912476
0 0.404687 0.291748 0.0132813 0.019043 0.00905609
0 0.960156 0.775879 0.025 0.0302734 0.00905609
0 0.866406 0.807617 0.040625 0.0429688 0.00894928
0 0.859375 0.836914 0.0265625 0.0273438 0.00888062
0 0.817187 0.821777 0.0546875 0.0517578 0.0088501
0 0.756055 0.703613 0.0191406 0.0244141 0.00881195
0 0.883594 0.0455322 0.01875 0.019165 0.00878143
0 0.970703 0.933105 0.0585938 0.133789 0.00874329
0 0.803125 0.914307 0.059375 0.0678711 0.00871277
0 0.967969 0.825195 0.0328125 0.0361328 0.00871277
0 0.804688 0.850586 0.0546875 0.0615234 0.00857544
0 0.846875 0.818848 0.034375 0.0458984 0.0085144
0 0.623438 0.856445 0.0101562 0.0146484 0.0085144
0 0.670313 0.572754 0.009375 0.00976562 0.00844574
0 0.829687 0.930176 0.134375 0.135742 0.00844574
0 0.573438 0.892578 0.0109375 0.0126953 0.00841522
0 0.907812 0.958984 0.053125 0.0585938 0.00834656
0 0.804688 0.82666 0.06875 0.0644531 0.00834656
0 0.7625 0.885254 0.08125 0.0869141 0.00828552
0 0.794531 0.822266 0.034375 0.0390625 0.00818634
0 0.803125 0.929443 0.0625 0.0727539 0.00812531
0 0.89375 0.945068 0.053125 0.0473633 0.00812531
0 0.795313 0.960938 0.0625 0.0722656 0.00812531
0 0.829687 0.945312 0.101562 0.109375 0.00806427
0 0.94375 0.961182 0.0515625 0.0600586 0.00796509
0 0.975391 0.980957 0.0492188 0.0380859 0.00784302
0 0.957812 0.73291 0.009375 0.0136719 0.00775528
0 0.890625 0.0430298 0.0234375 0.0375977 0.00775528
0 0.989844 0.650391 0.015625 0.0371094 0.00769424
0 0.771875 0.928711 0.05 0.0527344 0.00763702
0 0.79375 0.823242 0.0765625 0.0771484 0.00763702
0 0.988281 0.426758 0.009375 0.0180664 0.00757599
0 0.816406 0.695801 0.009375 0.0263672 0.00757599
0 0.608203 0.442261 0.0101562 0.0178223 0.00751877
0 0.180859 0.617676 0.0101562 0.0136719 0.00751877
0 0.933594 0.883545 0.1 0.121582 0.00751877
0 0.805469 0.824707 0.034375 0.0322266 0.00746155
0 0.0972656 0.676758 0.0117188 0.0175781 0.00728989
0 0.757617 0.70166 0.0363281 0.0380859 0.00728989
0 0.667969 0.825684 0.021875 0.0224609 0.00725937
0 0.942187 0.871094 0.046875 0.0419922 0.00725937
0 0.378125 0.316895 0.0140625 0.0209961 0.00723267
0 0.941406 0.901367 0.065625 0.0693359 0.00717545
0 0.953125 0.945312 0.065625 0.0859375 0.00717545
0 0.814844 0.929688 0.0578125 0.0644531 0.00712204
0 0.844531 0.799316 0.0453125 0.0419922 0.00712204
0 0.367969 0.475586 0.0234375 0.0253906 0.00701141
0 0.0567383 0.634277 0.0105469 0.0146484 0.00701141
0 0.717578 0.831055 0.021875 0.0166016 0.00701141
0 0.977344 0.582031 0.0125 0.0253906 0.00695801
0 0.56875 0.127808 0.0117188 0.019043 0.0069046
0 0.88125 0.807129 0.040625 0.0371094 0.0068512
0 0.919531 0.957031 0.0546875 0.0605469 0.00679779
0 0.833594 0.804688 0.0296875 0.0283203 0.00674438
0 0.771875 0.95874 0.0421875 0.0454102 0.00674438
0 0.575781 0.891113 0.0171875 0.0234375 0.00674438
0 0.756055 0.791992 0.0238281 0.0380859 0.00669098
0 0.934375 0.950195 0.0984375 0.0996094 0.00669098
0 0.873438 0.863281 0.103125 0.105469 0.00664139
0 0.942969 0.978516 0.0640625 0.0429688 0.00653839
0 0.509766 0.194519 0.0117188 0.022583 0.0064888
0 0.858594 0.819336 0.0390625 0.0488281 0.0064888
0 0.891406 0.318359 0.0109375 0.0146484 0.00643921
0 0.760352 0.898438 0.0433594 0.0478516 0.00643921
0 0.970312 0.812988 0.040625 0.0527344 0.00643921
0 0.340039 0.745117 0.00859375 0.00976562 0.00641251
0 0.513672 0.191406 0.0117188 0.0209961 0.00638962
0 0.403516 0.461426 0.0140625 0.0185547 0.00638962
0 0.501953 0.625977 0.009375 0.0136719 0.00638962
0 0.260156 0.738281 0.0132813 0.0263672 0.00638962
0 0.928125 0.869141 0.046875 0.0498047 0.00629044
0 0.655469 0.705566 0.0101562 0.0205078 0.00629044
0 0.156445 0.661621 0.0113281 0.0166016 0.00624084
0 0.976172 0.869141 0.0476562 0.12207 0.00621796
0 0.992188 0.65918 0.015625 0.0292969 0.00619125
0 0.815625 0.915039 0.0546875 0.0585938 0.00619125
0 0.902344 0.824219 0.104687 0.113281 0.00619125
0 0.17168 0.667969 0.0207031 0.0351562 0.00614548
0 0.666016 0.619629 0.0414063 0.0595703 0.00605011
0 0.760352 0.882324 0.0386719 0.0458984 0.00600433
0 0.944531 0.987305 0.028125 0.0253906 0.00600433
0 0.664453 0.620117 0.0640625 0.0703125 0.00600433
0 0.84375 0.88916 0.0796875 0.0693359 0.00600433
0 0.775781 0.65625 0.0328125 0.0595703 0.00598145
0 0.88125 0.91626 0.0421875 0.0522461 0.00595856
0 0.895312 0.896973 0.107813 0.116211 0.00591278
0 0.175977 0.671875 0.0242187 0.0351562 0.00588989
0 0.508594 0.615723 0.00703125 0.0126953 0.00582123
0 0.883594 0.864258 0.053125 0.0585938 0.00579834
0 0.916406 0.867676 0.053125 0.0566406 0.00579834
0 0.925 0.914307 0.135937 0.151855 0.00579834
