0 0.214453 0.568848 0.0460938 0.0410156 0.901855
0 0.568359 0.31665 0.04375 0.0361328 0.684082
0 0.648438 0.135498 0.0109375 0.0168457 0.448486
0 0.648047 0.135376 0.0148437 0.020752 0.288574
0 0.366406 0.00967407 0.00859375 0.0193481 0.250244
0 0.434766 0.0289917 0.0359375 0.0510254 0.23584
0 0.349512 0.00888062 0.0189453 0.0177612 0.204956
0 0.44375 0.0281982 0.0585938 0.0559082 0.176147
0 0.433594 0.0308838 0.0273438 0.0410156 0.165649
0 0.198828 0.0532227 0.0511719 0.0737305 0.156128
0 0.502344 0.0175476 0.0445312 0.0350952 0.144653
0 0.407813 0.0141602 0.0148437 0.0234375 0.128052
0 0.408594 0.0215454 0.0132813 0.0301514 0.119629
0 0.504297 0.0141602 0.0320312 0.0270996 0.110474
0 0.457031 0.0343018 0.01875 0.0266113 0.110474
0 0.433594 0.034668 0.01875 0.0319824 0.107788
0 0.0353516 0.0214233 0.05 0.0428467 0.0984497
0 0.346387 0.0103149 0.0267578 0.0206299 0.0946655
0 0.455469 0.0319214 0.0328125 0.0371094 0.0943604
0 0.453516 0.0298767 0.0585938 0.0597534 0.0888062
0 0.40625 0.0203857 0.0242187 0.0371094 0.0836182
0 0.444531 0.0280762 0.0390625 0.0444336 0.0769653
0 0.20293 0.0560303 0.0367187 0.0598145 0.0731812
0 0.366016 0.0125732 0.0164062 0.0251465 0.069519
0 0.557031 0.311523 0.0179687 0.0185547 0.0682983
0 0.220508 0.572754 0.0515625 0.0498047 0.0670776
0 0.464844 0.0124512 0.015625 0.0186768 0.0658569
0 0.440625 0.034668 0.0203125 0.0296631 0.0653687
0 0.00683594 0.0274658 0.0114258 0.0270996 0.0648804
0 0.495313 0.0137329 0.028125 0.0245361 0.0634766
0 0.394531 0.0195312 0.0414063 0.0390625 0.0594177
0 0.707422 0.780273 0.0078125 0.0136719 0.0583496
0 0.166406 0.0107422 0.0160156 0.0162354 0.0572815
0 0.195312 0.04422 0.0378906 0.0531616 0.0560303
0 0.395312 0.0201416 0.021875 0.0280762 0.0534058
0 0.0418457 0.0219116 0.0364258 0.0372314 0.0522461
0 0.558984 0.3125 0.0289063 0.0307617 0.0467224
0 0.646875 0.138062 0.0117188 0.0168457 0.0460205
0 0.385547 0.0194092 0.0132813 0.0224609 0.0448608
0 0.567969 0.32251 0.0359375 0.0341797 0.0437012
0 0.367578 0.0160522 0.0109375 0.0196533 0.0420837
0 0.383594 0.0129395 0.0125 0.019043 0.0419312
0 0.221484 0.572266 0.0417969 0.0390625 0.0419312
0 0.351172 0.0116577 0.0320312 0.0233154 0.0411377
0 0.0949219 0.0870361 0.0210938 0.0354004 0.0401001
0 0.619531 0.917969 0.0078125 0.0126953 0.0374756
0 0.207422 0.563477 0.03125 0.0263672 0.0368958
0 0.920313 0.976562 0.009375 0.0195312 0.0367737
0 0.441797 0.0115967 0.021875 0.0186768 0.0343628
0 0.391016 0.0154419 0.0195312 0.0194092 0.0332031
0 0.0533203 0.0236206 0.0169922 0.0290527 0.0332031
0 0.00812988 0.0280151 0.0162598 0.0379639 0.0328369
0 0.860937 0.0979004 0.009375 0.0131836 0.0319824
0 0.520703 0.254639 0.00859375 0.0126953 0.0299835
0 0.0948242 0.0862732 0.0333984 0.048645 0.0296478
0 0.860156 0.100464 0.009375 0.0146484 0.029541
0 0.385156 0.0194092 0.0289063 0.0357666 0.029541
0 0.459375 0.0101318 0.0171875 0.0184326 0.0282135
0 0.158203 0.0222473 0.0421875 0.0444946 0.0270691
0 0.575 0.311523 0.025 0.0219727 0.0264587
0 0.328906 0.0114746 0.0175781 0.0140381 0.0261536
0 0.407813 0.0300903 0.0109375 0.0186768 0.0261536
0 0.204297 0.0440063 0.0386719 0.0699463 0.024231
0 0.637891 0.782227 0.00859375 0.0126953 0.0234222
0 0.367188 0.0152588 0.0210938 0.0302734 0.0233307
0 0.4625 0.0357666 0.0132813 0.0256348 0.0230713
0 0.464453 0.0223389 0.0195312 0.032959 0.0225372
0 0.251953 0.00927734 0.0121094 0.0157471 0.0224609
0 0.707031 0.187317 0.0148437 0.0155029 0.0213623
0 0.246484 0.0112915 0.0113281 0.0158691 0.0209656
0 0.463281 0.0142822 0.0242187 0.0262451 0.0184021
0 0.00668945 0.031311 0.0133789 0.0240479 0.0183411
0 0.157227 0.0213623 0.0304688 0.0316162 0.0182648
0 0.915625 0.982422 0.0125 0.0175781 0.0181274
0 0.4625 0.0220947 0.03125 0.0441895 0.0178528
0 0.00986328 0.0269775 0.0197266 0.0455322 0.0175781
0 0.889844 0.885742 0.009375 0.0126953 0.0175171
0 0.204883 0.0209351 0.021875 0.0285645 0.0170441
0 0.441406 0.0151978 0.0421875 0.0303955 0.0166626
0 0.407031 0.0281982 0.01875 0.0307617 0.0158386
0 0.165039 0.0114136 0.0253906 0.022583 0.0151291
0 0.30332 0.0098877 0.0128906 0.0155029 0.0149002
0 0.970312 0.786621 0.009375 0.0107422 0.0146713
0 0.342773 0.012085 0.0347656 0.0236816 0.0144501
0 0.419531 0.0245361 0.0179687 0.0272217 0.014389
0 0.458203 0.0140076 0.0375 0.0280151 0.0142822
0 0.827344 0.770508 0.0078125 0.0126953 0.0131226
0 0.920313 0.977539 0.015625 0.0332031 0.0123367
0 0.0312988 0.0164795 0.0297852 0.0253906 0.0122375
0 0.20957 0.57666 0.0316406 0.0341797 0.0122375
0 0.159961 0.0136719 0.0226563 0.0218506 0.0120544
0 0.0583984 0.741211 0.0132813 0.0126953 0.0120087
0 0.184961 0.0424194 0.0144531 0.0250244 0.0118713
0 0.573828 0.312012 0.0335938 0.0322266 0.0117798
0 0.707031 0.18573 0.0171875 0.0235596 0.0115967
0 0.0516846 0.0238647 0.0290527 0.0384521 0.0115509
0 0.507422 0.859375 0.0117188 0.0166016 0.0113297
0 0.341602 0.0136108 0.0261719 0.0167236 0.0112457
0 0.76875 0.203369 0.0109375 0.0161133 0.0109863
0 0.433984 0.0131836 0.01875 0.0203857 0.0109024
0 0.556641 0.19873 0.0101562 0.0175781 0.0109024
0 0.203906 0.0231934 0.0375 0.0423584 0.0108566
0 0.205859 0.0649414 0.0234375 0.0400391 0.0108185
0 0.914062 0.643066 0.0078125 0.0117188 0.0107803
0 0.205273 0.0146484 0.0152344 0.019165 0.0105667
0 0.481641 0.03302 0.0078125 0.0163574 0.0105667
0 0.705859 0.366943 0.0117188 0.0146484 0.0104904
0 0.0916992 0.0777588 0.0142578 0.0195312 0.00981903
0 0.0322266 0.022644 0.0644531 0.0452881 0.00971222
0 0.0327148 0.0862122 0.0605469 0.124939 0.00971222
0 0.461719 0.0340576 0.025 0.0375977 0.00963593
0 0.159521 0.0352173 0.0450195 0.0697021 0.00959778
0 0.644922 0.897461 0.025 0.0214844 0.00948334
0 0.265039 0.017334 0.0148437 0.0203857 0.00941467
0 0.672656 0.229248 0.00859375 0.0161133 0.00941467
0 0.573828 0.312256 0.04375 0.0390625 0.00933838
0 0.428906 0.0441284 0.0164062 0.0205078 0.00923157
0 0.0217773 0.0214233 0.0164062 0.0272217 0.00919342
0 0.103711 0.0899658 0.0238281 0.0319824 0.00919342
0 0.418359 0.0245361 0.0460938 0.0490723 0.00878143
0 0.70625 0.779785 0.0117188 0.0185547 0.00878143
0 0.164648 0.017395 0.0238281 0.0269775 0.00871277
0 0.103809 0.0966797 0.0154297 0.03125 0.0086441
0 0.160547 0.0155029 0.04375 0.0310059 0.00861359
0 0.0947266 0.0950928 0.0193359 0.0273438 0.0085144
0 0.423047 0.03302 0.0109375 0.0205078 0.00841522
0 0.741992 0.179932 0.0238281 0.050293 0.00834656
0 0.743359 0.177063 0.0304688 0.086792 0.00809479
0 0.636328 0.783203 0.0109375 0.0126953 0.00800323
0 0.431641 0.0419922 0.0171875 0.0274658 0.00787354
0 0.917188 0.982422 0.0140625 0.0273438 0.00787354
0 0.0453125 0.351318 0.00839844 0.0126953 0.00784302
0 0.619531 0.408203 0.00703125 0.012207 0.00775528
0 0.199023 0.0646973 0.0199219 0.0349121 0.00772476
0 0.932813 0.103912 0.0515625 0.112 0.00763702
0 0.487109 0.0227661 0.0117188 0.022583 0.00760651
0 0.601172 0.943359 0.00859375 0.00976562 0.00751877
0 0.942969 0.697754 0.009375 0.0126953 0.00734711
0 0.35459 0.0150757 0.0173828 0.0150146 0.00731659
0 0.21543 0.0374146 0.0183594 0.0317383 0.00731659
0 0.0558838 0.0307007 0.0165527 0.0189209 0.00725937
0 0.24082 0.0540771 0.0589844 0.108154 0.00723267
0 0.233203 0.0645752 0.0769531 0.0917969 0.00723267
0 0.0412354 0.10022 0.0183105 0.0314941 0.00717545
0 0.183594 0.0540771 0.0101562 0.03125 0.00714874
0 0.384375 0.0161438 0.0335938 0.0322876 0.00714874
0 0.262305 0.0888672 0.0078125 0.0161133 0.0069313
0 0.329297 0.0123901 0.0375 0.024292 0.00679779
0 0.102344 0.0905762 0.0447266 0.0593262 0.00669098
0 0.243555 0.0164795 0.0222656 0.0169678 0.0064888
0 0.062793 0.0332031 0.0134766 0.0159912 0.0064888
0 0.782812 0.80957 0.0078125 0.0136719 0.00629044
0 0.0520508 0.0154419 0.0152344 0.0211182 0.00612259
0 0.859375 0.177002 0.0078125 0.0183105 0.00609589
0 0.73125 0.0145264 0.0171875 0.0195312 0.005867
0 0.64375 0.897949 0.0382813 0.0263672 0.005867
0 0.244727 0.0124207 0.0210938 0.0248413 0.00572968
0 0.143359 0.304932 0.00683594 0.0146484 0.00570679
0 0.550391 0.848633 0.00859375 0.0117188 0.00566483
0 0.158936 0.034729 0.0258789 0.0467529 0.00564194
0 0.297656 0.962891 0.0144531 0.0117188 0.00564194
0 0.114746 0.098999 0.0117188 0.0268555 0.0055542
0 0.186719 0.0452271 0.0390625 0.0523682 0.00553513
0 0.233203 0.0540161 0.0390625 0.0467529 0.00547028
0 0.0327148 0.0935059 0.0451172 0.0734863 0.00544739
0 0.919531 0.975586 0.021875 0.0410156 0.00538635
0 0.295898 0.0110474 0.0167969 0.019043 0.00536346
0 0.09375 0.0922852 0.0443359 0.0585938 0.00534439
0 0.617969 0.919434 0.0109375 0.0126953 0.00521851
0 0.263281 0.894531 0.00859375 0.0166016 0.00518036
0 0.329492 0.0162964 0.0269531 0.0174561 0.00510025
0 0.852344 0.407715 0.009375 0.0136719 0.00508118
0 0.859375 0.0991211 0.015625 0.0214844 0.00508118
0 0.4125 0.0134277 0.015625 0.0147705 0.00498199
0 0.705469 0.779785 0.0171875 0.015625 0.00496292
0 0.510156 0.00924683 0.0179687 0.0184937 0.00494385
0 0.25625 0.019043 0.0199219 0.0257568 0.00488663
0 0.520312 0.255859 0.0140625 0.0205078 0.00484848
0 0.32168 0.0117798 0.0183594 0.0167236 0.00479126
0 0.247266 0.962891 0.0140625 0.015625 0.00479126
0 0.435156 0.0165405 0.0429688 0.0330811 0.00479126
0 0.6375 0.89502 0.0203125 0.0185547 0.00471878
0 0.989844 0.0854492 0.0203125 0.0427246 0.00468063
0 0.021875 0.0220337 0.0380859 0.0428467 0.00466537
0 0.618359 0.91748 0.0140625 0.0253906 0.0045929
0 0.032959 0.09729 0.0297852 0.0444336 0.00452042
0 0.708984 0.183594 0.0101562 0.0219727 0.00450516
0 0.382031 0.302979 0.00859375 0.0141602 0.00450516
0 0.265039 0.0161743 0.0265625 0.0294189 0.00450516
0 0.103223 0.0900879 0.0615234 0.0686035 0.00448608
0 0.462109 0.0339966 0.0375 0.0413818 0.00446701
0 0.421875 0.0319824 0.0351562 0.0402832 0.00438309
0 0.932031 0.102783 0.0390625 0.0634766 0.00436401
0 0.447656 0.885742 0.0125 0.015625 0.00434875
0 0.927344 0.958008 0.0109375 0.0195312 0.00432968
0 0.0203125 0.0144043 0.015625 0.0183105 0.00429916
0 0.243945 0.0168762 0.0316406 0.0337524 0.00429916
0 0.266016 0.013916 0.015625 0.0185547 0.00426483
0 0.959375 0.885254 0.0078125 0.0195312 0.00413513
0 0.181445 0.0646973 0.0078125 0.0212402 0.00403976
0 0.509375 0.866211 0.0117188 0.015625 0.00403976
0 0.483984 0.00952148 0.0132813 0.0145264 0.00400543
0 0.226758 0.562988 0.0175781 0.0175781 0.00400543
0 0.353516 0.0145264 0.0414063 0.0290527 0.00400543
0 0.954687 0.891602 0.0125 0.015625 0.00392914
0 0.232031 0.0655518 0.040625 0.0424805 0.00388527
0 0.0810547 0.0863037 0.0142578 0.03125 0.00383949
0 0.190234 0.982422 0.0191406 0.0175781 0.00383949
0 0.56875 0.954102 0.0132813 0.0117188 0.00379562
0 0.74375 0.1875 0.021875 0.0361328 0.0037365
0 0.21582 0.0403137 0.0429688 0.0653687 0.00367928
0 0.0392822 0.0986328 0.0347168 0.052002 0.00367928
0 0.723437 0.0574036 0.00703125 0.015564 0.00365067
0 0.227148 0.580566 0.0191406 0.0302734 0.00362206
0 0.672266 0.234863 0.0109375 0.0170898 0.0036068
0 0.75 0.181396 0.0140625 0.0375977 0.00358009
0 0.964063 0.864746 0.009375 0.0205078 0.00356483
0 0.184961 0.0529785 0.0238281 0.0549316 0.00351143
0 0.252148 0.0123596 0.0257812 0.0247192 0.00348282
0 0.262305 0.092041 0.00859375 0.0141602 0.00342941
0 0.113574 0.109741 0.00800781 0.0161133 0.00342941
0 0.971094 0.0578003 0.0515625 0.0758057 0.00342941
0 0.0427734 0.108398 0.0113281 0.0168457 0.00338936
0 0.188477 0.985352 0.0203125 0.0175781 0.00337601
0 0.995313 0.175537 0.0078125 0.0214844 0.00335121
0 0.925 0.115479 0.05625 0.102539 0.00332451
0 0.650781 0.139771 0.009375 0.0146484 0.00325966
0 0.890625 0.108276 0.0109375 0.0163574 0.00324821
0 0.803906 0.136597 0.0140625 0.0131836 0.00322342
0 0.0712891 0.0852051 0.0132813 0.0292969 0.00319672
0 0.581641 0.162842 0.00859375 0.012207 0.00314713
0 0.0554687 0.0289307 0.0220703 0.0284424 0.00314713
0 0.0256836 0.0843506 0.0419922 0.102295 0.00312424
0 0.0679687 0.269043 0.0123047 0.0200195 0.00311089
0 0.216797 0.067627 0.0171875 0.0317383 0.00307465
0 0.0719727 0.0960693 0.00976562 0.0212402 0.00307465
0 0.506641 0.86084 0.0210938 0.0244141 0.00305176
0 0.973828 0.0608215 0.0523437 0.100525 0.00299263
0 0.970312 0.0549011 0.0328125 0.038147 0.00298119
0 0.853906 0.40625 0.009375 0.0131836 0.00298119
0 0.196484 0.0323486 0.0671875 0.0646973 0.00298119
0 0.803906 0.0583496 0.0140625 0.026123 0.0029583
0 0.216016 0.0560913 0.0261719 0.0360107 0.00294685
0 0.730859 0.0729675 0.0148437 0.036438 0.00293541
0 0.76875 0.201904 0.015625 0.0307617 0.00291252
0 0.855469 0.349854 0.009375 0.0117188 0.00284576
0 0.0801758 0.0977783 0.00898437 0.0234375 0.00282288
0 0.994531 0.144043 0.0109375 0.0314941 0.00279999
0 0.987891 0.0881348 0.0242187 0.0805664 0.00279999
0 0.196875 0.0274658 0.0300781 0.0306396 0.00279045
0 0.817187 0.71582 0.0109375 0.0146484 0.00277901
0 0.598047 0.94165 0.0101562 0.0112305 0.00277901
0 0.204297 0.0170288 0.0277344 0.0306396 0.00277901
0 0.638672 0.783691 0.0132813 0.0224609 0.00277901
0 0.51875 0.254639 0.0210938 0.0185547 0.00277901
0 0.304883 0.017334 0.0179687 0.0194092 0.00276756
0 0.202539 0.569824 0.0144531 0.0273438 0.00273705
0 0.705859 0.36792 0.0195312 0.0258789 0.00273705
0 0.635547 0.783691 0.0171875 0.0263672 0.0027256
0 0.846875 0.411621 0.0125 0.015625 0.00271416
0 0.224805 0.578613 0.0292969 0.0400391 0.00271416
0 0.892187 0.115356 0.015625 0.026123 0.00269318
0 0.240234 0.0537109 0.0460938 0.0634766 0.00268364
0 0.486328 0.0244751 0.0359375 0.0440674 0.00268364
0 0.724219 0.0697021 0.0117188 0.0319824 0.00265312
0 0.98125 0.415283 0.015625 0.0175781 0.00263214
0 0.988672 0.0953369 0.0226563 0.0454102 0.00258064
0 0.0508545 0.239746 0.0115723 0.0170898 0.00258064
0 0.129004 0.589844 0.0109375 0.0136719 0.00258064
0 0.0197266 0.0331421 0.0121094 0.0222168 0.00256157
0 0.922656 0.970703 0.0140625 0.0195312 0.00253105
0 0.508203 0.0379028 0.0296875 0.0379639 0.00252151
0 0.729297 0.083252 0.0164062 0.0375977 0.00251198
0 0.203711 0.571289 0.0300781 0.0380859 0.00251198
0 0.255273 0.0205994 0.034375 0.0411987 0.00248146
0 0.922656 0.114746 0.034375 0.0554199 0.00246239
0 0.480469 0.944092 0.0257812 0.0239258 0.00242424
0 0.551562 0.317139 0.00703125 0.0175781 0.00239754
0 0.180859 0.983887 0.0414063 0.0322266 0.00239754
0 0.617188 0.916016 0.0203125 0.0234375 0.00239754
0 0.90625 0.126587 0.015625 0.0241699 0.002388
0 0.345703 0.00634766 0.0195312 0.0126953 0.00235939
0 0.366797 0.00567627 0.0117188 0.0113525 0.00234985
0 0.617578 0.587891 0.0125 0.0146484 0.00234985
0 0.12207 0.864258 0.0128906 0.0136719 0.00234985
0 0.555078 0.964844 0.0132813 0.0136719 0.00234222
0 0.0330566 0.0345459 0.0255859 0.03479 0.00230598
0 0.300586 0.961914 0.0199219 0.015625 0.00230598
0 0.6375 0.898926 0.0335938 0.0292969 0.00229645
0 0.78125 0.0715332 0.025 0.0419922 0.00228691
0 0.20918 0.0783691 0.009375 0.0205078 0.00227928
0 0.181445 0.987305 0.0300781 0.0234375 0.00227928
0 0.929688 0.114746 0.0375 0.0703125 0.00223351
0 0.990625 0.0708313 0.0171875 0.0375366 0.00220871
0 0.0799805 0.0855713 0.0414063 0.0637207 0.00219917
0 0.215039 0.0803223 0.0105469 0.0195312 0.00219154
0 0.130664 0.284668 0.00839844 0.0151367 0.00219154
0 0.910156 0.646973 0.0109375 0.015625 0.00216484
0 0.333594 0.933594 0.0105469 0.0117188 0.00216484
0 0.257227 0.229797 0.0777344 0.0931396 0.00216484
