0 0.0293945 0.960205 0.0587891 0.0795898 0.824219
0 0.519531 0.379395 0.046875 0.0429688 0.801758
0 0.0391357 0.17804 0.0268066 0.036499 0.786621
0 0.149902 0.180908 0.0251953 0.0341797 0.771973
0 0.752344 0.0198975 0.025 0.019043 0.705078
0 0.0645508 0.180298 0.0257812 0.0285645 0.680176
0 0.0409668 0.344238 0.0422852 0.0390625 0.677246
0 0.193164 0.0391846 0.0292969 0.019165 0.655762
0 0.199609 0.390625 0.03125 0.0698242 0.629883
0 0.901563 0.0239258 0.021875 0.0167236 0.619629
0 0.966406 0.0749512 0.0234375 0.0158691 0.553711
0 0.0904297 0.0106201 0.0162109 0.0163574 0.541992
0 0.711328 0.0223389 0.0164062 0.0159912 0.514648
0 0.537109 0.647461 0.0367187 0.0830078 0.492188
0 0.965625 0.0743408 0.028125 0.020752 0.373779
0 0.194531 0.960938 0.0335938 0.03125 0.344238
0 0.960938 0.074585 0.0234375 0.017334 0.332764
0 0.871094 0.0211792 0.015625 0.0144043 0.321777
0 0.899219 0.0234375 0.028125 0.0220947 0.311523
0 0.040625 0.174316 0.0230469 0.0234375 0.286133
0 0.750586 0.0203857 0.0363281 0.0285645 0.271973
0 0.283594 0.00671387 0.0125 0.0134277 0.27124
0 0.989844 0.0783691 0.0109375 0.0126953 0.257568
0 0.0608398 0.18158 0.0410156 0.0333252 0.253174
0 0.244531 0.0111084 0.0105469 0.0128174 0.240723
0 0.513281 0.381348 0.0328125 0.0405273 0.23584
0 0.437109 0.00549316 0.0109375 0.0109863 0.223999
0 0.964844 0.993652 0.0140625 0.0126953 0.216064
0 0.517969 0.377197 0.0375 0.0317383 0.209473
0 0.304688 0.00976562 0.0121094 0.0129395 0.194946
0 0.711719 0.022644 0.021875 0.0185547 0.193726
0 0.0661133 0.177368 0.0208984 0.0202637 0.188965
0 0.0355469 0.341553 0.0316406 0.027832 0.171021
0 0.871875 0.0219727 0.021875 0.0180664 0.146606
0 0.232617 0.00854492 0.0121094 0.0123291 0.141235
0 0.0905273 0.0114746 0.0224609 0.019043 0.125122
0 0.193555 0.0408936 0.0335938 0.0258789 0.117981
0 0.359766 0.546875 0.0101562 0.0107422 0.104126
0 0.436328 0.00674438 0.0171875 0.0134888 0.0946655
0 0.972656 0.074585 0.0140625 0.0134277 0.0856934
0 0.283398 0.00756836 0.0164062 0.0151367 0.0792236
0 0.0421387 0.182861 0.0305664 0.0371094 0.0685425
0 0.151514 0.175293 0.0196289 0.0200195 0.0653687
0 0.357031 0.546387 0.0125 0.0146484 0.0643921
0 0.990625 0.0792236 0.0140625 0.0197754 0.064209
0 0.144873 0.184937 0.0274414 0.029541 0.0616455
0 0.508984 0.00405884 0.0140625 0.00811768 0.0579224
0 0.242773 0.0128784 0.0140625 0.0131836 0.0577087
0 0.0246094 0.973633 0.0487305 0.0527344 0.0554199
0 0.243945 0.0101318 0.0179687 0.0198975 0.0548096
0 0.378516 0.539551 0.009375 0.00976562 0.0535889
0 0.9625 0.993164 0.009375 0.0117188 0.0531921
0 0.770312 0.940674 0.015625 0.019043 0.041626
0 0.126563 0.504395 0.0144531 0.0175781 0.0413208
0 0.505078 0.679688 0.0078125 0.0136719 0.0394897
0 0.0321289 0.952393 0.0480469 0.0522461 0.0391846
0 0.304688 0.0093689 0.01875 0.0187378 0.0381775
0 0.965625 0.992676 0.01875 0.0146484 0.0367737
0 0.232227 0.00970459 0.0210938 0.019043 0.0360718
0 0.526953 0.374023 0.028125 0.0283203 0.0342407
0 0.927344 0.994141 0.009375 0.00976562 0.0306702
0 0.232227 0.953125 0.0179687 0.015625 0.0301056
0 0.0412598 0.184814 0.0217773 0.034668 0.0296478
0 0.748633 0.0184326 0.0152344 0.0131836 0.029541
0 0.192383 0.0090332 0.015625 0.0114746 0.0283356
0 0.0478516 0.339844 0.0316406 0.0356445 0.0272675
0 0.193555 0.957031 0.0203125 0.0214844 0.0269623
0 0.037207 0.173828 0.0193359 0.0197754 0.0259552
0 0.248047 0.00994873 0.0109375 0.0137939 0.024704
0 0.504297 0.387451 0.0164062 0.0180664 0.0236053
0 0.0363281 0.183044 0.0234375 0.0308838 0.0236053
0 0.533594 0.656738 0.0460938 0.0703125 0.0229797
0 0.198828 0.376953 0.0398437 0.0620117 0.0227966
0 0.357031 0.54541 0.0164062 0.0214844 0.02211
0 0.233398 0.948242 0.0136719 0.0195312 0.0218658
0 0.506641 0.385498 0.0195312 0.0219727 0.0211182
0 0.945312 0.978516 0.0109375 0.0136719 0.0209656
0 0.0465332 0.342041 0.0418945 0.0512695 0.0209656
0 0.153125 0.175232 0.0207031 0.0274658 0.0208893
0 0.437891 0.00747681 0.0226563 0.0149536 0.0208893
0 0.533594 0.638672 0.0375 0.0449219 0.0201721
0 0.189063 0.960938 0.0265625 0.0234375 0.0191956
0 0.523828 0.375488 0.0351562 0.0405273 0.0190582
0 0.483203 0.00469971 0.0132813 0.00939941 0.0187225
0 0.510547 0.374756 0.01875 0.019043 0.0183411
0 0.603125 0.91748 0.00859375 0.0166016 0.0182648
0 0.770312 0.939697 0.0234375 0.0268555 0.0182648
0 0.9625 0.990723 0.0171875 0.0185547 0.0182648
0 0.360547 0.543945 0.0101562 0.0117188 0.0180511
0 0.197656 0.375 0.0269531 0.0322266 0.0178528
0 0.226953 0.337158 0.009375 0.0112305 0.0170441
0 0.874219 0.0236206 0.0265625 0.0240479 0.0167847
0 0.0568359 0.185547 0.0271484 0.0239258 0.0167236
0 0.0500977 0.347168 0.0248047 0.0366211 0.0162811
0 0.508984 0.0055542 0.0203125 0.0111084 0.0158997
0 0.193555 0.401855 0.0257812 0.0566406 0.0154266
0 0.457812 0.97168 0.0132813 0.0175781 0.0147324
0 0.0870117 0.0148926 0.0226563 0.0275879 0.0145035
0 0.528516 0.386475 0.0257812 0.0288086 0.0144501
0 0.286914 0.00912476 0.0238281 0.0182495 0.0142288
0 0.516797 0.38623 0.0289063 0.0317383 0.014061
0 0.0373535 0.972168 0.0375977 0.0556641 0.0139542
0 0.0867188 0.015564 0.0175781 0.0186768 0.0139008
0 0.528906 0.388916 0.0195312 0.0263672 0.013588
0 0.608594 0.803223 0.0171875 0.0185547 0.013588
0 0.232422 0.952148 0.0234375 0.0253906 0.0130234
0 0.0227539 0.951172 0.0431641 0.0410156 0.0128708
0 0.193945 0.0322876 0.021875 0.020752 0.0127258
0 0.152197 0.184998 0.0209961 0.0289307 0.0125732
0 0.0708008 0.180969 0.0142578 0.0213623 0.011467
0 0.667969 0.00601196 0.0289063 0.0120239 0.0112457
0 0.0344727 0.973145 0.0689453 0.0537109 0.0112457
0 0.195898 0.402832 0.0363281 0.065918 0.0112
0 0.974219 0.0751953 0.0265625 0.0236816 0.0109482
0 0.691797 0.984375 0.0195312 0.0195312 0.0108185
0 0.123535 0.504395 0.0109375 0.0117188 0.0104904
0 0.527734 0.386719 0.0367187 0.0361328 0.0104904
0 0.369922 0.518555 0.00625 0.0107422 0.00989532
0 0.151904 0.174622 0.0290039 0.0335693 0.00978088
0 0.668359 0.00683594 0.0359375 0.0136719 0.00974274
0 0.983594 0.0787354 0.0125 0.0124512 0.00955963
0 0.546875 0.724609 0.01875 0.0205078 0.00933838
0 0.0218262 0.984863 0.0260742 0.0302734 0.00930023
0 0.194922 0.0316772 0.0371094 0.0372314 0.00926971
0 0.942969 0.982422 0.0109375 0.0117188 0.00912476
0 0.830469 0.995605 0.0109375 0.00878906 0.00894928
0 0.303711 0.0136719 0.01875 0.0134277 0.00871277
0 0.875781 0.849121 0.0109375 0.0136719 0.0085144
0 0.193555 0.0300293 0.0523437 0.0507812 0.00837708
0 0.148584 0.543945 0.0106445 0.00976562 0.008255
0 0.903125 0.0266113 0.0296875 0.0270996 0.00815582
0 0.693359 0.980469 0.0179687 0.0195312 0.00800323
0 0.864844 0.978516 0.0078125 0.0136719 0.00763702
0 0.6125 0.800781 0.0179687 0.0195312 0.00746155
0 0.539453 0.640625 0.05 0.0996094 0.00728989
0 0.9875 0.667969 0.0109375 0.0175781 0.00723267
0 0.126465 0.503418 0.0207031 0.0263672 0.00712204
0 0.0356201 0.950195 0.0510254 0.078125 0.00712204
0 0.758594 0.0213013 0.015625 0.0169678 0.00701141
0 0.147656 0.177368 0.0195312 0.0170898 0.00701141
0 0.0435059 0.986328 0.0180664 0.0273438 0.00695801
0 0.847656 0.134033 0.0125 0.0170898 0.0068779
0 0.795313 0.959961 0.0109375 0.0136719 0.00666809
0 0.692187 0.981445 0.0257812 0.0292969 0.00643921
0 0.853125 0.133057 0.015625 0.0166016 0.00626373
0 0.498047 0.714355 0.00703125 0.0136719 0.00621796
0 0.8 0.765625 0.0125 0.0136719 0.00621796
0 0.490625 0.00393677 0.0140625 0.00787354 0.00619125
0 0.192969 0.957275 0.0445312 0.0522461 0.00593567
0 0.0410156 0.980469 0.0328125 0.0390625 0.00582123
0 0.041626 0.936279 0.017334 0.0141602 0.00568771
0 0.633203 0.8125 0.009375 0.0136719 0.00542831
0 0.272266 0.950195 0.0132813 0.0136719 0.00542831
0 0.0311035 0.980469 0.0327148 0.0390625 0.00542831
0 0.303516 0.0124512 0.0277344 0.0201416 0.00542831
0 0.608203 0.801758 0.0304688 0.0380859 0.00538635
0 0.909375 0.853027 0.0109375 0.015625 0.00534439
0 0.192969 0.00875854 0.0238281 0.0175171 0.00534439
0 0.0490234 0.173828 0.0171875 0.0136719 0.00526047
0 0.535937 0.959961 0.0140625 0.015625 0.00524139
0 0.901563 0.027832 0.025 0.0180664 0.00510025
0 0.547266 0.319336 0.0132813 0.0131836 0.00510025
0 0.675391 0.0045166 0.015625 0.0090332 0.00502014
0 0.037207 0.946533 0.034375 0.0366211 0.00494385
0 0.14585 0.545898 0.0145508 0.00976562 0.00462723
0 0.673437 0.913574 0.0125 0.015625 0.00457382
0 0.603516 0.92334 0.0125 0.0195312 0.00457382
0 0.434375 0.00497437 0.0140625 0.00994873 0.00439835
0 0.130469 0.490234 0.0119141 0.015625 0.00439835
0 0.478906 0.716309 0.0109375 0.0136719 0.00439835
0 0.989062 0.0778809 0.0203125 0.0307617 0.00431442
0 0.378516 0.541016 0.0179687 0.0244141 0.00429916
0 0.540625 0.960938 0.0140625 0.0175781 0.00426483
0 0.964844 0.992676 0.028125 0.0146484 0.00421524
0 0.0111328 0.689941 0.00654297 0.0126953 0.00413513
0 0.847656 0.989258 0.00625 0.0136719 0.00408554
0 0.644141 0.367676 0.0125 0.0107422 0.00403976
0 0.273633 0.948242 0.0113281 0.0136719 0.00403976
0 0.226562 0.517578 0.0160156 0.0117188 0.00402451
0 0.0394287 0.978027 0.052002 0.0439453 0.00400543
0 0.482812 0.0057373 0.0203125 0.0114746 0.00397491
0 0.505078 0.677734 0.0125 0.0224609 0.00388527
0 0.0208984 0.961182 0.0417969 0.0776367 0.00385475
0 0.440234 0.00476074 0.0140625 0.00952148 0.00382423
0 0.521484 0.861816 0.0101562 0.0146484 0.00380898
0 0.546484 0.725098 0.0320312 0.0380859 0.0037365
0 0.0983398 0.00854492 0.0113281 0.0153809 0.00365067
0 0.0924805 0.00747681 0.0148437 0.0149536 0.00362206
0 0.232422 0.946289 0.0273438 0.0351562 0.00362206
0 0.851562 0.987305 0.009375 0.015625 0.00359344
0 0.20625 0.950195 0.00859375 0.0175781 0.00358009
0 0.0167969 0.968506 0.0335938 0.0629883 0.00349617
0 0.2625 0.504395 0.009375 0.0107422 0.00348282
0 0.281445 0.0106201 0.0257812 0.0212402 0.00340271
0 0.982031 0.0794678 0.0296875 0.0244141 0.00337601
0 0.544531 0.720215 0.0125 0.015625 0.00332451
0 0.869531 0.845703 0.0171875 0.015625 0.00332451
0 0.944531 0.976562 0.01875 0.0292969 0.00329781
0 0.693359 0.283447 0.0117188 0.0126953 0.00327301
0 0.761719 0.661133 0.009375 0.0146484 0.00327301
0 0.584766 0.928467 0.0148437 0.0258789 0.00317192
0 0.942187 0.982422 0.0203125 0.0253906 0.00317192
0 0.589063 0.931885 0.0109375 0.0229492 0.00314713
0 0.186328 0.00637817 0.0140625 0.0127563 0.00312424
0 0.485156 0.956055 0.0164062 0.0175781 0.00309944
0 0.541016 0.669434 0.0335938 0.0654297 0.003088
0 0.965625 0.0679016 0.0171875 0.0109253 0.00298119
0 0.979688 0.119263 0.0125 0.017334 0.00293541
0 0.456641 0.969727 0.0195312 0.0273438 0.00292397
0 0.542969 0.670898 0.0179687 0.0361328 0.00286674
0 0.249805 0.0115356 0.0203125 0.0230713 0.0027256
0 0.0164551 0.908203 0.0109375 0.0117188 0.00271416
0 0.846875 0.133301 0.0203125 0.032959 0.00271416
0 0.266797 0.953125 0.0210938 0.0136719 0.00270462
0 0.551562 0.955078 0.0109375 0.0117188 0.00269318
0 0.159766 0.182251 0.0148437 0.0192871 0.0026722
0 0.864844 0.983398 0.015625 0.0136719 0.00263214
0 0.20332 0.405762 0.0136719 0.0385742 0.00255013
0 0.0119141 0.753906 0.00839844 0.0175781 0.00255013
0 0.909375 0.0239868 0.0140625 0.0125732 0.00253105
0 0.9875 0.672363 0.015625 0.0224609 0.00247192
0 0.854688 0.132568 0.0203125 0.0310059 0.00245285
0 0.339063 0.944336 0.0136719 0.00976562 0.00243378
0 0.905469 0.860352 0.0125 0.015625 0.002388
0 0.512109 0.00622559 0.0226563 0.0124512 0.00236893
0 0.691406 0.978516 0.0304688 0.0410156 0.00236893
0 0.379687 0.539551 0.0257812 0.0185547 0.00235939
0 0.19043 0.400879 0.0144531 0.0454102 0.00231361
0 0.0239258 0.339355 0.0109375 0.0146484 0.00229645
0 0.201562 0.96875 0.0195312 0.0214844 0.00228691
0 0.114746 0.988281 0.0148437 0.015625 0.00228691
0 0.187695 0.411377 0.0078125 0.0253906 0.00225258
0 0.75332 0.0275879 0.0402344 0.0361328 0.00225258
0 0.53125 0.62207 0.0164062 0.0126953 0.00223351
0 0.0120117 0.980469 0.0239258 0.0390625 0.00223351
0 0.200977 0.403809 0.0300781 0.0561523 0.00221634
0 0.294922 0.211914 0.0117188 0.0151367 0.00219917
0 0.0161621 0.980469 0.0323242 0.0390625 0.00219917
0 0.214648 0.39917 0.0136719 0.0258789 0.00219154
0 0.502344 0.677246 0.0203125 0.0263672 0.00219154
0 0.231445 0.935303 0.0164062 0.0180664 0.00212479
0 0.635938 0.805176 0.00859375 0.0126953 0.00209999
0 0.270508 0.00732422 0.0222656 0.0146484 0.00208282
0 0.479688 0.722168 0.015625 0.0205078 0.00208282
0 0.507422 0.00424194 0.0195312 0.00848389 0.00206757
0 0.204297 0.00735474 0.0203125 0.0147095 0.0020504
0 0.603906 0.919922 0.0132813 0.0332031 0.0020504
0 0.231641 0.0153809 0.0175781 0.0144043 0.00204277
0 0.942969 0.974609 0.0265625 0.0332031 0.0019722
0 0.949219 0.979492 0.009375 0.0195312 0.00195694
0 0.752344 0.0272217 0.0265625 0.0322266 0.00195694
0 0.709766 0.0314941 0.0171875 0.0198975 0.00194931
0 0.772656 0.944336 0.0234375 0.0332031 0.00193405
0 0.879687 0.96875 0.015625 0.015625 0.00192642
0 0.878125 0.887695 0.0125 0.0136719 0.00190449
0 0.380859 0.545898 0.0140625 0.0126953 0.00187492
0 0.526172 0.645508 0.0195312 0.0380859 0.00187492
0 0.526172 0.648438 0.059375 0.0830078 0.00186729
0 0.708984 0.0180054 0.0140625 0.0151367 0.00186062
0 0.928125 0.992188 0.015625 0.015625 0.00186062
0 0.871875 0.0181885 0.0171875 0.0166016 0.00185299
0 0.281445 0.009552 0.0414063 0.019104 0.00183868
0 0.071875 0.182434 0.0183594 0.0345459 0.00183105
0 0.492578 0.960938 0.01875 0.0273438 0.0018177
0 0.846094 0.131958 0.03125 0.0397949 0.00179577
0 0.708984 0.0299072 0.0296875 0.0396729 0.00176811
0 0.853906 0.132324 0.0359375 0.0412598 0.00176811
0 0.220313 0.00756836 0.0179687 0.0146484 0.0017271
0 0.553125 0.727051 0.0226563 0.0253906 0.00171375
0 0.882812 0.961914 0.0109375 0.0136719 0.00171375
0 0.244141 0.00723267 0.0167969 0.0144653 0.00170708
0 0.984375 0.675781 0.0125 0.015625 0.00168133
0 0.540234 0.668945 0.046875 0.0761719 0.00167465
0 0.0400146 0.936523 0.0379395 0.0371094 0.0016489
0 0.337305 0.527344 0.00898437 0.0117188 0.00161076
0 0.501172 0.976562 0.0140625 0.0175781 0.00161076
0 0.0113281 0.984863 0.0167969 0.0302734 0.00159168
0 0.401563 0.431885 0.0125 0.0107422 0.00157356
0 0.991406 0.880859 0.0140625 0.0146484 0.00157356
0 0.0803711 0.371582 0.0136719 0.0131836 0.00156116
0 0.86875 0.841797 0.0125 0.015625 0.00154877
0 0.903906 0.0186157 0.0171875 0.0164795 0.00153637
0 0.228906 0.338623 0.0140625 0.0200195 0.00152493
0 0.896875 0.0309448 0.0171875 0.0155029 0.00150108
0 0.639844 0.814453 0.0125 0.015625 0.00148964
0 0.75293 0.0303345 0.0269531 0.020874 0.00148392
0 0.0242676 0.349121 0.00976562 0.0180664 0.0014782
0 0.124023 0.55957 0.0115234 0.0126953 0.00145531
0 0.605469 0.812988 0.0226563 0.0205078 0.00145531
0 0.245117 0.501953 0.0222656 0.0146484 0.00144386
0 0.199609 0.966797 0.0257812 0.0292969 0.00143814
0 0.534766 0.960938 0.0257812 0.03125 0.00143242
0 0.135547 0.477539 0.00859375 0.0175781 0.00141048
0 0.190039 0.386963 0.0421875 0.0698242 0.00139904
0 0.361328 0.550293 0.0109375 0.0107422 0.00138283
0 0.19043 0.38501 0.0171875 0.0297852 0.00137806
0 0.767969 0.938477 0.0296875 0.0371094 0.00136662
0 0.244922 0.924316 0.0109375 0.0107422 0.00136185
0 0.652734 0.977539 0.01875 0.0214844 0.00135612
0 0.362109 0.544922 0.0195312 0.0244141 0.00133514
