0 0.732031 0.742188 0.0226563 0.0380859 0.795898
0 0.680078 0.667969 0.0210938 0.0390625 0.668945
0 0.502344 0.48291 0.0179687 0.0273438 0.657715
0 0.469141 0.451782 0.0226563 0.032959 0.577637
0 0.467578 0.44873 0.0164062 0.0263672 0.566895
0 0.512109 0.570801 0.0171875 0.0292969 0.553711
0 0.519141 0.507812 0.0109375 0.0253906 0.52832
0 0.564062 0.569336 0.0226563 0.0322266 0.496094
0 0.589063 0.599121 0.021875 0.0351562 0.494141
0 0.620703 0.612793 0.0242187 0.03125 0.476562
0 0.447266 0.580078 0.0101562 0.0234375 0.462891
0 0.583984 0.603516 0.0304688 0.0517578 0.437744
0 0.517187 0.646484 0.0125 0.0302734 0.435791
0 0.467578 0.584473 0.0117188 0.0283203 0.434082
0 0.591797 0.59375 0.0179687 0.0224609 0.389648
0 0.618359 0.608887 0.0171875 0.0175781 0.388672
0 0.58125 0.612305 0.0335938 0.0634766 0.379395
0 0.655859 0.644043 0.0148437 0.0302734 0.370117
0 0.652734 0.64209 0.0132813 0.0263672 0.36377
0 0.860937 0.605957 0.0109375 0.0292969 0.329346
0 0.729297 0.737305 0.0179687 0.0273438 0.327637
0 0.466797 0.583496 0.0164062 0.03125 0.32251
0 0.465625 0.579102 0.009375 0.0224609 0.252441
0 0.480078 0.460449 0.009375 0.0205078 0.248047
0 0.591406 0.595215 0.0210938 0.0302734 0.235107
0 0.618359 0.610352 0.021875 0.0244141 0.213379
0 0.517969 0.508301 0.0179687 0.0283203 0.199951
0 0.578516 0.625488 0.0210938 0.0419922 0.196777
0 0.445703 0.581055 0.0164062 0.0244141 0.191895
0 0.624609 0.618652 0.0226563 0.0361328 0.179565
0 0.510156 0.568848 0.0234375 0.0332031 0.176636
0 0.653516 0.644531 0.0234375 0.0332031 0.162964
0 0.493359 0.586426 0.0132813 0.0380859 0.158691
0 0.677344 0.659668 0.0125 0.0224609 0.157715
0 0.642187 0.643066 0.0296875 0.0429688 0.14563
0 0.642969 0.645508 0.0179687 0.0302734 0.138428
0 0.496094 0.626465 0.0101562 0.0234375 0.133423
0 0.860156 0.605957 0.015625 0.0341797 0.129395
0 0.448828 0.582031 0.0140625 0.0195312 0.128906
0 0.623438 0.620605 0.03125 0.0410156 0.124207
0 0.631641 0.627441 0.0296875 0.0498047 0.11676
0 0.558984 0.73877 0.0078125 0.0117188 0.112
0 0.493359 0.586914 0.01875 0.0507812 0.105591
0 0.578906 0.756836 0.0101562 0.0136719 0.105225
0 0.567187 0.574707 0.0234375 0.0390625 0.0997925
0 0.632422 0.628906 0.0164062 0.0371094 0.0963745
0 0.73125 0.746582 0.0320312 0.0380859 0.0963745
0 0.501172 0.5625 0.0117188 0.0146484 0.0913696
0 0.478516 0.458984 0.0164062 0.0283203 0.085083
0 0.498047 0.572754 0.0078125 0.0263672 0.0769653
0 0.495313 0.626465 0.0132813 0.0302734 0.0755615
0 0.641406 0.635742 0.015625 0.0351562 0.0736694
0 0.563672 0.566895 0.0179687 0.0224609 0.0682983
0 0.501562 0.485352 0.0257812 0.0371094 0.0637207
0 0.448047 0.578613 0.0117188 0.0126953 0.0600891
0 0.464453 0.447266 0.0179687 0.0263672 0.0585632
0 0.676562 0.663086 0.0273438 0.0400391 0.0528259
0 0.45 0.581055 0.0242187 0.0283203 0.0479431
0 0.517969 0.501465 0.009375 0.0234375 0.0476074
0 0.495313 0.619629 0.00859375 0.0302734 0.0474243
0 0.835156 0.792969 0.0125 0.015625 0.0469055
0 0.498437 0.559082 0.00625 0.0136719 0.0440063
0 0.464844 0.447754 0.0234375 0.0332031 0.0423889
0 0.5375 0.711426 0.00859375 0.0214844 0.0422363
0 0.678516 0.660645 0.0164062 0.0283203 0.0406799
0 0.635156 0.640137 0.0257812 0.0498047 0.0399475
0 0.676172 0.663574 0.0203125 0.0263672 0.0397949
0 0.497266 0.575684 0.0171875 0.0410156 0.0332031
0 0.683203 0.668457 0.015625 0.0244141 0.0324707
0 0.466406 0.580078 0.0210938 0.03125 0.0316162
0 0.492188 0.59668 0.0203125 0.0634766 0.0301056
0 0.521484 0.509277 0.0117188 0.0166016 0.029541
0 0.491797 0.598145 0.0140625 0.0458984 0.029541
0 0.575 0.619629 0.021875 0.0517578 0.0293121
0 0.574609 0.620117 0.0125 0.0341797 0.0292053
0 0.559375 0.562988 0.0140625 0.0166016 0.0284424
0 0.727734 0.741211 0.0296875 0.0429688 0.0283356
0 0.589844 0.608398 0.01875 0.0458984 0.0275879
0 0.513281 0.574707 0.0148437 0.0205078 0.0271759
0 0.535937 0.706543 0.00859375 0.0195312 0.0270691
0 0.861719 0.610352 0.009375 0.0253906 0.0254669
0 0.635547 0.643066 0.0171875 0.03125 0.0254669
0 0.6625 0.650391 0.0132813 0.0195312 0.0249939
0 0.517578 0.64209 0.021875 0.03125 0.0248871
0 0.517187 0.51123 0.0140625 0.0214844 0.0238647
0 0.727734 0.741699 0.021875 0.0302734 0.0238647
0 0.575781 0.629395 0.0171875 0.0322266 0.0222931
0 0.634375 0.640137 0.0351562 0.0576172 0.0222931
0 0.641406 0.637695 0.0414063 0.0546875 0.021698
0 0.839063 0.794922 0.0140625 0.0146484 0.0213623
0 0.505469 0.578125 0.0164062 0.0273438 0.02034
0 0.494922 0.618652 0.015625 0.0458984 0.0202484
0 0.578906 0.758301 0.0179687 0.0224609 0.0199432
0 0.558594 0.739258 0.0117188 0.0185547 0.0195618
0 0.834375 0.796387 0.0140625 0.0175781 0.0190125
0 0.623438 0.624512 0.0398437 0.0576172 0.0189056
0 0.834375 0.793457 0.0234375 0.0283203 0.0184021
0 0.514063 0.57373 0.0257812 0.0283203 0.0183411
0 0.545313 0.721191 0.00625 0.0146484 0.0173035
0 0.467187 0.59082 0.0132813 0.0185547 0.0171051
0 0.498437 0.632812 0.0117188 0.0195312 0.0166626
0 0.583594 0.59375 0.0171875 0.0244141 0.0164032
0 0.504297 0.578125 0.0367187 0.0488281 0.0162811
0 0.54375 0.554688 0.00703125 0.0136719 0.0150757
0 0.473437 0.454102 0.0148437 0.0224609 0.0149002
0 0.503125 0.563965 0.0195312 0.0253906 0.0142822
0 0.643359 0.651367 0.0234375 0.0361328 0.0133743
0 0.46875 0.589844 0.0203125 0.03125 0.0129242
0 0.514063 0.647461 0.0132813 0.0214844 0.0127258
0 0.601562 0.602051 0.0148437 0.0166016 0.0121002
0 0.516406 0.501465 0.0203125 0.0351562 0.0111618
0 0.737891 0.750977 0.0125 0.0283203 0.0110703
0 0.559766 0.56543 0.0296875 0.0302734 0.0110703
0 0.535156 0.707031 0.015625 0.0322266 0.0107346
0 0.482031 0.466309 0.0109375 0.0166016 0.01017
0 0.839844 0.798828 0.0125 0.0136719 0.00974274
0 0.512891 0.646484 0.0234375 0.0400391 0.00963593
0 0.642187 0.65332 0.0195312 0.0234375 0.00923157
0 0.821094 0.783203 0.009375 0.0146484 0.00923157
0 0.582812 0.594727 0.0375 0.0449219 0.00912476
0 0.557422 0.73877 0.0179687 0.0175781 0.00861359
0 0.466797 0.443237 0.0140625 0.0197754 0.00821686
0 0.624219 0.626465 0.021875 0.0380859 0.00812531
0 0.683984 0.66748 0.01875 0.0371094 0.00806427
0 0.480469 0.589355 0.0179687 0.0234375 0.00787354
0 0.7375 0.749512 0.0195312 0.0371094 0.00772476
0 0.497656 0.562012 0.0132813 0.0244141 0.00751877
0 0.538672 0.712402 0.0140625 0.0322266 0.00717545
0 0.852344 0.806641 0.009375 0.0117188 0.00706482
0 0.463672 0.45459 0.0226563 0.0380859 0.00701141
0 0.563672 0.741211 0.009375 0.0117188 0.0068779
0 0.590625 0.768555 0.0078125 0.0126953 0.00674438
0 0.724609 0.730957 0.009375 0.0146484 0.00658798
0 0.493359 0.619141 0.0242187 0.0556641 0.0064888
0 0.516016 0.653809 0.009375 0.0224609 0.00626373
0 0.522656 0.507812 0.015625 0.0292969 0.00600433
0 0.482422 0.466309 0.0210938 0.0322266 0.00595856
0 0.502734 0.563477 0.0273438 0.0302734 0.00584412
0 0.559375 0.563477 0.0382813 0.0361328 0.00582123
0 0.523047 0.648438 0.0109375 0.0146484 0.00572968
0 0.532422 0.699707 0.00859375 0.0244141 0.00564194
0 0.685156 0.675293 0.0109375 0.0214844 0.00551224
0 0.533984 0.706543 0.0242187 0.0361328 0.00518036
0 0.464453 0.45459 0.0171875 0.0253906 0.0051384
0 0.582812 0.595215 0.0539063 0.0585938 0.00484848
0 0.511328 0.501953 0.0296875 0.046875 0.0046463
0 0.573438 0.756836 0.0109375 0.015625 0.00452042
0 0.662891 0.651367 0.0242187 0.0351562 0.00443268
0 0.861719 0.609375 0.0234375 0.0351562 0.00439835
0 0.839063 0.794434 0.0234375 0.0273438 0.0042305
0 0.478125 0.589355 0.040625 0.0498047 0.0041008
0 0.737109 0.75 0.0335938 0.0410156 0.00399017
0 0.490234 0.46875 0.0109375 0.015625 0.00391388
0 0.512891 0.566406 0.0148437 0.0175781 0.00391388
0 0.473828 0.454224 0.0242187 0.0378418 0.00383949
0 0.571875 0.575684 0.015625 0.0195312 0.00378036
0 0.512891 0.504883 0.0164062 0.0292969 0.00370789
0 0.496094 0.559082 0.01875 0.0273438 0.00363541
0 0.544922 0.720703 0.0140625 0.0283203 0.00353813
0 0.578516 0.63623 0.0117188 0.0224609 0.00351143
0 0.519141 0.676758 0.00703125 0.015625 0.00324821
0 0.556641 0.733398 0.0078125 0.0146484 0.00322342
0 0.613281 0.613281 0.0171875 0.0214844 0.00305176
0 0.500391 0.631836 0.0179687 0.0341797 0.0029583
0 0.479297 0.588379 0.0578125 0.0576172 0.00291252
0 0.602344 0.603027 0.03125 0.0332031 0.00288963
0 0.183398 0.03479 0.009375 0.0142822 0.00283432
0 0.579687 0.635254 0.0140625 0.03125 0.00282288
0 0.517578 0.651855 0.0210938 0.0400391 0.00282288
0 0.537891 0.711914 0.0203125 0.0390625 0.00279999
0 0.821875 0.784668 0.01875 0.0244141 0.00277901
0 0.419531 0.0649719 0.00859375 0.0119019 0.0026722
0 0.840625 0.799316 0.0234375 0.0253906 0.00265312
0 0.692578 0.70752 0.009375 0.0136719 0.00250244
0 0.451172 0.579102 0.0367187 0.0332031 0.00243378
0 0.839063 0.792969 0.034375 0.03125 0.00235939
0 0.576172 0.603027 0.00859375 0.03125 0.00232315
0 0.467578 0.442749 0.01875 0.0354004 0.00227928
0 0.591016 0.763184 0.009375 0.0117188 0.00217438
0 0.543359 0.556152 0.015625 0.0253906 0.00216484
0 0.486328 0.597168 0.0148437 0.0273438 0.00215721
0 0.580469 0.635254 0.0242187 0.0361328 0.00213242
0 0.732031 0.850098 0.009375 0.0136719 0.00206757
0 0.639844 0.625977 0.015625 0.0175781 0.00201988
0 0.589063 0.630859 0.0109375 0.03125 0.00188923
0 0.523828 0.508789 0.0289063 0.0351562 0.00188255
0 0.562109 0.577637 0.0367187 0.0546875 0.00186729
0 0.821094 0.784668 0.0296875 0.0273438 0.00186729
0 0.663281 0.651367 0.0375 0.0429688 0.00176144
0 0.473828 0.453247 0.040625 0.0534668 0.00175476
0 0.498828 0.621094 0.0101562 0.0214844 0.00173378
0 0.483203 0.596191 0.040625 0.0654297 0.00168705
0 0.542969 0.720215 0.0226563 0.0302734 0.00168705
0 0.408984 0.0667419 0.009375 0.0137329 0.00168133
0 0.839844 0.800293 0.0328125 0.0302734 0.00166798
0 0.914062 0.801758 0.009375 0.0136719 0.00165462
0 0.682422 0.691406 0.0078125 0.0214844 0.00164223
0 0.81875 0.779297 0.0078125 0.0117188 0.00164223
0 0.572266 0.756836 0.0265625 0.0361328 0.00163555
0 0.724609 0.733398 0.0257812 0.03125 0.00159168
0 0.549609 0.565918 0.0109375 0.0166016 0.00156116
0 0.612891 0.615723 0.0492188 0.0517578 0.00151253
0 0.623438 0.610352 0.015625 0.0146484 0.00142097
0 0.562891 0.578613 0.0195312 0.0302734 0.00141621
0 0.685547 0.675293 0.015625 0.0351562 0.00139904
0 0.584766 0.769043 0.0109375 0.0195312 0.00135612
0 0.574219 0.601074 0.0351562 0.0664062 0.00133514
0 0.496094 0.0845947 0.0078125 0.0134277 0.00132465
0 0.999219 0.19696 0.0015625 0.0855713 0.00131989
0 0.657812 0.65332 0.0117188 0.0214844 0.00130939
0 0.999609 0.0395508 0.00078125 0.0249023 0.00128937
0 0.541797 0.555664 0.025 0.0292969 0.00123501
0 0.626953 0.549805 0.00625 0.0126953 0.00118828
0 0.603125 0.602539 0.04375 0.0419922 0.00116062
0 0.500781 0.632812 0.034375 0.0419922 0.00113773
0 0.591797 0.769043 0.0164062 0.0253906 0.00106525
0 0.810156 0.774902 0.009375 0.0146484 0.00104427
0 0.999609 0.0529785 0.00078125 0.026123 0.00104046
0 0.571094 0.756836 0.0390625 0.0390625 0.00102425
0 0.676953 0.674316 0.0164062 0.0263672 0.00102043
