0 0.662109 0.619141 0.0242187 0.03125 0.671387
0 0.377344 0.353516 0.0164062 0.0400391 0.599121
0 0.523438 0.47998 0.015625 0.0302734 0.499023
0 0.603125 0.562988 0.0164062 0.0351562 0.478516
0 0.411328 0.378174 0.01875 0.0239258 0.451416
0 0.486328 0.449097 0.0117188 0.0285645 0.413086
0 0.571094 0.508789 0.0164062 0.0214844 0.371094
0 0.451562 0.414062 0.015625 0.0302734 0.323486
0 0.462891 0.449219 0.0109375 0.015625 0.312256
0 0.572656 0.518555 0.034375 0.0439453 0.309814
0 0.580469 0.53125 0.021875 0.0488281 0.306641
0 0.505078 0.474609 0.0109375 0.0234375 0.303955
0 0.430859 0.397949 0.0140625 0.0351562 0.264404
0 0.572266 0.512695 0.0195312 0.0253906 0.24939
0 0.442187 0.416504 0.0132813 0.0283203 0.244385
0 0.548047 0.495605 0.0101562 0.0214844 0.2323
0 0.549609 0.503418 0.0140625 0.0244141 0.2323
0 0.472656 0.427246 0.0078125 0.0205078 0.230225
0 0.644531 0.769531 0.0078125 0.0126953 0.225464
0 0.521875 0.479492 0.025 0.03125 0.220703
0 0.517578 0.489258 0.0132813 0.0244141 0.213379
0 0.430469 0.398193 0.0195312 0.0390625 0.205566
0 0.379297 0.35791 0.0164062 0.0336914 0.199951
0 0.472266 0.432617 0.009375 0.0224609 0.196167
0 0.484766 0.445801 0.0125 0.03125 0.195557
0 0.548047 0.500488 0.0109375 0.0185547 0.191895
0 0.530078 0.486328 0.0148437 0.0283203 0.178345
0 0.577344 0.527832 0.0296875 0.0537109 0.177246
0 0.517187 0.487793 0.025 0.0341797 0.175537
0 0.896094 0.577148 0.0109375 0.0214844 0.162354
0 0.664844 0.62207 0.01875 0.0292969 0.15918
0 0.172656 0.0797119 0.00820312 0.013916 0.149536
0 0.505078 0.474609 0.0195312 0.03125 0.146606
0 0.529297 0.485352 0.025 0.0371094 0.144165
0 0.486328 0.45105 0.0164062 0.0305176 0.138916
0 0.442187 0.416016 0.0265625 0.0356445 0.134766
0 0.500781 0.470703 0.00859375 0.0136719 0.128906
0 0.411719 0.37915 0.025 0.0322266 0.124634
0 0.197266 0.0653076 0.0117188 0.012207 0.121704
0 0.428906 0.391602 0.0109375 0.0166016 0.110474
0 0.55 0.50293 0.0210938 0.0292969 0.110474
0 0.483203 0.445801 0.0265625 0.0380859 0.104858
0 0.489062 0.458496 0.0117188 0.0322266 0.10376
0 0.451562 0.415771 0.0226563 0.0351562 0.0894775
0 0.464844 0.448242 0.0179687 0.0244141 0.0878906
0 0.546484 0.496094 0.01875 0.0273438 0.0869141
0 0.471875 0.428589 0.0148437 0.0256348 0.0817871
0 0.925781 0.818848 0.0109375 0.0136719 0.0800781
0 0.489062 0.456055 0.01875 0.0380859 0.0747681
0 0.464453 0.450684 0.0125 0.015625 0.0720825
0 0.896094 0.577637 0.0140625 0.0263672 0.0708008
0 0.483594 0.453979 0.028125 0.0393066 0.0609741
0 0.410937 0.37793 0.015625 0.0146484 0.058136
0 0.445703 0.422363 0.015625 0.0253906 0.0558167
0 0.445312 0.420532 0.0226563 0.0378418 0.0522461
0 0.622266 0.594727 0.0171875 0.0195312 0.0507202
0 0.623047 0.594727 0.0226563 0.0253906 0.0467224
0 0.644141 0.770508 0.0117188 0.0185547 0.0441895
0 0.600781 0.556152 0.0117188 0.0214844 0.0437012
0 0.497656 0.470215 0.0109375 0.0185547 0.0430298
0 0.626562 0.599609 0.0148437 0.0195312 0.0428772
0 0.171875 0.079834 0.0105469 0.0180664 0.0427246
0 0.620313 0.592773 0.0132813 0.0195312 0.0423889
0 0.572656 0.513184 0.0234375 0.0341797 0.0414734
0 0.897656 0.581543 0.009375 0.0166016 0.0387573
0 0.43125 0.407471 0.0109375 0.0288086 0.037323
0 0.922656 0.816895 0.0125 0.0166016 0.0354004
0 0.197266 0.0670166 0.0167969 0.0178223 0.0346069
0 0.496875 0.46875 0.0203125 0.03125 0.0342407
0 0.621484 0.739746 0.0078125 0.015625 0.0334778
0 0.430859 0.405518 0.025 0.0424805 0.032959
0 0.422656 0.397461 0.0140625 0.0263672 0.0318604
0 0.421875 0.396973 0.03125 0.0405273 0.0307922
0 0.600781 0.564453 0.0242187 0.0400391 0.0296478
0 0.473437 0.435181 0.0164062 0.0310059 0.0290833
0 0.518359 0.473633 0.0140625 0.0136719 0.0274811
0 0.465234 0.449829 0.0226563 0.0300293 0.0274811
0 0.516016 0.49707 0.0125 0.015625 0.0266571
0 0.658594 0.61377 0.0148437 0.0175781 0.0264587
0 0.599609 0.556152 0.01875 0.0351562 0.0258636
0 0.451562 0.409424 0.0109375 0.0170898 0.0249939
0 0.632422 0.755371 0.00703125 0.0146484 0.0207214
0 0.496094 0.46875 0.0273438 0.0361328 0.0202484
0 0.376953 0.348389 0.0132813 0.0195312 0.0192413
0 0.451953 0.425415 0.0109375 0.0319824 0.0192413
0 0.922656 0.817383 0.0203125 0.0253906 0.0185394
0 0.470313 0.424561 0.0078125 0.0166016 0.0177765
0 0.621094 0.592773 0.0242187 0.0341797 0.0177765
0 0.601172 0.565918 0.0210938 0.0263672 0.0175171
0 0.501562 0.471191 0.0171875 0.0263672 0.0173035
0 0.584375 0.541016 0.0117188 0.0292969 0.0157776
0 0.7625 0.721191 0.0078125 0.0136719 0.0147324
0 0.926562 0.820312 0.01875 0.0214844 0.0147324
0 0.509375 0.483887 0.0265625 0.0410156 0.0145035
0 0.66875 0.788574 0.009375 0.0136719 0.0144501
0 0.626562 0.598633 0.0265625 0.0283203 0.014389
0 0.517578 0.496094 0.0140625 0.0244141 0.0140076
0 0.510156 0.486328 0.0132813 0.0234375 0.0135345
0 0.462109 0.446289 0.00859375 0.0175781 0.0129242
0 0.423438 0.407471 0.0109375 0.0224609 0.0128708
0 0.374609 0.358398 0.0226563 0.0400391 0.011116
0 0.517187 0.495605 0.021875 0.0253906 0.0106964
0 0.423047 0.40625 0.0203125 0.0380859 0.0100937
0 0.569141 0.504883 0.0132813 0.0146484 0.00963593
0 0.908594 0.805176 0.0078125 0.0126953 0.00948334
0 0.428906 0.391602 0.0257812 0.0317383 0.00908661
0 0.173047 0.0783691 0.00625 0.0180664 0.00905609
0 0.598047 0.556152 0.0289063 0.0380859 0.00905609
0 0.461719 0.453125 0.0109375 0.0166016 0.0088501
0 0.659766 0.614258 0.0234375 0.0302734 0.0088501
0 0.621094 0.741211 0.0148437 0.0244141 0.00837708
0 0.430859 0.0959473 0.0101562 0.0129395 0.00790405
0 0.760938 0.721191 0.009375 0.015625 0.00787354
0 0.443359 0.405029 0.0140625 0.0239258 0.00746155
0 0.376172 0.359863 0.0171875 0.0283203 0.00717545
0 0.898438 0.581543 0.0109375 0.0244141 0.00698471
0 0.582422 0.542969 0.01875 0.0419922 0.0068512
0 0.582031 0.544434 0.0125 0.0244141 0.00661469
0 0.51875 0.474121 0.028125 0.0292969 0.0064888
0 0.501562 0.469727 0.0289063 0.0322266 0.00643921
0 0.643359 0.76709 0.0078125 0.0126953 0.00614548
0 0.460938 0.452148 0.0171875 0.0273438 0.00584412
0 0.373828 0.345703 0.0101562 0.015625 0.00582123
0 0.460547 0.444336 0.0210938 0.0351562 0.00502014
0 0.584375 0.527832 0.0125 0.0214844 0.0049057
0 0.619922 0.740723 0.0234375 0.0253906 0.00469971
0 0.386719 0.369141 0.0125 0.0141602 0.00468063
0 0.581641 0.54248 0.028125 0.0478516 0.00468063
0 0.378516 0.3479 0.0164062 0.03125 0.00460815
0 0.658594 0.613281 0.0328125 0.0371094 0.00439835
0 0.920313 0.8125 0.0125 0.015625 0.00438309
0 0.632812 0.755859 0.0164062 0.0253906 0.00424957
0 0.460156 0.451538 0.025 0.0305176 0.00397491
0 0.451953 0.422363 0.0320312 0.046875 0.00382423
0 0.585547 0.538574 0.015625 0.0458984 0.0037365
0 0.730859 0.678711 0.0148437 0.0195312 0.00365067
0 0.573828 0.529785 0.0429688 0.0712891 0.00348282
0 0.51875 0.472168 0.0429688 0.0361328 0.00340271
0 0.198828 0.0662842 0.0238281 0.020752 0.00319672
0 0.440234 0.095459 0.009375 0.0117188 0.00314713
0 0.652344 0.771973 0.009375 0.00976562 0.00281143
0 0.669531 0.789551 0.01875 0.0244141 0.00275803
0 0.442578 0.406494 0.0382813 0.0458984 0.00263214
0 0.717969 0.66748 0.0109375 0.0185547 0.00259018
0 0.596875 0.709473 0.00859375 0.0136719 0.00259018
0 0.899219 0.581543 0.021875 0.0283203 0.00259018
0 0.628125 0.746582 0.00859375 0.0146484 0.00256157
0 0.759375 0.720703 0.0140625 0.0283203 0.00251198
0 0.632812 0.609375 0.0140625 0.0205078 0.00239754
0 0.458984 0.443237 0.03125 0.0412598 0.002388
0 0.721484 0.673828 0.0140625 0.0195312 0.00236893
0 0.468359 0.424927 0.0203125 0.0319824 0.00228691
0 0.63125 0.754883 0.025 0.0273438 0.00227928
0 0.435937 0.421875 0.009375 0.0200195 0.00226974
0 0.628516 0.524414 0.0140625 0.0224609 0.00226974
0 0.942969 0.833984 0.009375 0.0117188 0.00222588
0 0.431641 0.0961914 0.0179687 0.0241699 0.00222588
0 0.742969 0.690918 0.015625 0.0244141 0.00219154
0 0.170703 0.0771484 0.0136719 0.0354004 0.00191212
0 0.377344 0.346924 0.0320312 0.0400391 0.00191212
0 0.451562 0.407715 0.0304688 0.0390625 0.00189686
0 0.764063 0.72168 0.0125 0.0234375 0.00185299
0 0.174805 0.0811768 0.0171875 0.0244141 0.00179577
0 0.569141 0.504883 0.0289063 0.0332031 0.00179577
0 0.575391 0.533691 0.0226563 0.0400391 0.00170708
0 0.373828 0.34668 0.0242187 0.0327148 0.00170708
0 0.179492 0.074707 0.0121094 0.0153809 0.0017004
0 0.667969 0.788574 0.0289063 0.0263672 0.00168705
0 0.908594 0.806641 0.0171875 0.0253906 0.00167465
0 0.632812 0.608398 0.0296875 0.0351562 0.00154877
0 0.998438 0.0729675 0.003125 0.0698853 0.0014782
0 0.902344 0.577148 0.009375 0.0136719 0.00137806
0 0.623828 0.523926 0.0195312 0.0263672 0.00136662
0 0.434766 0.42041 0.025 0.0410156 0.00135612
0 0.758594 0.713867 0.009375 0.0214844 0.00135136
0 0.542969 0.487305 0.0125 0.0185547 0.00132465
0 1 0.958984 0 0.0820312 0.00130939
0 0.442578 0.404785 0.0554687 0.0625 0.0012846
0 0.920313 0.8125 0.0265625 0.0341797 0.00126934
0 0.430469 0.0957031 0.028125 0.0266113 0.00125504
0 0.999219 0.617676 0.0015625 0.0810547 0.00124454
0 0.631641 0.608887 0.0398437 0.0419922 0.00123501
0 0.757031 0.719727 0.025 0.0322266 0.00123501
0 0.730859 0.679199 0.0289063 0.0371094 0.0011692
0 0.627734 0.592285 0.0210938 0.0253906 0.00116062
0 1 0.069458 0 0.0283203 0.00112915
0 1 0.0711365 0 0.0391235 0.00112915
0 0.999219 0.055603 0.0015625 0.0250244 0.00112057
0 0.5625 0.515625 0.0148437 0.0214844 0.00109005
0 0.626562 0.531738 0.0140625 0.0166016 0.00109005
0 0.195117 0.0642395 0.0222656 0.0387573 0.00108624
0 0.541406 0.100342 0.009375 0.0170898 0.00106907
0 0.907812 0.805664 0.03125 0.0273438 0.00105667
0 0.999219 0.493652 0.0015625 0.0761719 0.00105286
0 0.561328 0.515625 0.0453125 0.0507812 0.00102806
0 0.999609 0.601074 0.00078125 0.0283203 0.00102425
