0 0.548437 0.0534668 0.103125 0.106934 0.312256
0 0.617969 0.0264282 0.0421875 0.0526123 0.289307
0 0.204102 0.0452881 0.00859375 0.0166016 0.2323
0 0.458594 0.0626221 0.114844 0.125244 0.193115
0 0.329883 0.0139771 0.0101562 0.0164795 0.167236
0 0.141895 0.3125 0.0314453 0.0722656 0.140869
0 0.5375 0.0555115 0.0875 0.086731 0.128052
0 0.329492 0.0189209 0.0132813 0.0266113 0.122131
0 0.219727 0.394043 0.0152344 0.0185547 0.108948
0 0.633594 0.0881653 0.129688 0.142517 0.0946655
0 0.328906 0.0194092 0.0191406 0.0318604 0.088501
0 0.623047 0.0269165 0.0296875 0.043457 0.0856934
0 0.309375 0.0437012 0.0105469 0.0164795 0.0797729
0 0.181445 0.63916 0.00898437 0.0146484 0.0783691
0 0.424219 0.147583 0.107813 0.13208 0.0703125
0 0.7 0.710449 0.0117188 0.0195312 0.0675659
0 0.180664 0.640137 0.0121094 0.0185547 0.0646362
0 0.491406 0.994629 0.0101562 0.0107422 0.064209
0 0.666016 0.0256348 0.0695312 0.0512695 0.0616455
0 0.567187 0.0517578 0.120312 0.103516 0.0544128
0 0.204492 0.0459595 0.0121094 0.0252686 0.0522461
0 0.319336 0.0377808 0.0164062 0.0283203 0.0499573
0 0.219336 0.393066 0.0191406 0.0239258 0.0495911
0 0.546094 0.0563965 0.0601562 0.0722656 0.0469055
0 0.64375 0.088501 0.0976562 0.117432 0.0463867
0 0.591406 0.0651855 0.128125 0.130371 0.0451965
0 0.546484 0.0430908 0.0539063 0.0634766 0.0438538
0 0.617578 0.0202637 0.0484375 0.0405273 0.0435181
0 0.582422 0.133545 0.139844 0.145508 0.0387573
0 0.595703 0.114624 0.100781 0.0830078 0.0363464
0 0.293945 0.82959 0.034375 0.117188 0.0358276
0 0.318359 0.0383911 0.0296875 0.0406494 0.035675
0 0.534375 0.150635 0.145313 0.152344 0.0350037
0 0.526172 0.0551147 0.0546875 0.0631104 0.033844
0 0.607031 0.114044 0.117188 0.106873 0.0332031
0 0.455078 0.0554504 0.0640625 0.0751343 0.032959
0 0.756445 0.0318604 0.0214844 0.0211182 0.0327148
0 0.446875 0.0489502 0.090625 0.0979004 0.0325928
0 0.618359 0.0167236 0.0289063 0.0310059 0.0314941
0 0.592969 0.0592041 0.100781 0.118408 0.0307922
0 0.660547 0.0426025 0.0679687 0.0852051 0.0301056
0 0.617188 0.0301514 0.0328125 0.0408936 0.0294189
0 0.447266 0.100616 0.119531 0.161072 0.0285492
0 0.309375 0.0442505 0.0191406 0.0311279 0.0281067
0 0.465625 0.474609 0.0109375 0.0214844 0.0278015
0 0.0260742 0.43335 0.0103516 0.0131836 0.0276947
0 0.435937 0.0595703 0.0976562 0.119141 0.0275879
0 0.666797 0.0229492 0.0445312 0.0449219 0.0274811
0 0.137207 0.319092 0.0365234 0.074707 0.0273743
0 0.821875 0.0131226 0.0140625 0.017334 0.0270691
0 0.658203 0.059082 0.0835937 0.118164 0.0269623
0 0.118457 0.298828 0.00898437 0.0131836 0.0268555
0 0.45625 0.0415039 0.05625 0.0690918 0.025177
0 0.290039 0.862305 0.0355469 0.124023 0.0248871
0 0.413281 0.148499 0.0921875 0.0946045 0.024704
0 0.472656 0.207275 0.139062 0.171875 0.0246124
0 0.355469 0.00933838 0.0125 0.0168457 0.0243378
0 0.519922 0.138977 0.124219 0.114624 0.0236969
0 0.296094 0.801758 0.028125 0.121094 0.0227203
0 0.444531 0.0566406 0.0578125 0.0671387 0.0217743
0 0.293555 0.113892 0.0117188 0.0183105 0.021698
0 0.554688 0.667969 0.0101562 0.0107422 0.021698
0 0.534766 0.042572 0.0453125 0.0449829 0.021286
0 0.136426 0.320312 0.021875 0.0400391 0.0212097
0 0.232227 0.326416 0.009375 0.0117188 0.0211182
0 0.609375 0.0283508 0.0671875 0.0567017 0.0211182
0 0.566016 0.0426025 0.0515625 0.059082 0.0205688
0 0.450391 0.223633 0.113281 0.157715 0.0204926
0 0.630078 0.0871582 0.0632813 0.0673828 0.0199432
0 0.634766 0.162231 0.128906 0.157959 0.0198669
0 0.547266 0.0662537 0.05 0.0574341 0.0197906
0 0.454297 0.0317383 0.0992187 0.0634766 0.0197144
0 0.754687 0.0319214 0.0375 0.0289307 0.0195618
0 0.820312 0.0150757 0.015625 0.0134277 0.0195007
0 0.626172 0.0321045 0.0414063 0.0501709 0.0194244
0 0.659766 0.0235596 0.04375 0.0393066 0.0191956
0 0.774219 0.177368 0.009375 0.0112305 0.019165
0 0.522656 0.0441895 0.0273438 0.0269775 0.0191193
0 0.447656 0.132294 0.139062 0.172913 0.0183411
0 0.660547 0.0397034 0.0414063 0.0504761 0.0180969
0 0.594141 0.115234 0.05 0.0437012 0.0180511
0 0.619141 0.112579 0.133594 0.137146 0.0177155
0 0.180273 0.63916 0.0183594 0.0263672 0.0175781
0 0.559766 0.0680542 0.14375 0.136108 0.0172424
0 0.235352 0.42627 0.00898437 0.0107422 0.0171814
0 0.168164 0.567871 0.0117188 0.0175781 0.0171051
0 0.547656 0.138306 0.1 0.116943 0.0171051
0 0.555469 0.038208 0.100781 0.076416 0.0171051
0 0.667578 0.0389099 0.0414063 0.0591431 0.0167847
0 0.420312 0.150146 0.059375 0.0627441 0.0164642
0 0.458594 0.0830383 0.101562 0.138611 0.0164032
0 0.443359 0.0286255 0.0726563 0.057251 0.0162201
0 0.393359 0.137451 0.0195312 0.0185547 0.0160217
0 0.626953 0.034729 0.0234375 0.0345459 0.0159607
0 0.307031 0.0480347 0.0132813 0.0159912 0.0159607
0 0.424219 0.117676 0.114844 0.147949 0.0158997
0 0.478125 0.0491943 0.125 0.0983887 0.0156708
0 0.597656 0.19458 0.146094 0.162109 0.0154877
0 0.524219 0.0559082 0.0335938 0.0395508 0.0147324
0 0.6875 0.675781 0.0109375 0.0146484 0.0147324
0 0.445703 0.0406189 0.0492188 0.0620728 0.0146713
0 0.880469 0.0389404 0.015625 0.0229492 0.0146179
0 0.517187 0.136108 0.05 0.0463867 0.014389
0 0.444141 0.0264282 0.0398437 0.0377197 0.0141754
0 0.433984 0.0401917 0.0421875 0.0502319 0.0141754
0 0.605078 0.115356 0.0523437 0.0458984 0.0141754
0 0.437109 0.175171 0.117969 0.151123 0.0141144
0 0.510156 0.163391 0.15625 0.170288 0.014061
0 0.351562 0.0195923 0.0148437 0.0216064 0.0139542
0 0.65625 0.052948 0.0515625 0.0679321 0.0138474
0 0.467187 0.0408936 0.05625 0.0637207 0.0137405
0 0.667969 0.0154419 0.0601562 0.0308838 0.0137405
0 0.145703 0.291016 0.0148437 0.0200195 0.0136337
0 0.325391 0.034668 0.0175781 0.0301514 0.0133286
0 0.592578 0.0407715 0.0484375 0.0546875 0.0133286
0 0.494531 0.136475 0.121094 0.134766 0.0132217
0 0.504687 0.135986 0.0484375 0.0500488 0.0131683
0 0.433984 0.0566406 0.0476562 0.0534668 0.0131226
0 0.701563 0.710449 0.0140625 0.0322266 0.0130692
0 0.0897461 0.599609 0.00996094 0.0136719 0.0125275
0 0.667969 0.0126343 0.0320312 0.022583 0.0124283
0 0.590234 0.0559387 0.059375 0.0658569 0.0123825
0 0.182031 0.63916 0.0105469 0.0263672 0.0121002
0 0.579297 0.0421448 0.0515625 0.0568237 0.0120087
0 0.410547 0.14856 0.046875 0.0473633 0.0119629
0 0.291797 0.817383 0.0472656 0.078125 0.0119171
0 0.537109 0.0664062 0.0421875 0.0537109 0.0117798
0 0.278125 0.967773 0.0203125 0.0507812 0.0117798
0 0.433594 0.254333 0.0804688 0.14563 0.0116882
0 0.522656 0.162659 0.108594 0.140503 0.0116425
0 0.640234 0.0986328 0.0601562 0.0639648 0.0115967
0 0.467187 0.115326 0.120312 0.150696 0.0115967
0 0.450781 0.193115 0.122656 0.164551 0.0114212
0 0.644531 0.159729 0.0984375 0.130737 0.0113754
0 0.149512 0.819336 0.00917969 0.0117188 0.0113297
0 0.419922 0.135376 0.0570313 0.0605469 0.0112915
0 0.610547 0.0250854 0.040625 0.0406494 0.0112457
0 0.421875 0.161621 0.0546875 0.0576172 0.0110703
0 0.325586 0.0332031 0.0265625 0.0421143 0.0110703
0 0.409375 0.135132 0.046875 0.0427246 0.0108185
0 0.582422 0.116455 0.053125 0.0483398 0.0104904
0 0.560938 0.118713 0.116406 0.140503 0.0103683
0 0.580078 0.133545 0.0609375 0.0629883 0.0103302
0 0.433203 0.0693359 0.0476562 0.0532227 0.0102463
0 0.558203 0.162292 0.159375 0.174438 0.0102463
0 0.642578 0.0715027 0.0585938 0.0674438 0.00989532
0 0.433984 0.0266113 0.0390625 0.0354004 0.00967407
0 0.517187 0.150269 0.0609375 0.059082 0.00967407
0 0.594531 0.105347 0.046875 0.0375977 0.00963593
0 0.276172 0.960693 0.0273438 0.0786133 0.00948334
0 0.455078 0.0266113 0.0460938 0.0430908 0.00945282
0 0.542578 0.135132 0.05625 0.0544434 0.00941467
0 0.530469 0.13562 0.053125 0.0463867 0.00933838
0 0.986719 0.272949 0.0078125 0.015625 0.00933838
0 0.594922 0.132874 0.107813 0.112671 0.00923157
0 0.321875 0.0325928 0.0371094 0.0571289 0.00919342
0 0.290039 0.831055 0.0546875 0.0859375 0.00912476
0 0.396094 0.0272217 0.0179687 0.0202637 0.00905609
0 0.697656 0.708984 0.0140625 0.0244141 0.00905609
0 0.523828 0.0678711 0.0265625 0.0427246 0.00888062
0 0.422656 0.0882874 0.104687 0.117859 0.00881195
0 0.459766 0.162903 0.149219 0.178101 0.00871277
0 0.604297 0.045166 0.100781 0.090332 0.0086441
0 0.399219 0.141357 0.0460938 0.0461426 0.00857544
0 0.492188 0.992676 0.0132813 0.0146484 0.00857544
0 0.277344 0.961914 0.0265625 0.0449219 0.00828552
0 0.294336 0.112061 0.0171875 0.0327148 0.00812531
0 0.582422 0.0811768 0.138281 0.149658 0.00809479
0 0.477734 0.0267639 0.096875 0.0535278 0.00806427
0 0.27793 0.969727 0.0191406 0.0332031 0.00800323
0 0.583203 0.147339 0.107031 0.133057 0.00800323
0 0.556641 0.0313721 0.0429688 0.0362549 0.00793457
0 0.529688 0.149902 0.0625 0.0605469 0.00793457
0 0.491016 0.994629 0.0164062 0.0107422 0.0078125
0 0.820312 0.0140076 0.025 0.0280151 0.0078125
0 0.420312 0.102051 0.0484375 0.050293 0.0077858
0 0.430859 0.102539 0.0585938 0.059082 0.00766754
0 0.491797 0.135254 0.05 0.0529785 0.00766754
0 0.657422 0.0127563 0.028125 0.0196533 0.00751877
0 0.568359 0.270508 0.0859375 0.129883 0.00746155
0 0.466797 0.026123 0.0460938 0.0383301 0.00734711
0 0.257031 0.537109 0.00859375 0.0126953 0.00734711
0 0.566406 0.0543213 0.0585938 0.0690918 0.00728989
0 0.607813 0.20459 0.100781 0.131836 0.00728989
0 0.504687 0.149902 0.059375 0.0578613 0.00701141
0 0.546875 0.163086 0.108594 0.144531 0.00701141
0 0.397656 0.143555 0.0265625 0.029541 0.00695801
0 0.448047 0.147705 0.104687 0.160645 0.00695801
0 0.0135742 0.491699 0.0128906 0.0166016 0.0069046
0 0.421094 0.0874023 0.0421875 0.0427246 0.00671768
0 0.384766 0.882812 0.0101562 0.0175781 0.00664139
0 0.298633 0.799805 0.0386719 0.0585938 0.00653839
0 0.747656 0.0338745 0.0265625 0.0219727 0.00651169
0 0.567578 0.0301514 0.0382813 0.034668 0.0064888
0 0.510156 0.0787354 0.0140625 0.0195312 0.00643921
0 0.557422 0.252686 0.111719 0.152344 0.00643921
0 0.342969 0.0210571 0.0195312 0.020874 0.00634003
0 0.476562 0.0540771 0.0953125 0.108154 0.00631332
0 0.442969 0.0853577 0.0625 0.0734253 0.00629044
0 0.566406 0.0342407 0.0757812 0.0684814 0.00626373
0 0.573047 0.081543 0.0992187 0.114014 0.00624084
0 0.555469 0.669922 0.0125 0.0136719 0.00609589
0 0.441797 0.102051 0.0640625 0.0705566 0.00605011
0 0.554297 0.134277 0.0601562 0.0610352 0.00605011
0 0.0266602 0.434692 0.0133789 0.0134277 0.00605011
0 0.479297 0.0397949 0.0484375 0.0563965 0.00600433
0 0.424219 0.0421143 0.104687 0.0842285 0.00600433
0 0.578516 0.055542 0.0601562 0.0629883 0.00595856
0 0.493359 0.00976562 0.0257812 0.0185547 0.00591278
0 0.503516 0.0102539 0.0226563 0.0185547 0.00591278
0 0.569141 0.118652 0.0546875 0.0529785 0.00591278
0 0.0641602 0.690918 0.0107422 0.0136719 0.00591278
0 0.167773 0.127686 0.00898437 0.0146484 0.00588989
0 0.0266113 0.524414 0.0125977 0.015625 0.00582123
0 0.546094 0.0313721 0.0421875 0.032959 0.00577545
0 0.287891 0.862793 0.0570313 0.0869141 0.00577545
0 0.430469 0.117065 0.0617188 0.0690918 0.00572968
0 0.748438 0.0344238 0.04375 0.0341797 0.00568771
0 0.63125 0.175903 0.0992187 0.145264 0.00561905
0 0.420703 0.270264 0.084375 0.143066 0.00559998
0 0.408203 0.101074 0.0375 0.0368652 0.00557709
0 0.30293 0.75293 0.0332031 0.102539 0.00551224
0 0.544531 0.223206 0.146875 0.167847 0.00544739
0 0.541016 0.148804 0.0640625 0.065918 0.00542831
0 0.630859 0.0714111 0.0570313 0.0527344 0.00538635
0 0.647656 0.0539246 0.046875 0.0454712 0.00534439
0 0.933594 0.663574 0.009375 0.0185547 0.00530243
0 0.0325195 0.913086 0.0119141 0.0185547 0.00521851
0 0.608203 0.0836182 0.100781 0.123047 0.00519943
0 0.425 0.0699463 0.0867188 0.0939941 0.00519943
0 0.585156 0.103729 0.101562 0.0884399 0.00516129
0 0.412109 0.158936 0.0398437 0.0476074 0.00510025
0 0.496484 0.237305 0.144531 0.167969 0.00510025
0 0.422656 0.069458 0.0375 0.0373535 0.00508118
0 0.31543 0.0663757 0.0109375 0.0137329 0.0050621
0 0.354688 0.0120239 0.0242187 0.0240479 0.0050621
0 0.280859 0.9104 0.0324219 0.10498 0.0050621
0 0.617969 0.101318 0.0617188 0.0600586 0.00503922
0 0.394141 0.135986 0.0375 0.0366211 0.00503922
0 0.465625 0.473633 0.0132813 0.0283203 0.00503922
0 0.617188 0.114502 0.0570313 0.0532227 0.00500107
0 0.651172 0.0859375 0.0578125 0.0695801 0.00498199
0 0.409766 0.102539 0.103125 0.098877 0.00496292
0 0.5125 0.054657 0.0179687 0.0278931 0.00494385
0 0.386719 0.131836 0.0125 0.0178223 0.00494385
0 0.429688 0.134399 0.0632813 0.0720215 0.00494385
0 0.701172 0.710938 0.021875 0.0371094 0.0049057
0 0.60625 0.103027 0.05625 0.0498047 0.00484848
0 0.118164 0.299316 0.0173828 0.0268555 0.00479126
0 0.494141 0.0123596 0.0625 0.0247192 0.00471878
0 0.520312 0.208801 0.175 0.178101 0.00471878
0 0.583984 0.105347 0.046875 0.0385742 0.00468063
0 0.548047 0.0809326 0.113281 0.103027 0.00466537
0 0.491406 0.148804 0.0601562 0.060791 0.0046463
0 0.484375 0.178223 0.167187 0.181641 0.00462723
0 0.590234 0.0707092 0.0601562 0.06073 0.00460815
0 0.651953 0.0697021 0.0601562 0.0778809 0.00460815
0 0.607031 0.0355225 0.0382813 0.0473633 0.0045929
0 0.519922 0.0808105 0.0179687 0.0273438 0.0045929
0 0.592578 0.132324 0.0578125 0.0581055 0.00457382
0 0.408203 0.0875244 0.0304688 0.0297852 0.00455475
0 0.880469 0.0369873 0.0265625 0.0386963 0.00453949
0 0.287305 0.0187378 0.0105469 0.0148926 0.00446701
0 0.821094 0.0145264 0.021875 0.0206299 0.00441742
0 0.433203 0.085968 0.0546875 0.0619507 0.00436401
0 0.556641 0.118652 0.0523437 0.0522461 0.00436401
0 0.515625 0.16394 0.0664062 0.0666504 0.00432968
0 0.136719 0.306396 0.0181641 0.0371094 0.00432968
0 0.423047 0.0380859 0.0375 0.0397949 0.00431442
0 0.567578 0.273193 0.0476562 0.0615234 0.00429916
0 0.497656 0.162048 0.107031 0.149536 0.00429916
0 0.628125 0.162964 0.0640625 0.0686035 0.00428009
0 0.427344 0.257324 0.0578125 0.0722656 0.00428009
0 0.145215 0.293457 0.0220703 0.0429688 0.00428009
0 0.696094 0.708008 0.0242187 0.0449219 0.00426483
0 0.292969 0.111816 0.0230469 0.0415039 0.00426483
0 0.297656 0.790039 0.0425781 0.125 0.00426483
0 0.513672 0.0691223 0.0117188 0.0280151 0.00424957
0 0.824219 0.0165405 0.0140625 0.0148926 0.0042305
0 0.0703125 0.759277 0.00917969 0.015625 0.00421524
0 0.472656 0.179443 0.107031 0.171387 0.00421524
0 0.350879 0.0204468 0.0279297 0.0316162 0.00419998
0 0.489062 0.0431519 0.0921875 0.0863037 0.00416565
0 0.438672 0.1922 0.0953125 0.136108 0.00416565
0 0.300781 0.75293 0.0410156 0.0644531 0.00413513
0 0.478516 0.0249023 0.0421875 0.0334473 0.00411606
0 0.616406 0.0864258 0.0617188 0.0617676 0.0041008
0 0.430078 0.242188 0.0585938 0.0703125 0.0041008
0 0.594531 0.162964 0.154687 0.161377 0.00408554
0 0.452734 0.115723 0.0648438 0.0720215 0.00407028
0 0.644531 0.129974 0.127344 0.153137 0.00407028
0 0.423828 0.0565186 0.034375 0.0332031 0.00400543
0 0.433203 0.176514 0.05625 0.0620117 0.00397491
0 0.519922 0.0776367 0.0382813 0.0412598 0.00397491
0 0.491406 0.991211 0.01875 0.0175781 0.00397491
0 0.503906 0.12207 0.0320312 0.0285645 0.0039444
0 0.463281 0.067627 0.0617188 0.0722656 0.00391388
0 0.560938 0.101685 0.0921875 0.112305 0.00388527
0 0.677734 0.0114136 0.0265625 0.0183105 0.00385475
0 0.442578 0.226807 0.065625 0.0795898 0.00382423
