0 0.707422 0.452271 0.04375 0.0456543 0.863281
0 0.895312 0.551758 0.0546875 0.0976562 0.820801
0 0.733203 0.213135 0.0265625 0.0449219 0.792969
0 0.860156 0.223633 0.028125 0.0380859 0.753418
0 0.222266 0.201416 0.025 0.0444336 0.728027
0 0.541797 0.191895 0.0351562 0.0307617 0.713867
0 0.0107178 0.10022 0.0214355 0.0273438 0.700684
0 0.762695 0.213867 0.0277344 0.027832 0.653809
0 0.8125 0.0071106 0.01875 0.0142212 0.547852
0 0.153564 0.029541 0.0374023 0.0325928 0.470703
0 0.919531 0.0443726 0.025 0.0166016 0.434082
0 0.920313 0.0449219 0.034375 0.0198975 0.38501
0 0.979688 0.0142822 0.0140625 0.0168457 0.344238
0 0.782812 0.72998 0.01875 0.0234375 0.218018
0 0.927344 0.0444336 0.0234375 0.0151367 0.213379
0 0.102441 0.100708 0.0267578 0.027832 0.146606
0 0.619531 0.979492 0.0125 0.015625 0.137573
0 0.565234 0.54834 0.0140625 0.0166016 0.122925
0 0.969531 0.010437 0.0125 0.0123291 0.120422
0 0.782031 0.731934 0.0265625 0.0322266 0.118774
0 0.0328613 0.77832 0.0160156 0.0234375 0.115967
0 0.978906 0.0136719 0.01875 0.0217285 0.111267
0 0.201367 0.736328 0.009375 0.0107422 0.105591
0 0.757812 0.21582 0.0390625 0.0307617 0.102295
0 0.916406 0.0446777 0.0546875 0.0458984 0.100159
0 0.807813 0.806641 0.015625 0.0146484 0.0960083
0 0.99375 0.759766 0.0125 0.0146484 0.0957031
0 0.546484 0.191101 0.0351562 0.0401611 0.0933228
0 0.683594 0.979492 0.0125 0.0136719 0.0875854
0 0.104102 0.100586 0.0222656 0.0458984 0.0844727
0 0.861719 0.218506 0.025 0.0249023 0.0803833
0 0.857813 0.22876 0.0265625 0.0356445 0.0792236
0 0.192969 0.0151367 0.0191406 0.017334 0.0766602
0 0.376563 0.932861 0.0164062 0.019043 0.0766602
0 0.204688 0.00805664 0.0101562 0.015625 0.0747681
0 0.00908203 0.0992432 0.0166016 0.0212402 0.0734253
0 0.0331055 0.784668 0.0157227 0.0263672 0.0682983
0 0.227344 0.920898 0.015625 0.0166016 0.0670776
0 0.533984 0.189453 0.021875 0.0195312 0.0648804
0 0.909375 0.0441895 0.021875 0.0209961 0.0614319
0 0.494922 0.328369 0.0117188 0.0136719 0.0589905
0 0.0324219 0.780762 0.0242187 0.0322266 0.0579224
0 0.272461 0.87793 0.0128906 0.0126953 0.0577087
0 0.895312 0.562988 0.0484375 0.0615234 0.0568542
0 0.220313 0.192139 0.0207031 0.0200195 0.0552063
0 0.228125 0.922363 0.0207031 0.0195312 0.0507202
0 0.535937 0.189941 0.03125 0.0317383 0.0505066
0 0.970312 0.749512 0.0125 0.0136719 0.0488586
0 0.737891 0.203125 0.0203125 0.019043 0.0477905
0 0.563672 0.54834 0.0195312 0.0253906 0.0476074
0 0.191797 0.0220337 0.0269531 0.0301514 0.0460205
0 0.79375 0.697266 0.015625 0.015625 0.0438538
0 0.374219 0.932617 0.0140625 0.0136719 0.0422363
0 0.190039 0.0221558 0.0382813 0.0404053 0.0422363
0 0.792969 0.985352 0.009375 0.0117188 0.0406799
0 0.536328 0.188721 0.040625 0.0390625 0.0397949
0 0.618359 0.979492 0.0171875 0.0234375 0.0391846
0 0.22207 0.192871 0.0300781 0.0327148 0.036499
0 0.80625 0.807129 0.025 0.0253906 0.0363464
0 0.116211 0.0393066 0.0171875 0.0214844 0.035553
0 0.24668 0.71875 0.0101562 0.0126953 0.0343628
0 0.741602 0.216309 0.0449219 0.0405273 0.0342407
0 0.16167 0.0266724 0.0239258 0.0212402 0.0333252
0 0.176367 0.59668 0.00859375 0.00976562 0.0324707
0 0.707812 0.443848 0.0492188 0.0429688 0.0324707
0 0.969531 0.0114136 0.025 0.0200195 0.0323486
0 0.923437 0.0443115 0.0390625 0.0355225 0.0319824
0 0.00712891 0.991211 0.0102539 0.015625 0.0304413
0 0.0120605 0.103882 0.0241211 0.0361328 0.0301056
0 0.569922 0.589355 0.0117188 0.0117188 0.0282135
0 0.13252 0.573242 0.0160156 0.0117188 0.0278015
0 0.22168 0.191895 0.0347656 0.0439453 0.0278015
0 0.910156 0.0448608 0.0265625 0.0297852 0.0269623
0 0.192773 0.0159912 0.0324219 0.0251465 0.0269623
0 0.228516 0.920898 0.0277344 0.0234375 0.0268555
0 0.701953 0.449097 0.04375 0.036377 0.0259552
0 0.683203 0.978516 0.01875 0.0234375 0.0237732
0 0.557813 0.544922 0.0125 0.0107422 0.0223694
0 0.861719 0.219727 0.0359375 0.0458984 0.0222015
0 0.992969 0.759277 0.0140625 0.0234375 0.0215302
0 0.224609 0.919434 0.0113281 0.0126953 0.0209656
0 0.792969 0.701172 0.0140625 0.0136719 0.0206451
0 0.742383 0.218262 0.0214844 0.0283203 0.0204926
0 0.911719 0.0462036 0.0390625 0.0233154 0.0204163
0 0.467969 0.991211 0.0195312 0.0136719 0.0191193
0 0.680469 0.982422 0.0140625 0.015625 0.0184784
0 0.889063 0.567383 0.053125 0.0800781 0.0183411
0 0.383203 0.990234 0.0140625 0.0136719 0.0182648
0 0.148047 0.0321655 0.03125 0.0288086 0.0182343
0 0.248437 0.717773 0.0105469 0.0117188 0.0179901
0 0.223242 0.921875 0.0164062 0.015625 0.0178528
0 0.684766 0.977539 0.0125 0.0136719 0.0177765
0 0.576953 0.712402 0.0109375 0.0136719 0.0173798
0 0.737891 0.205505 0.0382813 0.0386963 0.0173798
0 0.185742 0.0267334 0.0269531 0.0268555 0.0170441
0 0.705859 0.442383 0.0390625 0.0214844 0.0170441
0 0.375781 0.933105 0.021875 0.0263672 0.016983
0 0.558984 0.552246 0.0140625 0.0205078 0.0166626
0 0.173633 0.599609 0.00742187 0.0136719 0.0166626
0 0.185547 0.0274048 0.0460938 0.0445557 0.0165253
0 0.0325195 0.533691 0.0165039 0.0117188 0.0164642
0 0.897656 0.535156 0.05625 0.0820312 0.0164032
0 0.917188 0.772949 0.0171875 0.0146484 0.0159607
0 0.223047 0.963867 0.0105469 0.0136719 0.0158997
0 0.0192383 0.036377 0.0125 0.022583 0.0158386
0 0.439844 0.738281 0.0101562 0.0117188 0.0156708
0 0.0199219 0.0293579 0.0100586 0.0213623 0.0153656
0 0.248047 0.963867 0.0117188 0.0136719 0.0149536
0 0.446875 0.974609 0.0078125 0.0117188 0.0148392
0 0.401172 0.759277 0.0101562 0.0136719 0.0147324
0 0.460547 0.991211 0.009375 0.0117188 0.014061
0 0.495703 0.328857 0.01875 0.0214844 0.014061
0 0.161768 0.0280151 0.0479492 0.0362549 0.0139008
0 0.96875 0.75 0.0171875 0.0273438 0.0133743
0 0.792969 0.699219 0.021875 0.0224609 0.0133286
0 0.198242 0.737793 0.00859375 0.0107422 0.0130234
0 0.249805 0.959961 0.0160156 0.015625 0.0124817
0 0.325 0.651855 0.0109375 0.0126953 0.0124283
0 0.272266 0.878418 0.01875 0.0185547 0.0123367
0 0.990625 0.762207 0.01875 0.015625 0.0117798
0 0.792188 0.693848 0.0296875 0.03125 0.0115051
0 0.113867 0.038269 0.0253906 0.0291748 0.0112457
0 0.727344 0.213867 0.0273438 0.0336914 0.0109863
0 0.896094 0.53125 0.0359375 0.0371094 0.0108185
0 0.203125 0.0112305 0.0195312 0.0224609 0.0107346
0 0.9 0.560547 0.075 0.0947266 0.0105667
0 0.763281 0.208984 0.01875 0.0131836 0.0104065
0 0.815625 0.979492 0.0109375 0.0214844 0.0104065
0 0.10918 0.350098 0.0105469 0.0126953 0.0103302
0 0.494922 0.327637 0.0234375 0.0161133 0.0101318
0 0.156641 0.713867 0.0121094 0.0107422 0.00989532
0 0.0344727 0.0405884 0.00869141 0.0175781 0.00971222
0 0.00966797 0.76709 0.00761719 0.0126953 0.00967407
0 0.181836 0.0322876 0.0316406 0.0196533 0.00955963
0 0.810156 0.804199 0.015625 0.0175781 0.00955963
0 0.908594 0.539062 0.04375 0.0703125 0.00955963
0 0.903906 0.529785 0.0375 0.0449219 0.00948334
0 0.106934 0.0412598 0.021875 0.0169678 0.00831604
0 0.0469238 0.0484619 0.0100586 0.0115967 0.00831604
0 0.878125 0.959961 0.0140625 0.0136719 0.008255
0 0.0195801 0.665039 0.019043 0.0136719 0.00821686
0 0.967969 0.749512 0.025 0.0292969 0.00815582
0 0.853125 0.227783 0.01875 0.0273438 0.00806427
0 0.0124512 0.097168 0.0129883 0.0153809 0.0078125
0 0.285937 0.715332 0.0132813 0.0107422 0.0077858
0 0.653906 0.440552 0.0117188 0.0134277 0.00769424
0 0.282031 0.71875 0.01875 0.0136719 0.00769424
0 0.621484 0.976562 0.0140625 0.0214844 0.00763702
0 0.558984 0.551758 0.025 0.03125 0.00763702
0 0.037793 0.734863 0.0166992 0.0146484 0.00757599
0 0.810156 0.00564575 0.0140625 0.0112915 0.00743103
0 0.323047 0.73877 0.00859375 0.00976562 0.00734711
0 0.817969 0.985352 0.015625 0.0253906 0.00723267
0 0.0114014 0.105469 0.0228027 0.0266113 0.00712204
0 0.8875 0.571289 0.0328125 0.0458984 0.00712204
0 0.034668 0.736328 0.0152344 0.0166016 0.00701141
0 0.479688 0.92334 0.0210938 0.0136719 0.00701141
0 0.246094 0.71875 0.0171875 0.0214844 0.00701141
0 0.553125 0.182251 0.0328125 0.0217285 0.0068779
0 0.183984 0.0310059 0.046875 0.0296631 0.0068779
0 0.0189453 0.0357666 0.0219727 0.0432129 0.00669098
0 0.203125 0.777344 0.0136719 0.0117188 0.00651169
0 0.23125 0.0490112 0.0765625 0.0980225 0.0064888
0 0.202344 0.738281 0.0121094 0.0185547 0.0064888
0 0.0127441 0.664062 0.0124023 0.0136719 0.00634003
0 0.68125 0.981445 0.0203125 0.0234375 0.00629044
0 0.974219 0.963867 0.0109375 0.0234375 0.00626373
0 0.0310547 0.0482788 0.00976562 0.0142822 0.00624084
0 0.103906 0.0994873 0.0144531 0.0144043 0.00616837
0 0.132324 0.572266 0.0291016 0.0214844 0.00614548
0 0.701563 0.456665 0.034375 0.0397949 0.00605011
0 0.799219 0.698242 0.0140625 0.0205078 0.00582123
0 0.483984 0.920898 0.0148437 0.0126953 0.00582123
0 0.921094 0.00628662 0.0171875 0.0125732 0.00570679
0 0.118652 0.0315552 0.0119141 0.0201416 0.00570679
0 0.0347168 0.775391 0.00966797 0.0195312 0.00564194
0 0.889063 0.543457 0.0390625 0.0371094 0.00553513
0 0.223438 0.0183716 0.0402344 0.0240479 0.00551224
0 0.00825195 0.052124 0.00966797 0.0146484 0.00551224
0 0.903906 0.560547 0.03125 0.0537109 0.00551224
0 0.909375 0.540039 0.053125 0.0898438 0.00551224
0 0.909375 0.539551 0.0328125 0.0507812 0.00542831
0 0.385547 0.986328 0.0140625 0.015625 0.00540543
0 0.853125 0.227783 0.0296875 0.0415039 0.00534439
0 0.12959 0.574707 0.03125 0.015625 0.00530243
0 0.227734 0.0220947 0.0703125 0.0441895 0.00524139
0 0.146289 0.692871 0.0101562 0.0107422 0.00518036
0 0.109863 0.986328 0.0107422 0.0117188 0.00518036
0 0.199414 0.993164 0.0105469 0.0117188 0.00518036
0 0.715234 0.440552 0.0234375 0.017334 0.00503922
0 0.442969 0.762695 0.0101562 0.0117188 0.00498199
0 0.56875 0.588379 0.0210938 0.0224609 0.00498199
0 0.964844 0.768066 0.0109375 0.0175781 0.00494385
0 0.972656 0.972656 0.00625 0.0175781 0.00494385
0 0.447266 0.974609 0.0101562 0.015625 0.00488663
0 0.247266 0.71582 0.00976562 0.0126953 0.00486755
0 0.372656 0.937744 0.0117188 0.0151367 0.00482941
0 0.270898 0.875488 0.0136719 0.0185547 0.00481033
0 0.554688 0.562012 0.0109375 0.0126953 0.00479126
0 0.185547 0.0150757 0.0195312 0.0162354 0.00475693
0 0.971875 0.0133667 0.01875 0.0145264 0.00471878
0 0.977344 0.753906 0.0109375 0.0136719 0.00466537
0 0.792969 0.985352 0.0125 0.0195312 0.00462723
0 0.220508 0.972656 0.0152344 0.0175781 0.00452042
0 0.0076416 0.990234 0.0152832 0.0195312 0.00452042
0 0.975 0.569824 0.0109375 0.0117188 0.00450516
0 0.944531 0.738281 0.0234375 0.0205078 0.00445175
0 0.467969 0.989258 0.0296875 0.0214844 0.00443268
0 0.102637 0.105225 0.0283203 0.0581055 0.00438309
0 0.499219 0.942383 0.00859375 0.0117188 0.00432968
0 0.247656 0.757812 0.00976562 0.0136719 0.00431442
0 0.81875 0.982422 0.0203125 0.0351562 0.00426483
0 0.382812 0.792969 0.0117188 0.0107422 0.00424957
0 0.0356934 0.788086 0.0145508 0.0253906 0.00419998
0 0.909375 0.0445557 0.0453125 0.0341797 0.00419998
0 0.877344 0.491699 0.009375 0.0126953 0.00411606
0 0.187109 0.598633 0.0101562 0.00976562 0.0041008
0 0.221875 0.96582 0.0203125 0.0292969 0.00403976
0 0.0675781 0.0919189 0.00957031 0.0144043 0.00402451
0 0.183203 0.632812 0.0109375 0.0117188 0.00400543
0 0.020166 0.0484619 0.0103516 0.0150146 0.00397491
0 0.810156 0.986328 0.00625 0.0136719 0.00392914
0 0.248047 0.720703 0.0105469 0.0166016 0.00388527
0 0.377734 0.935791 0.0289063 0.0307617 0.00387001
0 0.975 0.961914 0.0078125 0.0214844 0.00382423
0 0.266406 0.937256 0.0207031 0.0180664 0.0037365
0 0.359766 0.590332 0.009375 0.00976562 0.00370789
0 0.520703 0.447266 0.0109375 0.0107422 0.00366402
0 0.321875 0.28833 0.0136719 0.0146484 0.00363541
0 0.225 0.190125 0.0199219 0.0133057 0.00362206
0 0.164453 0.0335693 0.0238281 0.0245361 0.00359344
0 0.270508 0.935547 0.0152344 0.0175781 0.00359344
0 0.217969 0.013916 0.0148437 0.0142822 0.00353813
0 0.542188 0.198669 0.0335938 0.0255127 0.00353813
0 0.247461 0.963867 0.0253906 0.0273438 0.00351143
0 0.786719 0.692383 0.0140625 0.0166016 0.00348282
0 0.967969 0.746094 0.0203125 0.0224609 0.00348282
0 0.909375 0.0534668 0.065625 0.106934 0.00346947
0 0.926562 0.384277 0.015625 0.0131836 0.00342941
0 0.871094 0.581543 0.0109375 0.0273438 0.00340271
0 0.557031 0.545898 0.028125 0.0234375 0.00340271
0 0.385938 0.788086 0.0125 0.0126953 0.00332451
0 0.201172 0.736328 0.0179687 0.0166016 0.00332451
0 0.130664 0.0378418 0.00820312 0.0162354 0.00327301
0 0.103906 0.0402222 0.0414063 0.0350342 0.00325966
0 0.0344727 0.73584 0.0242187 0.0273438 0.00325966
0 0.879687 0.814941 0.0125 0.00976562 0.00322342
0 0.0972656 0.116699 0.0515625 0.233398 0.00322342
0 0.922656 0.383301 0.0140625 0.0126953 0.00314713
0 0.634766 0.433105 0.0140625 0.0166016 0.00309944
0 0.137305 0.571289 0.025 0.015625 0.00307465
0 0.814844 0.00817871 0.01875 0.0163574 0.00307465
0 0.382812 0.988281 0.021875 0.0234375 0.00307465
0 0.281641 0.717773 0.0246094 0.0273438 0.00305176
0 0.0326172 0.53418 0.0229492 0.0175781 0.00292397
0 0.419141 0.293213 0.0210938 0.0166016 0.00291252
0 0.959375 0.768555 0.0140625 0.0136719 0.00291252
0 0.10918 0.633301 0.00917969 0.0107422 0.00288963
0 0.877344 0.924805 0.009375 0.00976562 0.00286674
0 0.00900879 0.102905 0.0180176 0.0397949 0.00279999
0 0.667188 0.333496 0.0203125 0.0166016 0.00277901
0 0.242383 0.967773 0.0160156 0.0136719 0.00277901
0 0.480469 0.922852 0.034375 0.0195312 0.00277901
0 0.9125 0.551758 0.0234375 0.046875 0.00271416
0 0.00776367 0.414795 0.00996094 0.0146484 0.0026722
0 0.791406 0.984375 0.01875 0.0175781 0.00265312
0 0.203125 0.734375 0.0117188 0.015625 0.00263214
0 0.555859 0.203125 0.0171875 0.0185547 0.00258064
0 0.871875 0.580078 0.015625 0.0380859 0.00255013
0 0.17207 0.600098 0.015625 0.0205078 0.00255013
0 0.55 0.18573 0.0640625 0.0655518 0.00253105
0 0.919531 0.763672 0.0140625 0.0175781 0.00251198
0 0.976562 0.97168 0.0140625 0.0253906 0.0024929
0 0.10752 0.352539 0.0205078 0.0214844 0.0024929
0 0.89375 0.299316 0.0140625 0.0146484 0.00247192
0 0.945312 0.738281 0.0375 0.0390625 0.00246239
0 0.930469 0.00686646 0.0234375 0.0137329 0.00245285
0 0.713672 0.440796 0.0382813 0.0344238 0.00245285
0 0.133203 0.981445 0.0166016 0.0117188 0.00244331
0 0.11543 0.0452271 0.0160156 0.0159912 0.00236893
0 0.0401855 0.73291 0.0145508 0.0136719 0.00235939
0 0.0941406 0.458008 0.0142578 0.0107422 0.00232315
0 0.895312 0.577637 0.0171875 0.0351562 0.00232315
0 0.460547 0.990234 0.021875 0.0195312 0.00231361
0 0.882031 0.579102 0.0171875 0.0332031 0.00229645
0 0.932031 0.571289 0.0140625 0.0175781 0.00228691
0 0.105566 0.720703 0.0109375 0.00683594 0.00227928
0 0.95625 0.976562 0.0109375 0.015625 0.00227928
0 0.764844 0.208252 0.0234375 0.0253906 0.00225258
0 0.0187012 0.665039 0.0290039 0.0234375 0.00225258
0 0.196875 0.73877 0.0171875 0.0185547 0.00223351
0 0.0688477 0.770996 0.0144531 0.0136719 0.00222588
0 0.725781 0.220703 0.0101562 0.0195312 0.00219917
0 0.870313 0.576172 0.0078125 0.03125 0.00219917
0 0.803906 0.678711 0.009375 0.0146484 0.00219917
0 0.917188 0.768555 0.0234375 0.0244141 0.00218201
0 0.446484 0.973633 0.0171875 0.0273438 0.00216484
0 0.703516 0.956055 0.0117188 0.0117188 0.00212479
0 0.658203 0.334473 0.028125 0.0185547 0.00210762
0 0.60625 0.939453 0.0203125 0.015625 0.00209999
