0 0.358105 0.904785 0.0580078 0.0458984 0.774414
0 0.498437 0.437134 0.04375 0.0534668 0.620605
0 0.642187 0.655273 0.0476562 0.0576172 0.602051
0 0.637891 0.146484 0.0257812 0.0454102 0.586914
0 0.680859 0.705566 0.0507812 0.0488281 0.563965
0 0.716016 0.730469 0.0585938 0.0439453 0.552734
0 0.8 0.881836 0.0671875 0.0537109 0.503906
0 0.778906 0.854004 0.065625 0.0566406 0.430176
0 0.502734 0.446289 0.0546875 0.0732422 0.401611
0 0.771094 0.860352 0.04375 0.046875 0.383057
0 0.544531 0.461914 0.0226563 0.0380859 0.367432
0 0.817187 0.838867 0.0484375 0.0400391 0.332764
0 0.496094 0.432617 0.0367187 0.0371094 0.323486
0 0.514844 0.462769 0.0289063 0.0568848 0.27124
0 0.805469 0.881836 0.05 0.0458984 0.242188
0 0.697656 0.759766 0.0882813 0.0761719 0.231567
0 0.703125 0.767578 0.0695312 0.0595703 0.187134
0 0.509375 0.45752 0.0429688 0.0761719 0.185913
0 0.706641 0.689453 0.0148437 0.0166016 0.174927
0 0.515625 0.468262 0.0210938 0.0449219 0.160278
0 0.542969 0.469604 0.0328125 0.0646973 0.145142
0 0.54375 0.449097 0.0179687 0.0236816 0.134277
0 0.540234 0.489746 0.0226563 0.0332031 0.129883
0 0.389844 0.90918 0.0109375 0.0253906 0.128052
0 0.690625 0.69873 0.0609375 0.0507812 0.128052
0 0.539453 0.487793 0.0289063 0.0419922 0.122925
0 0.710547 0.726562 0.0445312 0.0371094 0.119995
0 0.639453 0.139404 0.0242187 0.0339355 0.118774
0 0.804688 0.874512 0.04375 0.0371094 0.11676
0 0.814844 0.843262 0.0578125 0.0595703 0.111633
0 0.518359 0.448853 0.0164062 0.0397949 0.10968
0 0.707031 0.770508 0.0421875 0.0400391 0.108948
0 0.705078 0.744629 0.05625 0.0527344 0.0994873
0 0.706641 0.759277 0.0492188 0.0585938 0.0991211
0 0.70625 0.742676 0.0296875 0.0322266 0.0946655
0 0.704297 0.688965 0.021875 0.0214844 0.0872803
0 0.842188 0.811035 0.0140625 0.015625 0.0827026
0 0.691406 0.696289 0.0398437 0.0371094 0.0817871
0 0.388281 0.905273 0.009375 0.0214844 0.081543
0 0.705078 0.719238 0.0257812 0.0205078 0.0806274
0 0.674219 0.709961 0.03125 0.0390625 0.0772095
0 0.791406 0.851074 0.0734375 0.0517578 0.0715942
0 0.637109 0.650391 0.0382813 0.0390625 0.0698242
0 0.763867 0.863281 0.0300781 0.0478516 0.0698242
0 0.542969 0.452271 0.025 0.0319824 0.0680542
0 0.796094 0.88916 0.0515625 0.0361328 0.0673218
0 0.680078 0.759766 0.021875 0.0292969 0.0609741
0 0.516406 0.451538 0.028125 0.0529785 0.0585632
0 0.697266 0.761719 0.0492188 0.0507812 0.0552063
0 0.705859 0.720703 0.0460938 0.03125 0.0544128
0 0.791406 0.851074 0.0375 0.0371094 0.0535889
0 0.698828 0.769531 0.0382813 0.0351562 0.0518494
0 0.669141 0.757812 0.0171875 0.0205078 0.0516663
0 0.840625 0.811523 0.015625 0.0214844 0.0514526
0 0.823438 0.834961 0.0390625 0.0371094 0.0514526
0 0.634766 0.151978 0.025 0.0507812 0.0505066
0 0.492188 0.426025 0.0273438 0.019043 0.0462036
0 0.785156 0.885254 0.01875 0.0214844 0.0448608
0 0.839844 0.812012 0.0203125 0.0273438 0.041626
0 0.713281 0.771973 0.0398437 0.0478516 0.0414734
0 0.680859 0.758789 0.0398437 0.0410156 0.0409851
0 0.810156 0.839844 0.0328125 0.0253906 0.0401001
0 0.648828 0.660645 0.0414063 0.0595703 0.0397949
0 0.650781 0.661621 0.0265625 0.0458984 0.0380249
0 0.674219 0.705566 0.04375 0.0595703 0.0374756
0 0.671484 0.704102 0.0304688 0.0322266 0.0368958
0 0.8125 0.878906 0.0421875 0.0410156 0.0359497
0 0.670313 0.756348 0.0265625 0.0283203 0.0347595
0 0.795313 0.891602 0.0328125 0.0292969 0.0328369
0 0.535937 0.485352 0.034375 0.0537109 0.0321045
0 0.658984 0.0806885 0.0101562 0.0195312 0.0318604
0 0.650391 0.654297 0.0328125 0.0371094 0.03125
0 0.49375 0.42749 0.0359375 0.027832 0.0309143
0 0.711719 0.76123 0.065625 0.0849609 0.0307922
0 0.698828 0.723145 0.0257812 0.0283203 0.0297546
0 0.807031 0.848145 0.040625 0.0351562 0.0279083
0 0.389453 0.908691 0.0203125 0.03125 0.0274811
0 0.535937 0.487305 0.0265625 0.0332031 0.0272675
0 0.785156 0.882812 0.040625 0.0361328 0.0272675
0 0.698438 0.744141 0.0320312 0.0341797 0.0252686
0 0.782227 0.862305 0.0808594 0.0810547 0.025177
0 0.797656 0.871094 0.0828125 0.0654297 0.0250854
0 0.716016 0.733398 0.0375 0.0371094 0.0246124
0 0.714844 0.760742 0.0375 0.0488281 0.0246124
0 0.350391 0.90332 0.0445312 0.0332031 0.0246124
0 0.699219 0.723633 0.0507812 0.0488281 0.0235138
0 0.811719 0.871094 0.0609375 0.0898438 0.0233307
0 0.685156 0.763184 0.034375 0.0322266 0.0209656
0 0.792188 0.841309 0.0265625 0.0224609 0.0198669
0 0.814844 0.869141 0.0359375 0.0507812 0.0195618
0 0.786719 0.88916 0.0234375 0.0244141 0.0195618
0 0.78125 0.844727 0.03125 0.0283203 0.0187225
0 0.683203 0.765625 0.0203125 0.0244141 0.0179901
0 0.540234 0.495117 0.01875 0.0332031 0.0175171
0 0.797656 0.871582 0.0390625 0.0371094 0.0168457
0 0.724609 0.731445 0.0390625 0.0390625 0.0162811
0 0.491406 0.432251 0.0328125 0.0456543 0.0159607
0 0.791406 0.844238 0.0546875 0.046875 0.0150757
0 0.716016 0.722168 0.0335938 0.0205078 0.0148392
0 0.663281 0.754883 0.009375 0.0146484 0.0146713
0 0.783594 0.862305 0.0296875 0.046875 0.0145569
0 0.695312 0.711426 0.0257812 0.0341797 0.014389
0 0.534766 0.476562 0.025 0.0410156 0.0138474
0 0.535937 0.461914 0.0242187 0.0361328 0.0137405
0 0.532812 0.476196 0.0617188 0.0837402 0.0135345
0 0.715625 0.723145 0.0679687 0.046875 0.01297
0 0.760352 0.858398 0.0246094 0.0273438 0.012825
0 0.69375 0.709961 0.06875 0.0527344 0.0126724
0 0.763477 0.858887 0.0402344 0.0566406 0.0126266
0 0.379297 0.908691 0.021875 0.0263672 0.0120544
0 0.655469 0.669922 0.0125 0.0214844 0.0115967
0 0.658203 0.0814209 0.015625 0.0302734 0.0112915
0 0.770312 0.845215 0.028125 0.0205078 0.0109482
0 0.829687 0.82666 0.025 0.0263672 0.0106964
0 0.540234 0.495605 0.0289063 0.0351562 0.0106506
0 0.639453 0.155396 0.0210938 0.0471191 0.0105667
0 0.640234 0.152588 0.0335938 0.0585938 0.00981903
0 0.547656 0.460938 0.0265625 0.046875 0.00981903
0 0.532812 0.450684 0.0179687 0.0205078 0.00948334
0 0.655078 0.668457 0.0195312 0.03125 0.00948334
0 0.772656 0.848145 0.05 0.0419922 0.00941467
0 0.378125 0.906738 0.0359375 0.0332031 0.00847626
0 0.631641 0.641113 0.0179687 0.0166016 0.00787354
0 0.692187 0.686035 0.01875 0.0117188 0.00787354
0 0.549219 0.469238 0.0117188 0.0302734 0.00731659
0 0.725391 0.733887 0.0273438 0.0302734 0.00717545
0 0.354688 0.894043 0.0320312 0.0175781 0.00674438
0 0.666406 0.710938 0.0195312 0.0390625 0.00664139
0 0.828125 0.829102 0.0421875 0.0517578 0.00661469
0 0.723437 0.771973 0.021875 0.0390625 0.00634003
0 0.40625 0.75 0.00859375 0.0117188 0.00616837
0 0.709766 0.691406 0.009375 0.0136719 0.00612259
0 0.653906 0.667969 0.028125 0.0429688 0.00605011
0 0.665625 0.710449 0.0140625 0.0292969 0.00579834
0 0.663672 0.756348 0.0132813 0.0214844 0.00542831
0 0.491406 0.838379 0.009375 0.0117188 0.00540543
0 0.378125 0.907227 0.05 0.0429688 0.00538635
0 0.373047 0.903809 0.0640625 0.0566406 0.00530243
0 0.357422 0.895996 0.0539063 0.0439453 0.00519943
0 0.374219 0.900879 0.0390625 0.0322266 0.00503922
0 0.705078 0.779297 0.0304688 0.0273438 0.00494385
0 0.657422 0.0806885 0.021875 0.0349121 0.00494385
0 0.669922 0.717285 0.0164062 0.0341797 0.00486755
0 0.232617 0.242676 0.0179687 0.0185547 0.00460815
0 0.366406 0.893066 0.028125 0.0166016 0.0045929
0 0.641016 0.64209 0.0234375 0.0224609 0.00446701
0 0.650781 0.14917 0.021875 0.0256348 0.00416565
0 0.548437 0.46875 0.0203125 0.0507812 0.00397491
0 0.532812 0.453491 0.0476562 0.0471191 0.00391388
0 0.728906 0.71875 0.0195312 0.0146484 0.00367928
0 0.722656 0.772949 0.0273438 0.0498047 0.00367928
0 0.817969 0.832031 0.0296875 0.0175781 0.00365067
0 0.757812 0.87207 0.0203125 0.0419922 0.00362206
0 0.242383 0.241211 0.0210938 0.0200195 0.00359344
0 0.257227 0.228516 0.0152344 0.0170898 0.00351143
0 0.714063 0.777832 0.0515625 0.0546875 0.00341606
0 0.835156 0.833496 0.015625 0.0292969 0.00337601
0 0.757812 0.874512 0.0125 0.0322266 0.00337601
0 0.835156 0.810059 0.015625 0.0126953 0.00307465
0 0.715625 0.779297 0.025 0.0361328 0.00302696
0 0.514063 0.902832 0.00859375 0.0117188 0.00288963
0 0.804688 0.828613 0.0171875 0.0136719 0.00282288
0 0.336328 0.899902 0.0117188 0.0185547 0.00279999
0 0.633203 0.643066 0.03125 0.0361328 0.00279999
0 0.269141 0.224854 0.0148437 0.0180664 0.00276756
0 0.817969 0.986328 0.021875 0.0214844 0.00261116
0 0.735156 0.724121 0.0203125 0.0263672 0.00259018
0 0.207422 0.257568 0.0179687 0.019043 0.00257111
0 0.722266 0.771484 0.0421875 0.0595703 0.00253105
0 0.759375 0.87207 0.03125 0.0458984 0.00253105
0 0.719531 0.880371 0.0210938 0.0419922 0.0024929
0 0.662109 0.753906 0.0179687 0.0205078 0.0024929
0 0.408203 0.741699 0.00546875 0.0185547 0.00247192
0 0.295117 0.939453 0.009375 0.015625 0.00245285
0 0.654688 0.973633 0.0320312 0.0332031 0.00237846
0 0.824219 0.866211 0.0203125 0.0273438 0.00232315
0 0.281641 0.909668 0.0175781 0.0244141 0.00232315
0 0.632812 0.641113 0.0398437 0.0439453 0.00232315
0 0.616406 0.220459 0.0148437 0.0200195 0.00227928
0 0.64375 0.958984 0.0328125 0.0410156 0.00227928
0 0.662109 0.676758 0.009375 0.0126953 0.00226974
0 0.441797 0.988281 0.0210938 0.0234375 0.00219154
0 0.720312 0.879395 0.0414063 0.0742188 0.00215721
0 0.483984 0.420898 0.0101562 0.00976562 0.00214958
0 0.692578 0.688965 0.040625 0.0292969 0.00211525
0 0.512891 0.437988 0.0164062 0.0185547 0.00209999
0 0.682422 0.6875 0.0164062 0.0126953 0.00202751
0 0.817187 0.83252 0.0703125 0.0615234 0.00201988
0 0.139551 0.976562 0.0207031 0.0390625 0.00199509
0 0.452734 0.989746 0.015625 0.0205078 0.0019722
0 0.823438 0.843262 0.0609375 0.0712891 0.0019722
0 0.644531 0.395508 0.0226563 0.027832 0.00194931
0 0.828906 0.975586 0.03125 0.0332031 0.00194931
0 0.140869 0.967529 0.0225586 0.0649414 0.00194168
0 0.628906 0.194275 0.0148437 0.0255127 0.00191212
0 0.232812 0.243652 0.0292969 0.0371094 0.00189686
0 0.242578 0.241455 0.0316406 0.0375977 0.00188255
0 0.283008 0.213379 0.0144531 0.019043 0.00185299
0 0.655859 0.968262 0.05 0.0634766 0.00185299
0 0.998047 0.00796509 0.00390625 0.0159302 0.00182438
0 0.649219 0.134521 0.0179687 0.0229492 0.00179577
0 0.293555 0.209717 0.0144531 0.0200195 0.00178242
0 0.376563 0.88916 0.0140625 0.0136719 0.00176811
0 0.828906 0.970215 0.0484375 0.0595703 0.00175476
0 0.217187 0.256104 0.0160156 0.0185547 0.00174809
0 0.683984 0.74707 0.015625 0.0185547 0.00174809
0 0.819531 0.978516 0.0265625 0.0292969 0.0017271
0 0.72832 0.719727 0.0589844 0.0478516 0.00169373
0 0.652734 0.399902 0.0257812 0.0302734 0.00167465
0 0.0833984 0.972656 0.0273438 0.0410156 0.00163555
0 0.641406 0.644531 0.0351562 0.0546875 0.00163555
0 0.646875 0.95752 0.0710938 0.0849609 0.00163555
0 0.181641 0.272461 0.0179687 0.0185547 0.0015974
0 0.272852 0.899902 0.0101562 0.0205078 0.00159168
0 0.75293 0.867676 0.00664063 0.0234375 0.00157928
0 0.404687 0.989746 0.0234375 0.0205078 0.00157356
0 0.729102 0.722168 0.0433594 0.0380859 0.00154877
0 0.621484 0.211182 0.0117188 0.0249023 0.00153065
0 0.195898 0.26001 0.0164062 0.0180664 0.00152493
0 0.283594 0.441406 0.0117188 0.015625 0.00152493
0 0.0557617 0.986328 0.0162109 0.0195312 0.00150108
0 0.655859 0.410156 0.025 0.0322266 0.00148392
0 0.367188 0.98877 0.0242187 0.0224609 0.0014782
0 0.627734 0.647461 0.00703125 0.0205078 0.00146675
0 0.651172 0.149902 0.0398437 0.0522461 0.00146675
0 0.682813 0.822266 0.0507812 0.0820312 0.00146675
0 0.140137 0.986328 0.0195312 0.0273438 0.00144958
0 0.241797 0.240234 0.04375 0.0449219 0.00144958
0 0.682813 0.820312 0.028125 0.0429688 0.00143814
0 0.664453 0.0737305 0.0109375 0.0195312 0.00143242
0 0.996875 0.0445557 0.00625 0.0891113 0.00142097
0 0.626172 0.205566 0.0148437 0.0224609 0.00141048
0 0.429688 0.976562 0.03125 0.0332031 0.00141048
0 0.232422 0.242432 0.0429688 0.043457 0.00139904
0 0.824219 0.867188 0.0328125 0.0507812 0.00131989
0 0.602734 0.988281 0.0132813 0.0136719 0.00130939
0 0.632812 0.986328 0.0101562 0.0117188 0.00129414
0 0.549219 0.468262 0.034375 0.0507812 0.00129414
0 0.442187 0.983398 0.0335938 0.0332031 0.00128937
0 0.509375 0.520508 0.009375 0.0175781 0.0012846
0 0.339063 0.910645 0.0101562 0.0253906 0.00126457
0 0.582812 0.180298 0.0148437 0.0251465 0.0012598
0 0.682031 0.83252 0.0296875 0.0419922 0.0012598
0 0.719922 0.880859 0.0570313 0.0908203 0.0012598
0 0.821094 0.980469 0.0296875 0.0390625 0.00123501
0 0.0828125 0.961182 0.0421875 0.0776367 0.00123024
0 0.817969 0.630371 0.0296875 0.0322266 0.00122547
0 0.819531 0.960449 0.0625 0.0791016 0.00122547
0 0.724609 0.759277 0.0148437 0.0205078 0.0012207
0 0.640625 0.642578 0.046875 0.0644531 0.0012207
0 0.655469 0.0979004 0.00859375 0.0231934 0.00120163
0 0.660547 0.666016 0.0101562 0.0244141 0.00119686
0 0.514453 0.908691 0.0101562 0.0166016 0.00118828
0 0.0575195 0.975586 0.015625 0.0273438 0.00118828
0 0.206445 0.258057 0.0296875 0.0415039 0.00116539
0 0.953906 0.769043 0.0125 0.015625 0.00116062
0 0.800781 0.788574 0.0109375 0.0146484 0.00115108
0 0.142236 0.979492 0.0166992 0.0410156 0.00113392
0 0.308008 0.290283 0.0242187 0.0415039 0.00112915
0 0.594141 0.18158 0.0171875 0.0264893 0.00112057
0 0.71875 0.866699 0.021875 0.0371094 0.00112057
0 0.825781 0.84375 0.028125 0.0332031 0.00109863
0 0.441016 0.981445 0.046875 0.0371094 0.00109863
0 0.343848 0.89209 0.0177734 0.0107422 0.00108147
0 0.835156 0.833984 0.021875 0.0361328 0.00108147
0 0.732031 0.911133 0.01875 0.0253906 0.00107288
0 0.257227 0.229736 0.0277344 0.0371094 0.00107288
0 1 0.0241699 0 0.0367432 0.00106525
0 0.853125 0.944092 0.0140625 0.0200195 0.00106525
0 0.407813 0.959229 0.065625 0.081543 0.00106049
0 0.303906 0.301025 0.0214844 0.0375977 0.00105667
0 0.830469 0.553223 0.015625 0.0175781 0.00105667
0 0.652734 0.402832 0.0460938 0.0678711 0.00105667
0 0.594531 0.90918 0.0234375 0.0283203 0.00104046
0 0.381641 0.970703 0.0765625 0.0585938 0.00104046
0 0.592188 0.191833 0.01875 0.0294189 0.00103664
0 0.853125 0.953125 0.0171875 0.015625 0.00103188
0 0.0696289 0.959961 0.0242187 0.0390625 0.00101185
