0 0.594531 0.363037 0.0226563 0.0532227 0.777344
0 0.196094 0.558105 0.0445312 0.0449219 0.741699
0 0.817969 0.288086 0.021875 0.0429688 0.729492
0 0.491016 0.414551 0.0375 0.0419922 0.704102
0 0.782031 0.344238 0.0234375 0.0439453 0.692871
0 0.350781 0.612305 0.0257812 0.0644531 0.689453
0 0.557031 0.404297 0.0171875 0.0444336 0.65332
0 0.506641 0.37793 0.0210938 0.0532227 0.640625
0 0.460156 0.461792 0.0242187 0.0598145 0.633301
0 0.567187 0.455933 0.0257812 0.0568848 0.616699
0 0.346875 0.604492 0.0257812 0.0595703 0.577637
0 0.25293 0.58252 0.046875 0.0341797 0.565918
0 0.597266 0.869629 0.0117188 0.0234375 0.53418
0 0.61875 0.834473 0.00859375 0.0185547 0.485352
0 0.814844 0.28125 0.0171875 0.0307617 0.464844
0 0.680469 0.94043 0.009375 0.0175781 0.449463
0 0.615625 0.883301 0.009375 0.0136719 0.420654
0 0.4625 0.471191 0.0265625 0.0546875 0.401611
0 0.626953 0.896484 0.00859375 0.0136719 0.329346
0 0.830469 0.495605 0.0078125 0.0136719 0.279053
0 0.596484 0.870605 0.0171875 0.0263672 0.262207
0 0.580078 0.460449 0.0421875 0.0742188 0.23584
0 0.0426758 0.367432 0.00869141 0.0151367 0.19873
0 0.784375 0.337891 0.0203125 0.0302734 0.19812
0 0.458984 0.446655 0.0148437 0.0285645 0.188354
0 0.825 0.300049 0.0140625 0.019043 0.17334
0 0.814844 0.283691 0.021875 0.0375977 0.172119
0 0.586328 0.477051 0.0257812 0.0576172 0.160278
0 0.578906 0.43042 0.0132813 0.0229492 0.138428
0 0.458984 0.449829 0.0179687 0.0368652 0.126343
0 0.342578 0.589844 0.0136719 0.0253906 0.118774
0 0.594922 0.370605 0.0265625 0.0488281 0.111633
0 0.510547 0.463867 0.0078125 0.015625 0.104858
0 0.819531 0.294922 0.0265625 0.0390625 0.101562
0 0.615625 0.884277 0.015625 0.0214844 0.101257
0 0.617188 0.835938 0.015625 0.0224609 0.0966797
0 0.505859 0.387451 0.028125 0.0541992 0.0957031
0 0.245703 0.57959 0.0566406 0.0410156 0.0946655
0 0.596875 0.352295 0.021875 0.0336914 0.0943604
0 0.641406 0.910645 0.0109375 0.0166016 0.0923462
0 0.557813 0.394043 0.0125 0.0219727 0.0872803
0 0.679297 0.941162 0.0164062 0.0200195 0.0847778
0 0.202539 0.563965 0.0308594 0.0419922 0.0803833
0 0.193164 0.55127 0.0460938 0.0390625 0.0803833
0 0.649609 0.916992 0.009375 0.0126953 0.0745239
0 0.581641 0.446167 0.0164062 0.0461426 0.0692749
0 0.245312 0.577148 0.0355469 0.0234375 0.0682983
0 0.822656 0.294434 0.01875 0.0288086 0.0678101
0 0.583203 0.470703 0.0351562 0.0527344 0.0637207
0 0.583203 0.837891 0.00859375 0.0146484 0.0596619
0 0.567578 0.463867 0.0328125 0.0654297 0.0592041
0 0.627344 0.897949 0.0164062 0.0214844 0.0579224
0 0.508594 0.384277 0.0195312 0.0449219 0.0577087
0 0.193555 0.550293 0.0371094 0.0263672 0.0566406
0 0.25957 0.584473 0.0351562 0.0302734 0.0558167
0 0.830469 0.495605 0.0125 0.0175781 0.055603
0 0.813281 0.277832 0.0125 0.0234375 0.0552063
0 0.579297 0.44812 0.0320312 0.060791 0.0552063
0 0.564062 0.461426 0.0234375 0.0429688 0.0545959
0 0.494922 0.407471 0.0234375 0.0380859 0.0524292
0 0.342773 0.594238 0.0199219 0.0351562 0.0507202
0 0.505859 0.388916 0.0210938 0.0424805 0.0492249
0 0.607422 0.877441 0.0101562 0.0166016 0.0479431
0 0.354297 0.621582 0.0210938 0.0527344 0.0427246
0 0.578906 0.433105 0.0203125 0.0322266 0.0417786
0 0.557813 0.394775 0.0164062 0.0327148 0.0401001
0 0.825 0.299805 0.0265625 0.0258789 0.0375977
0 0.509766 0.464355 0.0132813 0.0234375 0.0363464
0 0.459375 0.44043 0.009375 0.0146484 0.035675
0 0.0423828 0.369141 0.0133789 0.0205078 0.0352783
0 0.494141 0.406738 0.0453125 0.0703125 0.0340881
0 0.486719 0.418701 0.0296875 0.0322266 0.0335999
0 0.586719 0.466309 0.0210938 0.0537109 0.0334778
0 0.777344 0.349609 0.0203125 0.0371094 0.0325928
0 0.597266 0.356445 0.0265625 0.0507812 0.0305634
0 0.623047 0.891602 0.0132813 0.0166016 0.0299835
0 0.551953 0.403564 0.0257812 0.0522461 0.0299835
0 0.19375 0.649414 0.00820312 0.0126953 0.0283356
0 0.639844 0.58252 0.0117188 0.0126953 0.0279083
0 0.505469 0.36377 0.0132813 0.0161133 0.026062
0 0.641797 0.911621 0.0203125 0.0253906 0.0254669
0 0.500781 0.411133 0.0289063 0.0361328 0.0247955
0 0.220117 0.567383 0.0144531 0.0195312 0.0241394
0 0.229883 0.570312 0.0175781 0.0166016 0.0229797
0 0.678906 0.938232 0.0210938 0.0239258 0.0229797
0 0.583984 0.447754 0.0125 0.0244141 0.0223694
0 0.622266 0.891602 0.0210938 0.0244141 0.0223694
0 0.498828 0.411865 0.0398437 0.0458984 0.0213623
0 0.557031 0.394043 0.021875 0.0385742 0.0213623
0 0.785156 0.347656 0.0203125 0.0356445 0.0210419
0 0.606641 0.876953 0.0210938 0.0263672 0.02034
0 0.777344 0.351318 0.015625 0.0302734 0.0194244
0 0.567969 0.46582 0.0265625 0.0449219 0.018692
0 0.589844 0.482422 0.021875 0.0488281 0.0173035
0 0.466406 0.480469 0.0203125 0.0410156 0.0164642
0 0.590625 0.366943 0.028125 0.0537109 0.0156021
0 0.830469 0.49707 0.009375 0.0175781 0.0150146
0 0.212305 0.560547 0.0175781 0.0195312 0.0135345
0 0.510156 0.468262 0.0101562 0.0166016 0.0134277
0 0.552734 0.404541 0.0210938 0.0356445 0.0131226
0 0.587891 0.466675 0.0351562 0.0803223 0.0126266
0 0.589844 0.483887 0.0171875 0.0332031 0.012146
0 0.655859 0.600098 0.0179687 0.0214844 0.0115509
0 0.466406 0.481934 0.0171875 0.0292969 0.011467
0 0.830469 0.496582 0.01875 0.0166016 0.0112
0 0.572656 0.434204 0.0125 0.0202637 0.0109863
0 0.564062 0.452759 0.0148437 0.0358887 0.0108185
0 0.582422 0.837891 0.0125 0.0214844 0.01017
0 0.854688 0.116943 0.009375 0.0134277 0.00985718
0 0.622266 0.835449 0.0117188 0.0117188 0.00959778
0 0.785937 0.346436 0.0359375 0.050293 0.00959778
0 0.21875 0.566895 0.0308594 0.0302734 0.00948334
0 0.619141 0.832031 0.0132813 0.0263672 0.00948334
0 0.639453 0.906738 0.0125 0.0136719 0.00933838
0 0.465234 0.47998 0.03125 0.0458984 0.00905609
0 0.595703 0.864258 0.0101562 0.015625 0.00901794
0 0.458984 0.440552 0.0140625 0.0241699 0.00891876
0 0.588281 0.481934 0.0351562 0.0527344 0.0085144
0 0.517578 0.472656 0.0125 0.0195312 0.00818634
0 0.256445 0.588379 0.0453125 0.0361328 0.00793457
0 0.229883 0.570801 0.0359375 0.0341797 0.00790405
0 0.508203 0.372559 0.0195312 0.027832 0.00751877
0 0.650391 0.91748 0.0148437 0.0224609 0.00723267
0 0.339063 0.585938 0.009375 0.0166016 0.00706482
0 0.501953 0.381836 0.0320312 0.0615234 0.00701141
0 0.225977 0.564453 0.0121094 0.0146484 0.00695801
0 0.640625 0.583984 0.0195312 0.0244141 0.0068512
0 0.590625 0.368408 0.0210938 0.0371094 0.00679779
0 0.561719 0.413818 0.0117188 0.0249023 0.00653839
0 0.506641 0.364258 0.0171875 0.0268555 0.00643921
0 0.655469 0.600098 0.0296875 0.0341797 0.00616837
0 0.0353516 0.369873 0.0155273 0.0161133 0.00609589
0 0.635156 0.907227 0.0132813 0.0195312 0.006073
0 0.510156 0.468262 0.0164062 0.0273438 0.00584412
0 0.78125 0.354004 0.0234375 0.0371094 0.00568771
0 0.559375 0.402344 0.0265625 0.0541992 0.0055542
0 0.577344 0.422852 0.009375 0.0117188 0.00544739
0 0.532031 0.477539 0.0101562 0.0136719 0.00538635
0 0.580859 0.837402 0.0195312 0.0205078 0.00534439
0 0.5125 0.395508 0.0101562 0.0239258 0.0051384
0 0.459766 0.448364 0.028125 0.0544434 0.00510025
0 0.584766 0.448364 0.01875 0.0407715 0.0050621
0 0.780469 0.355713 0.0171875 0.03125 0.00482941
0 0.502734 0.382812 0.0171875 0.0395508 0.00482941
0 0.276563 0.600098 0.00898437 0.0126953 0.00479126
0 0.361719 0.617676 0.0148437 0.0292969 0.0046463
0 0.552734 0.411865 0.0125 0.0307617 0.00445175
0 0.201953 0.548828 0.0210938 0.0175781 0.00439835
0 0.236719 0.57959 0.0257812 0.0214844 0.00428009
0 0.634375 0.907227 0.028125 0.0332031 0.0042305
0 0.676953 0.942383 0.0140625 0.0175781 0.00416565
0 0.501953 0.370605 0.0148437 0.0263672 0.00413513
0 0.18418 0.546387 0.0183594 0.0136719 0.00400543
0 0.194336 0.649414 0.0125 0.0185547 0.00400543
0 0.505078 0.362549 0.0265625 0.0356445 0.00397491
0 0.572656 0.437866 0.0351562 0.045166 0.0039444
0 0.457031 0.438354 0.0226563 0.0275879 0.00370789
0 0.501172 0.37207 0.0273438 0.0498047 0.00367928
0 0.486719 0.408691 0.0132813 0.0175781 0.00358009
0 0.662891 0.602051 0.0109375 0.0117188 0.00352478
0 0.617188 0.830566 0.0242187 0.0332031 0.00323486
0 0.508984 0.467773 0.0242187 0.0292969 0.00314713
0 0.616406 0.840332 0.015625 0.0166016 0.00309944
0 0.564062 0.467285 0.0171875 0.0292969 0.00300407
0 0.182812 0.428467 0.009375 0.0136719 0.00293541
0 0.571484 0.436157 0.0460938 0.0593262 0.00293541
0 0.589063 0.837891 0.0101562 0.0117188 0.00284576
0 0.2125 0.562012 0.0347656 0.0322266 0.00277901
0 0.338281 0.588379 0.0167969 0.0292969 0.00276756
0 0.675391 0.943359 0.021875 0.0332031 0.00275803
0 0.614844 0.836426 0.015625 0.0175781 0.00266266
0 0.584375 0.845703 0.00703125 0.015625 0.00257111
0 0.595703 0.863281 0.0242187 0.0361328 0.00257111
0 0.728125 0.869629 0.00859375 0.0126953 0.00247192
0 0.192383 0.648438 0.0226563 0.0205078 0.00240517
0 0.618359 0.839355 0.0257812 0.0234375 0.00239754
0 0.5625 0.411133 0.0226563 0.0410156 0.00237846
0 0.783594 0.333008 0.0140625 0.0136719 0.00233269
0 0.175195 0.55127 0.00585938 0.0166016 0.00230598
0 0.517578 0.472168 0.0242187 0.0322266 0.00228691
0 1 0.967773 0 0.0644531 0.00223351
0 0.0336914 0.371094 0.0263672 0.0292969 0.00211525
0 0.583203 0.479004 0.0421875 0.0673828 0.00209999
0 0.186719 0.54834 0.0386719 0.0322266 0.00209045
0 0.655078 0.925781 0.00859375 0.0136719 0.00201035
0 0.253516 0.590332 0.0359375 0.0263672 0.0019722
0 0.85625 0.11792 0.015625 0.0239258 0.00196457
0 0.5125 0.393555 0.0179687 0.0449219 0.00195694
0 0.599219 0.378662 0.0109375 0.0253906 0.00186729
0 0.0423828 0.375488 0.0103516 0.0161133 0.00185299
0 0.0531982 0.367676 0.0111816 0.0112305 0.00177479
0 0.487891 0.408447 0.0304688 0.0410156 0.00176811
0 0.585938 0.449219 0.028125 0.0546875 0.0017271
0 0.213281 0.561035 0.0476562 0.0439453 0.0017004
0 0.584766 0.481934 0.0289063 0.0361328 0.00168705
0 0.261328 0.578125 0.0175781 0.0185547 0.0016613
0 1 0.986328 0 0.0195312 0.0016613
0 0.561719 0.388916 0.0101562 0.0126953 0.00163555
0 0.723047 0.868652 0.009375 0.015625 0.00160408
0 0.636719 0.584473 0.0117188 0.0175781 0.00158501
0 0.558203 0.421997 0.0109375 0.0319824 0.00156689
0 0.475391 0.477051 0.0125 0.0214844 0.00156116
0 0.626953 0.891113 0.0101562 0.0126953 0.00154877
0 0.847656 0.117065 0.0125 0.0153809 0.00154305
0 0.337109 0.587891 0.0265625 0.0351562 0.00153637
0 1 0.976562 0 0.0449219 0.00152493
0 0.429297 0.589355 0.00859375 0.0117188 0.00150681
0 0.647656 0.92627 0.0117188 0.0224609 0.00150108
0 0.201953 0.549805 0.0414063 0.0361328 0.0014782
0 0.686328 0.942627 0.0117188 0.0112305 0.00144958
0 0.0334229 0.370117 0.0397949 0.0341797 0.00144386
0 0.361621 0.616211 0.0337891 0.0556641 0.00143242
0 0.517578 0.472656 0.0351562 0.0361328 0.00138855
0 0.596875 0.348389 0.0132813 0.012207 0.00136662
0 0.631641 0.598145 0.0109375 0.0214844 0.00136662
0 0.613281 0.838379 0.028125 0.0371094 0.00136662
0 0.623828 0.836914 0.0195312 0.0292969 0.00135136
0 0.645312 0.37085 0.00859375 0.0141602 0.00133514
0 0.588672 0.375732 0.0101562 0.0219727 0.00133038
0 0.269141 0.594238 0.0171875 0.0175781 0.00129986
0 0.996094 0.966797 0.0078125 0.0664062 0.00127411
0 0.186914 0.546875 0.0535156 0.046875 0.00124454
0 0.452344 0.461426 0.03125 0.0654297 0.00122547
0 0.708594 0.693359 0.009375 0.0136719 0.0011692
0 0.854688 0.117065 0.028125 0.0270996 0.00115108
0 0.998828 0.0439453 0.00234375 0.0878906 0.00114727
0 0.0442871 0.36084 0.0100586 0.0141602 0.0011425
0 0.778125 0.341797 0.0140625 0.0229492 0.00113392
0 0.339648 0.602539 0.0347656 0.0703125 0.00112915
0 0.201367 0.548828 0.0601562 0.0488281 0.00112438
0 0.600391 0.344238 0.0101562 0.00976562 0.00110722
0 0.590625 0.357178 0.0140625 0.0214844 0.00110722
0 0.562891 0.411377 0.0421875 0.0532227 0.00110722
0 0.341016 0.602051 0.0144531 0.0292969 0.00109482
0 0.509766 0.374268 0.034375 0.0664062 0.00109005
0 0.188086 0.561035 0.0292969 0.03125 0.00108147
0 0.00410156 0.0566406 0.00820312 0.113281 0.00108147
0 0.453516 0.461914 0.0132813 0.03125 0.00107288
0 0.269727 0.496094 0.0128906 0.015625 0.00105667
0 0.227344 0.56543 0.0242187 0.0283203 0.00103188
0 0.594141 0.861328 0.0367187 0.0488281 0.00102806
0 0.719141 0.17688 0.00859375 0.0124512 0.00101185
0 0.774219 0.359375 0.0078125 0.0170898 0.00100803
