0 0.60625 0.516602 0.0453125 0.0429688 0.817383
0 0.328516 0.514648 0.0445312 0.046875 0.796875
0 0.939844 0.689941 0.034375 0.0761719 0.78418
0 0.0172852 0.42041 0.0345703 0.0332031 0.775879
0 0.950781 0.367432 0.0328125 0.0283203 0.767578
0 0.612109 0.414795 0.0375 0.0307617 0.766113
0 0.667969 0.519043 0.0242187 0.0361328 0.751953
0 0.8625 0.940674 0.103125 0.0952148 0.710449
0 0.334766 0.451782 0.0238281 0.0300293 0.662109
0 0.573047 0.403564 0.0359375 0.0307617 0.65332
0 0.907812 0.40332 0.0265625 0.0249023 0.638672
0 0.950781 0.429565 0.0140625 0.0314941 0.580566
0 0.485156 0.426392 0.025 0.026123 0.567871
0 0.74375 0.328369 0.0109375 0.0195312 0.430176
0 0.988281 0.294434 0.0140625 0.0244141 0.42627
0 0.910937 0.402588 0.0234375 0.0205078 0.270508
0 0.950781 0.431396 0.0203125 0.0317383 0.262207
0 0.864062 0.935303 0.065625 0.0844727 0.206909
0 0.991406 0.296387 0.0171875 0.0219727 0.202393
0 0.60625 0.419189 0.0476562 0.03125 0.169434
0 0.742969 0.327393 0.015625 0.0195312 0.16394
0 0.871094 0.927002 0.090625 0.0874023 0.112427
0 0.595312 0.424316 0.0179687 0.0166016 0.104126
0 0.953125 0.364502 0.025 0.0205078 0.0923462
0 0.817187 0.776367 0.0171875 0.015625 0.0910645
0 0.939844 0.701172 0.0421875 0.0878906 0.0800781
0 0.596875 0.423584 0.0242187 0.0219727 0.0739746
0 0.664453 0.522949 0.0304688 0.0341797 0.0731812
0 0.988281 0.295166 0.0234375 0.0297852 0.0700684
0 0.85 0.952393 0.090625 0.0952148 0.064209
0 0.488281 0.422607 0.0171875 0.0200195 0.055603
0 0.166406 0.759766 0.0109375 0.0126953 0.053009
0 0.986719 0.297119 0.01875 0.0229492 0.0440063
0 0.333301 0.513672 0.0513672 0.0595703 0.0417786
0 0.869531 0.922119 0.0578125 0.0581055 0.0394897
0 0.945312 0.37207 0.034375 0.0253906 0.0384521
0 0.614453 0.420166 0.0351562 0.0317383 0.0381775
0 0.0219727 0.417725 0.0283203 0.0288086 0.0366211
0 0.951563 0.427002 0.0125 0.0185547 0.0346069
0 0.600781 0.521484 0.0367187 0.0361328 0.0325928
0 0.616797 0.412109 0.03125 0.0214844 0.0310211
0 0.817187 0.776855 0.0171875 0.0283203 0.0298767
0 0.941406 0.704102 0.0328125 0.0585938 0.0275879
0 0.951563 0.434814 0.0140625 0.027832 0.0274811
0 0.00878906 0.863281 0.0113281 0.0224609 0.0253754
0 0.948438 0.434814 0.0203125 0.0307617 0.0214539
0 0.334961 0.519043 0.0363281 0.0488281 0.0200195
0 0.148682 0.194763 0.0124023 0.026001 0.0195007
0 0.890625 0.96875 0.009375 0.0117188 0.0192719
0 0.829687 0.191467 0.0125 0.0164795 0.019165
0 0.846875 0.785645 0.0125 0.0126953 0.0187988
0 0.614453 0.411621 0.05 0.0424805 0.0187683
0 0.0106445 0.853027 0.00800781 0.0214844 0.0187225
0 0.817969 0.778809 0.025 0.0205078 0.0175781
0 0.860156 0.955322 0.0484375 0.0600586 0.0172424
0 0.601172 0.513672 0.034375 0.0302734 0.0167236
0 0.3375 0.520508 0.0257812 0.0390625 0.0160217
0 0.0223145 0.419678 0.0446289 0.043457 0.0157166
0 0.947656 0.683594 0.025 0.0419922 0.0154266
0 0.942187 0.71875 0.0140625 0.0234375 0.0153656
0 0.329688 0.503906 0.0324219 0.0234375 0.0153046
0 0.490234 0.961914 0.0117188 0.0117188 0.0151901
0 0.330469 0.505371 0.04375 0.0419922 0.0151291
0 0.839844 0.947266 0.0578125 0.09375 0.0144501
0 0.488672 0.422363 0.0242187 0.027832 0.0142288
0 0.0889648 0.725098 0.0134766 0.0146484 0.014061
0 0.328418 0.504883 0.0556641 0.0527344 0.0131683
0 0.145557 0.192932 0.0209961 0.0267334 0.0131226
0 0.849219 0.957275 0.05 0.065918 0.0129242
0 0.671094 0.521484 0.03125 0.046875 0.0128708
0 0.00927734 0.86377 0.0167969 0.0361328 0.0121002
0 0.864844 0.768555 0.0171875 0.0146484 0.0120544
0 0.0178711 0.921387 0.0119141 0.0136719 0.0120087
0 0.625781 0.151489 0.0140625 0.0129395 0.0119629
0 0.0186035 0.921875 0.0177734 0.0166016 0.0119629
0 0.947656 0.691406 0.034375 0.0761719 0.0112
0 0.81875 0.970703 0.0171875 0.0429688 0.0111618
0 0.820312 0.973633 0.0125 0.0292969 0.0106506
0 0.910937 0.404785 0.034375 0.03125 0.0105667
0 0.0270508 0.596191 0.0126953 0.0126953 0.0105286
0 0.860156 0.925049 0.0953125 0.0678711 0.0105286
0 0.606641 0.411865 0.0210938 0.0126953 0.0104904
0 0.975 0.194275 0.05 0.0362549 0.0104904
0 0.942187 0.716797 0.0203125 0.0322266 0.0103302
0 0.671484 0.512695 0.0164062 0.0234375 0.00971222
0 0.860156 0.769531 0.015625 0.0175781 0.00955963
0 0.95 0.692383 0.0203125 0.0517578 0.00912476
0 0.849219 0.947021 0.0625 0.074707 0.00912476
0 0.946875 0.684082 0.0296875 0.0546875 0.00894928
0 0.621484 0.41333 0.025 0.0322266 0.00888062
0 0.488281 0.421875 0.0351562 0.0351562 0.00844574
0 0.617188 0.531738 0.0171875 0.0214844 0.00828552
0 0.0311523 0.213135 0.0275391 0.019043 0.008255
0 0.143945 0.191956 0.0316406 0.039917 0.008255
0 0.548437 0.206787 0.0078125 0.0151367 0.00821686
0 0.596094 0.417969 0.0179687 0.019043 0.00793457
0 0.998828 0.0435791 0.00234375 0.0871582 0.00769424
0 0.0206055 0.2146 0.0249023 0.0200195 0.00757599
0 0.985156 0.274414 0.0125 0.0180664 0.00751877
0 0.940625 0.672363 0.03125 0.0263672 0.00751877
0 0.023877 0.595215 0.0121094 0.0126953 0.00746155
0 0.958594 0.368164 0.0140625 0.019043 0.00734711
0 0.953906 0.426636 0.0140625 0.0275879 0.00720596
0 0.946875 0.364746 0.01875 0.0126953 0.00714874
0 0.0238281 0.424561 0.027832 0.0327148 0.00703812
0 0.939844 0.674805 0.05625 0.0673828 0.00674438
0 0.288867 0.735352 0.0117188 0.0146484 0.00669098
0 0.585156 0.402344 0.0109375 0.0175781 0.00661469
0 0.859375 0.969727 0.0140625 0.0195312 0.00656509
0 0.00639648 0.987305 0.00898437 0.0136719 0.00651169
0 0.00708008 0.212646 0.0101562 0.0200195 0.00634003
0 0.563672 0.408203 0.01875 0.0185547 0.00634003
0 0.901563 0.406982 0.015625 0.019043 0.00634003
0 0.932031 0.671387 0.0296875 0.0214844 0.00634003
0 0.81875 0.97168 0.0296875 0.0488281 0.00634003
0 0.217187 0.655273 0.0125 0.0136719 0.00629044
0 0.900781 0.644043 0.0078125 0.0107422 0.00605011
0 0.00991211 0.854004 0.015918 0.0361328 0.00605011
0 0.846094 0.786621 0.021875 0.0253906 0.00577545
0 0.615625 0.528809 0.0234375 0.0283203 0.00572968
0 0.978906 0.193604 0.0375 0.0302734 0.00568771
0 0.942187 0.717773 0.03125 0.0410156 0.00561905
0 0.939844 0.675781 0.0453125 0.0507812 0.00559998
0 0.859375 0.770996 0.03125 0.0322266 0.00547028
0 0.565234 0.408936 0.025 0.0239258 0.00538635
0 0.829687 0.1875 0.015625 0.0175781 0.00534439
0 0.0209473 0.2146 0.0418945 0.0336914 0.00526047
0 0.903125 0.236572 0.025 0.0170898 0.00510025
0 0.864062 0.77002 0.025 0.0263672 0.0050621
0 0.607031 0.525391 0.0515625 0.0410156 0.00486755
0 0.884375 0.931641 0.075 0.113281 0.00475693
0 0.167383 0.760742 0.0148437 0.0234375 0.00468063
0 0.143799 0.187439 0.0237305 0.0274658 0.00462723
0 0.0182617 0.411621 0.0249023 0.0195312 0.00460815
0 0.0185059 0.921875 0.0256836 0.0244141 0.00460815
0 0.98125 0.381592 0.01875 0.015625 0.00457382
0 0.0322266 0.212158 0.0527344 0.0258789 0.00450516
0 0.289062 0.880859 0.00976562 0.0126953 0.00439835
0 0.743164 0.711914 0.0433594 0.0273438 0.00432968
0 0.388672 0.161987 0.0140625 0.0161133 0.00429916
0 0.876562 0.919189 0.0515625 0.0483398 0.00428009
0 0.149316 0.194641 0.0205078 0.0345459 0.00424957
0 0.872656 0.938232 0.05625 0.0571289 0.0042305
0 0.00527344 0.19928 0.00751953 0.024292 0.00419998
0 0.815625 0.981445 0.0125 0.0175781 0.00407028
0 0.664453 0.516602 0.0179687 0.0214844 0.00400543
0 0.892187 0.967773 0.0125 0.0195312 0.00400543
0 0.333203 0.441895 0.0164062 0.0166016 0.00395966
0 0.707422 0.925537 0.0234375 0.0297852 0.0039444
0 0.722656 0.851074 0.009375 0.0126953 0.00382423
0 0.850781 0.787109 0.0140625 0.0136719 0.00374985
0 0.596094 0.417847 0.04375 0.0422363 0.0037365
0 0.707812 0.923584 0.0328125 0.0415039 0.00372124
0 0.470703 0.183411 0.0148437 0.0189209 0.00370789
0 0.614062 0.528809 0.0390625 0.0351562 0.00370789
0 0.98125 0.188293 0.03125 0.0184326 0.00367928
0 0.824219 0.958984 0.0265625 0.0644531 0.00366402
0 0.865625 0.77002 0.0359375 0.0234375 0.00362206
0 0.838281 0.94751 0.0390625 0.0522461 0.0036068
0 0.828125 0.189941 0.021875 0.027832 0.00351143
0 0.00571289 0.176025 0.0114258 0.0192871 0.00348282
0 0.817969 0.979492 0.0125 0.0234375 0.00348282
0 0.948438 0.425781 0.0109375 0.0151367 0.00346947
0 0.8375 0.959229 0.0328125 0.0561523 0.00335121
0 1 0.0400085 0 0.0571899 0.00328636
0 0.128906 0.596191 0.0134766 0.0126953 0.00325966
0 0.901563 0.405762 0.025 0.0268555 0.00317192
0 0.855469 0.96582 0.040625 0.0371094 0.00312424
0 0.293555 0.949219 0.0140625 0.00976562 0.00307465
0 0.621094 0.151611 0.015625 0.0151367 0.0030632
0 0.543359 0.976562 0.0109375 0.0117188 0.00304031
0 0.967969 0.197937 0.0640625 0.053833 0.00301552
0 0.470703 0.192139 0.0125 0.0229492 0.00299263
0 0.16543 0.762695 0.0164062 0.0166016 0.00298119
0 0.860156 0.922119 0.0515625 0.0444336 0.00293541
0 0.0187012 0.411865 0.0368164 0.0380859 0.00292397
0 0.903125 0.967773 0.0078125 0.00976562 0.00291252
0 0.952344 0.425293 0.0296875 0.0371094 0.00291252
0 0.579687 0.237549 0.0148437 0.0205078 0.00290108
0 0.746289 0.331055 0.0105469 0.0126953 0.00287819
0 0.9875 0.277588 0.0125 0.0219727 0.00284576
0 0.143018 0.187988 0.044043 0.0581055 0.00279999
0 0.74668 0.788574 0.0128906 0.0195312 0.00276756
0 0.710938 0.927979 0.0179687 0.0268555 0.00273705
0 0.670313 0.961914 0.0125 0.0136719 0.00269318
0 0.00842285 0.210938 0.0168457 0.034668 0.00263214
0 0.292969 0.953125 0.015625 0.0136719 0.00261116
0 0.340625 0.645508 0.0109375 0.0126953 0.00257111
0 0.353906 0.206055 0.0125 0.0205078 0.00255013
0 0.00839844 0.217285 0.0128906 0.0166016 0.00255013
0 0.870313 0.954834 0.04375 0.0512695 0.00252151
0 0.938281 0.369873 0.0109375 0.0166016 0.0024929
0 0.85625 0.227539 0.021875 0.0185547 0.00247192
0 0.603906 0.505371 0.0296875 0.0146484 0.00242424
0 0.824219 0.961182 0.0359375 0.0776367 0.0024147
0 0.416797 0.870605 0.0148437 0.0107422 0.00232315
0 0.338867 0.501465 0.0140625 0.0146484 0.00231361
0 0.770312 0.628906 0.0140625 0.0136719 0.00231361
0 0.892187 0.967773 0.0203125 0.0214844 0.00230598
0 0.0233398 0.410767 0.0466797 0.0603027 0.00229645
0 0.189844 0.664551 0.0144531 0.0107422 0.00227928
0 0.903125 0.961914 0.009375 0.0175781 0.00227928
0 0.621094 0.417358 0.04375 0.0461426 0.00219917
0 0.970312 0.195312 0.040625 0.0322266 0.00214958
0 0.903125 0.786133 0.0078125 0.0126953 0.00210762
0 0.823438 0.962891 0.0125 0.046875 0.00210762
0 0.341113 0.224609 0.0193359 0.0200195 0.00209999
0 0.503125 0.378906 0.0140625 0.0146484 0.00209999
0 0.851562 0.933594 0.053125 0.0605469 0.00209999
0 0.705859 0.919434 0.0171875 0.0214844 0.00209045
0 0.985156 0.275391 0.0234375 0.0322266 0.00208282
0 0.81875 0.980469 0.0203125 0.0253906 0.00206757
0 0.884375 0.930908 0.0484375 0.0639648 0.00205803
0 0.0408936 0.212158 0.0258301 0.0175781 0.0020504
0 0.570703 0.240479 0.01875 0.0244141 0.0020504
0 0.0235352 0.597656 0.0183594 0.0224609 0.00203514
0 0.0129883 0.924316 0.00976562 0.0146484 0.00199509
0 0.597656 0.419312 0.0601562 0.0529785 0.00198746
0 0.319727 0.502441 0.0167969 0.0107422 0.00197983
0 0.989062 0.185486 0.021875 0.0157471 0.00196457
0 0.672266 0.514648 0.0242187 0.0341797 0.00191212
0 0.320117 0.208496 0.0179687 0.0151367 0.00190449
0 0.995703 0.302734 0.00859375 0.0161133 0.00188923
0 0.482422 0.432739 0.025 0.0339355 0.00186062
0 0.859375 0.764648 0.025 0.0214844 0.00185299
0 0.654688 0.895508 0.0140625 0.0146484 0.00185299
0 0.902344 0.234131 0.03125 0.0234375 0.00185299
0 0.664062 0.516113 0.0453125 0.0566406 0.00185299
0 0.613281 0.225342 0.009375 0.0185547 0.00184631
0 0.00844727 0.844238 0.0103516 0.0166016 0.00182438
0 0.982813 0.382568 0.028125 0.03125 0.00175476
0 0.582031 0.227539 0.0195312 0.0292969 0.00174809
0 0.994531 0.0449219 0.0109375 0.0898438 0.00174809
0 0.903125 0.403564 0.0140625 0.0166016 0.00171375
0 0.605859 0.527344 0.0351562 0.0390625 0.00171375
0 1 0.0533142 0 0.048645 0.0017004
0 0.842188 0.87793 0.0140625 0.015625 0.00168705
0 0.340625 0.439819 0.0140625 0.0148926 0.00167465
0 0.995703 0.0528564 0.00859375 0.0922852 0.00167465
0 0.864062 0.765625 0.021875 0.0166016 0.0016613
0 0.845312 0.224854 0.0203125 0.0214844 0.00162888
0 0.200391 0.643555 0.0101562 0.0175781 0.00161648
0 0.291406 0.73291 0.0117188 0.0146484 0.00161076
0 0.342969 0.53125 0.0109375 0.0146484 0.0015974
0 0.989844 0.222412 0.0171875 0.0205078 0.00156116
0 0.495313 0.380615 0.015625 0.0151367 0.00155449
0 0.842969 0.214355 0.0125 0.0185547 0.00154877
0 0.939062 0.431152 0.0125 0.015625 0.00153637
0 0.93125 0.522949 0.0140625 0.0136719 0.00153065
0 0.314258 0.51123 0.0105469 0.0166016 0.0015192
0 0.569922 0.227539 0.0265625 0.0385742 0.00150108
0 0.742969 0.709961 0.053125 0.0546875 0.00150108
0 0.626172 0.15332 0.0226563 0.026123 0.00147247
0 0.381152 0.197021 0.0650391 0.0751953 0.00143242
0 0.980859 0.381104 0.0382813 0.0297852 0.00142097
0 0.998047 0.986328 0.00390625 0.0175781 0.00141048
0 0.998828 0.34082 0.00234375 0.0800781 0.00141048
0 0.392969 0.196777 0.028125 0.0341797 0.00139427
0 0.327148 0.453613 0.009375 0.0146484 0.00138855
0 0.948438 0.36377 0.046875 0.0449219 0.00138855
0 0.561719 0.242188 0.0101562 0.0185547 0.00137806
0 0.48125 0.385498 0.0140625 0.0146484 0.00137806
0 0.182031 0.615723 0.0132813 0.0126953 0.00137234
0 0.746094 0.71875 0.0578125 0.120117 0.00136185
0 1 0.0252686 0 0.0466309 0.00135612
0 0.354297 0.199036 0.021875 0.0291748 0.00135612
0 0.605859 0.506348 0.0421875 0.0390625 0.00135612
0 0.312891 0.517578 0.0117188 0.0205078 0.00133038
0 0.905469 0.231445 0.021875 0.0214844 0.00130463
0 0.10918 0.784668 0.0117188 0.0107422 0.00129986
0 0.0296875 0.987305 0.0154297 0.00976562 0.00125504
0 0.333594 0.442261 0.03125 0.0402832 0.00125504
0 0.0109619 0.209717 0.0219238 0.0395508 0.00125504
0 0.090332 0.725586 0.0175781 0.0292969 0.00123978
0 0.81875 0.183838 0.0203125 0.0200195 0.00123501
0 0.941406 0.599121 0.0109375 0.0117188 0.00123501
0 0.9375 0.376709 0.0078125 0.015625 0.00121593
0 0.933594 0.961914 0.021875 0.0195312 0.00121593
0 0.330273 0.199951 0.0675781 0.0825195 0.0012064
0 0.677734 0.532715 0.00859375 0.0136719 0.00117874
0 0.719531 0.70752 0.0148437 0.0175781 0.00117874
0 0.624609 0.405762 0.0109375 0.0136719 0.0011692
0 0.825781 0.949463 0.0171875 0.0424805 0.0011692
0 0.00761719 0.2005 0.0152344 0.0418701 0.00115585
0 0.578906 0.395508 0.0179687 0.0136719 0.00115108
0 0.832812 0.61377 0.021875 0.0273438 0.00113773
0 0.38125 0.196777 0.034375 0.0410156 0.00113392
0 0.467187 0.20752 0.0179687 0.0268555 0.00112915
0 0.455859 0.19751 0.0265625 0.03125 0.00111198
0 0.541406 0.131592 0.0132813 0.0187988 0.00110722
0 0.480469 0.435181 0.0242187 0.0222168 0.00109863
0 0.926562 0.679688 0.009375 0.0263672 0.00109482
0 0.785156 0.868652 0.0109375 0.0136719 0.00109005
0 0.0274902 0.598145 0.0206055 0.0253906 0.00109005
0 0.469531 0.183167 0.0320312 0.0418701 0.00108147
0 0.0353516 0.199646 0.0701172 0.0802002 0.00107288
0 0.391797 0.195618 0.0453125 0.0643311 0.00105667
0 0.604297 0.505371 0.0640625 0.0605469 0.00105667
0 0.50625 0.192627 0.0242187 0.0288086 0.00105286
0 0.896875 0.238525 0.01875 0.0146484 0.00105286
