0 0.417188 0.848633 0.0460938 0.0332031 0.808105
0 0.549609 0.816895 0.046875 0.0371094 0.778809
0 0.484766 0.71875 0.0382813 0.0332031 0.744629
0 0.505859 0.787598 0.0273438 0.0595703 0.73584
0 0.528125 0.459473 0.0398437 0.0341797 0.679199
0 0.461719 0.785645 0.0234375 0.0488281 0.660156
0 0.466016 0.951904 0.0304688 0.0551758 0.583008
0 0.452734 0.891602 0.0273438 0.0722656 0.567871
0 0.548047 0.532227 0.0210938 0.0507812 0.457031
0 0.93125 0.958008 0.009375 0.0136719 0.391357
0 0.830469 0.97168 0.009375 0.0136719 0.388672
0 0.548437 0.526367 0.015625 0.0419922 0.35498
0 0.550391 0.538574 0.0171875 0.0478516 0.204346
0 0.460156 0.779297 0.015625 0.0341797 0.185303
0 0.554297 0.816406 0.0390625 0.0283203 0.171021
0 0.503516 0.77832 0.0242187 0.0595703 0.170532
0 0.466016 0.793945 0.021875 0.0371094 0.170532
0 0.682422 0.56543 0.0078125 0.0126953 0.157104
0 0.485156 0.719238 0.0453125 0.0439453 0.133423
0 0.541016 0.452637 0.0148437 0.0195312 0.131592
0 0.458203 0.861816 0.0140625 0.0136719 0.131592
0 0.509375 0.791504 0.0195312 0.0498047 0.125122
0 0.500781 0.785156 0.0398437 0.0712891 0.123352
0 0.531641 0.805176 0.00859375 0.0175781 0.112793
0 0.455859 0.866211 0.0210938 0.0234375 0.105957
0 0.537891 0.457031 0.025 0.03125 0.100159
0 0.498437 0.763184 0.0125 0.0175781 0.0974121
0 0.498828 0.760742 0.009375 0.0146484 0.0927124
0 0.93125 0.958984 0.0109375 0.0195312 0.0923462
0 0.505859 0.79541 0.0359375 0.0537109 0.0866089
0 0.545313 0.814453 0.028125 0.0214844 0.0797729
0 0.455859 0.869141 0.0257812 0.03125 0.0673218
0 0.546484 0.52002 0.0109375 0.0195312 0.0643921
0 0.458984 0.862793 0.0203125 0.0205078 0.0566406
0 0.902344 0.87793 0.009375 0.0146484 0.0545959
0 0.83125 0.970703 0.0125 0.0195312 0.0501404
0 0.929688 0.958008 0.015625 0.0175781 0.0483093
0 0.497656 0.728027 0.0101562 0.0195312 0.0456848
0 0.530469 0.456909 0.0578125 0.0441895 0.0451965
0 0.520703 0.457031 0.015625 0.0166016 0.0450134
0 0.53125 0.45752 0.0320312 0.0234375 0.0435181
0 0.828906 0.97168 0.015625 0.015625 0.0419312
0 0.511328 0.800781 0.015625 0.0439453 0.041626
0 0.500391 0.774414 0.0273438 0.046875 0.0413208
0 0.876562 0.993164 0.0109375 0.0117188 0.0368958
0 0.500391 0.773438 0.0195312 0.0361328 0.0362244
0 0.471875 0.959961 0.01875 0.0371094 0.0352783
0 0.655078 0.816406 0.0078125 0.015625 0.0344849
0 0.539844 0.453125 0.01875 0.0253906 0.0324707
0 0.682031 0.566406 0.0109375 0.0175781 0.0314941
0 0.399219 0.847656 0.009375 0.0195312 0.0313721
0 0.500781 0.788574 0.0296875 0.0537109 0.0290833
0 0.499219 0.763184 0.015625 0.0224609 0.0289764
0 0.546875 0.520508 0.015625 0.0292969 0.0282135
0 0.528125 0.464844 0.0335938 0.03125 0.0257568
0 0.408984 0.845703 0.025 0.0175781 0.0250854
0 0.552344 0.54541 0.0109375 0.0224609 0.0241394
0 0.522656 0.45752 0.0242187 0.0244141 0.0235138
0 0.532031 0.807617 0.015625 0.0292969 0.0232391
0 0.46875 0.963867 0.021875 0.0351562 0.0229797
0 0.829687 0.969727 0.0203125 0.0234375 0.0220337
0 0.521875 0.878418 0.009375 0.0117188 0.0174408
0 0.46875 0.963867 0.0296875 0.0410156 0.0171814
0 0.476562 0.713379 0.0210938 0.0185547 0.0165253
0 0.68125 0.565918 0.0171875 0.0166016 0.0164032
0 0.553125 0.543945 0.0140625 0.0302734 0.0160217
0 0.4 0.849121 0.015625 0.0253906 0.0157166
0 0.405078 0.314697 0.0117188 0.0175781 0.0156708
0 0.867969 0.995605 0.0109375 0.00878906 0.0155411
0 0.478516 0.71582 0.0289063 0.0273438 0.0154266
0 0.552344 0.824219 0.046875 0.0380859 0.0152512
0 0.903125 0.878418 0.0140625 0.0214844 0.0142288
0 0.411328 0.845703 0.059375 0.0410156 0.0137939
0 0.546094 0.519531 0.0234375 0.0341797 0.0129242
0 0.932031 0.957031 0.0140625 0.0234375 0.0127258
0 0.459375 0.927002 0.015625 0.0444336 0.0122375
0 0.522656 0.456055 0.0367187 0.0361328 0.012146
0 0.460156 0.925537 0.0265625 0.0649414 0.0111618
0 0.4625 0.79248 0.0320312 0.0488281 0.0109863
0 0.558203 0.819336 0.0445312 0.0390625 0.0109863
0 0.425781 0.844727 0.0203125 0.0205078 0.0109024
0 0.532812 0.807129 0.0234375 0.0273438 0.0104904
0 0.399219 0.849121 0.0226563 0.0283203 0.00898743
0 0.453125 0.905273 0.028125 0.0576172 0.00854492
0 0.526953 0.878906 0.009375 0.0107422 0.00844574
0 0.416016 0.85498 0.0429688 0.0332031 0.008255
0 0.459766 0.864258 0.0289063 0.0322266 0.00815582
0 0.552344 0.543457 0.0234375 0.0351562 0.00812531
0 0.496094 0.896973 0.009375 0.0146484 0.00806427
0 0.902344 0.878418 0.021875 0.0234375 0.00796509
0 0.821875 0.59668 0.0109375 0.0146484 0.00793457
0 0.396875 0.84375 0.00546875 0.0126953 0.00787354
0 0.5 0.76416 0.0234375 0.03125 0.00734711
0 0.655469 0.816895 0.0109375 0.0234375 0.00669098
0 0.407031 0.313965 0.0171875 0.027832 0.00638962
0 0.458984 0.925293 0.0359375 0.0810547 0.00631332
0 0.825 0.598145 0.0078125 0.0107422 0.00609589
0 0.899219 0.878906 0.0140625 0.0175781 0.00605011
0 0.498047 0.727539 0.0125 0.0253906 0.00559998
0 0.44375 0.142822 0.00703125 0.0124512 0.00542831
0 0.930469 0.956055 0.0265625 0.0292969 0.00482941
0 0.536719 0.812988 0.0171875 0.0214844 0.00479126
0 0.551953 0.825684 0.0335938 0.0292969 0.00479126
0 0.461328 0.794922 0.0265625 0.0361328 0.00471878
0 0.934375 0.958984 0.0125 0.0117188 0.00468063
0 0.904688 0.874023 0.009375 0.0136719 0.00460815
0 0.460547 0.899902 0.0195312 0.0439453 0.0045929
0 0.547266 0.543457 0.0179687 0.0361328 0.00413513
0 0.898438 0.878418 0.0203125 0.0283203 0.00407028
0 0.548437 0.544922 0.015625 0.0253906 0.00403976
0 0.40625 0.314209 0.025 0.0302734 0.00400543
0 0.404297 0.311279 0.0109375 0.0195312 0.0039444
0 0.876562 0.992676 0.01875 0.0146484 0.00379562
0 0.653906 0.816895 0.0203125 0.0244141 0.00363541
0 0.507422 0.807129 0.0195312 0.0351562 0.00356483
0 0.888281 0.987305 0.0109375 0.0117188 0.00337601
0 0.460156 0.896484 0.0367187 0.0761719 0.00337601
0 0.424609 0.844727 0.0335938 0.0292969 0.00335121
0 0.901563 0.979492 0.0109375 0.0117188 0.00332451
0 0.537891 0.814453 0.0382813 0.0371094 0.00329781
0 0.463672 0.886719 0.021875 0.0371094 0.00324821
0 0.450391 0.868652 0.0164062 0.0234375 0.00311089
0 0.664453 0.332764 0.0109375 0.0146484 0.00305176
0 0.4625 0.93335 0.0179687 0.043457 0.00293541
0 0.521875 0.879883 0.015625 0.0205078 0.00291252
0 0.547656 0.542969 0.0265625 0.0400391 0.00291252
0 0.821094 0.59668 0.015625 0.0253906 0.00283432
0 0.897656 0.878906 0.03125 0.03125 0.00282288
0 0.867188 0.993652 0.0203125 0.0126953 0.00274658
0 0.508203 0.807617 0.0296875 0.0429688 0.00253105
0 0.424219 0.844727 0.05 0.0429688 0.00242424
0 0.698047 0.60498 0.0460938 0.0986328 0.00239754
0 0.498047 0.726562 0.0226563 0.0292969 0.00225258
0 0.485156 0.791016 0.0125 0.0195312 0.00214958
0 0.682422 0.563477 0.0125 0.0263672 0.00214958
0 0.476953 0.71875 0.0210938 0.0253906 0.00211525
0 0.462109 0.886719 0.0523437 0.0771484 0.00211525
0 0.521094 0.46582 0.0289063 0.0224609 0.00198746
0 0.998438 0.0449829 0.003125 0.0899658 0.00196457
0 0.515625 0.459961 0.0125 0.0185547 0.00195694
0 0.545703 0.82666 0.03125 0.0292969 0.00195694
0 0.415625 0.31958 0.0234375 0.0249023 0.00192642
0 0.560938 0.811523 0.015625 0.015625 0.00191212
0 0.475391 0.949219 0.0140625 0.0253906 0.00181007
0 0.707422 0.603516 0.071875 0.0976562 0.0018034
0 0.0133301 0.978516 0.0131836 0.0117188 0.00178909
0 0.8625 0.995605 0.015625 0.00878906 0.00178909
0 0.378516 0.49707 0.009375 0.0136719 0.0017004
0 0.495703 0.738281 0.0132813 0.0244141 0.00168705
0 0.517187 0.811523 0.00859375 0.0136719 0.00168705
0 0.104785 0.566895 0.00859375 0.0126953 0.00167465
0 0.819531 0.596191 0.025 0.0283203 0.00166798
0 0.867969 0.992188 0.0296875 0.015625 0.0016489
0 0.680078 0.804199 0.009375 0.0126953 0.00163555
0 0.461328 0.915039 0.0117188 0.0302734 0.00162888
0 0.998828 0.969238 0.00234375 0.0615234 0.00162315
0 0.564844 0.540527 0.0109375 0.0166016 0.00157356
0 0.531641 0.799805 0.00703125 0.0136719 0.00156116
0 1 0.986328 0 0.0175781 0.00154305
0 0.45 0.872559 0.040625 0.0478516 0.00153637
0 0.706641 0.603516 0.0351562 0.0546875 0.00152493
0 0.515625 0.460938 0.0203125 0.03125 0.00149536
0 0.480859 0.759277 0.0101562 0.0136719 0.00148392
0 0.502734 0.799805 0.0164062 0.0322266 0.0014782
0 0.520703 0.87793 0.021875 0.0195312 0.00146675
0 0.462891 0.934082 0.0273438 0.0732422 0.00144958
0 0.821875 0.59375 0.009375 0.0166016 0.00143242
0 0.460938 0.860352 0.0109375 0.0117188 0.00141048
0 0.449219 0.903564 0.0289063 0.0776367 0.00139904
0 0.707812 0.588867 0.0234375 0.0302734 0.00139427
0 0.495313 0.896973 0.0171875 0.0263672 0.00137806
0 0.696094 0.604004 0.0335938 0.0488281 0.00136662
0 0.694531 0.616211 0.03125 0.046875 0.00136662
0 0.416797 0.320312 0.034375 0.0478516 0.00135612
0 0.705859 0.615723 0.0546875 0.108398 0.00134087
0 0.790625 0.447266 0.009375 0.0126953 0.00130939
0 0.898438 0.87207 0.0125 0.015625 0.00130463
0 0.410156 0.857422 0.028125 0.0253906 0.00124931
0 1 0.976562 0 0.0390625 0.00124454
0 0.477734 0.800781 0.00703125 0.0136719 0.00119209
0 0.494531 0.73584 0.0335938 0.0410156 0.00118828
0 0.428906 0.858398 0.0445312 0.0439453 0.00118351
0 0.481641 0.70752 0.0195312 0.015625 0.00117874
0 0.825 0.974609 0.0203125 0.0292969 0.00117874
0 0.431641 0.859863 0.0171875 0.0234375 0.00117397
0 0.0193359 0.568848 0.0105469 0.0175781 0.00115108
0 0.405469 0.310547 0.0164062 0.0380859 0.0011425
0 0.492188 0.700195 0.00859375 0.0126953 0.00108147
0 0.999609 0.0389404 0.00078125 0.052002 0.00104427
0 1 0.975586 0 0.0253906 0.00102043
0 0.514063 0.779785 0.0164062 0.0214844 0.00100422
