0 0.355566 0.108765 0.0630859 0.0554199 0.806641
0 0.571875 0.319824 0.0507812 0.0673828 0.803223
0 0.26875 0.337891 0.0371094 0.0732422 0.78418
0 0.59375 0.600586 0.0460938 0.128906 0.552734
0 0.369531 0.0632324 0.0679687 0.0463867 0.434082
0 0.369922 0.0612488 0.0523437 0.0391235 0.206299
0 0.371094 0.826172 0.0140625 0.0166016 0.201172
0 0.328516 0.181763 0.0132813 0.013916 0.147583
0 0.273047 0.322021 0.0347656 0.046875 0.146606
0 0.272656 0.327637 0.0390625 0.0664062 0.133423
0 0.36875 0.828125 0.0296875 0.0322266 0.112427
0 0.588672 0.605469 0.0664062 0.105469 0.102661
0 0.576953 0.3125 0.0476562 0.0522461 0.0960083
0 0.593359 0.591309 0.0546875 0.0878906 0.0957031
0 0.367188 0.828613 0.0242187 0.0253906 0.0950317
0 0.356641 0.803711 0.0132813 0.0126953 0.092041
0 0.832031 0.841309 0.0140625 0.0136719 0.085083
0 0.349805 0.103516 0.0472656 0.0397949 0.0651245
0 0.458594 0.818359 0.0179687 0.0126953 0.0579224
0 0.59375 0.625 0.053125 0.12207 0.0572815
0 0.321484 0.852539 0.01875 0.0175781 0.0549927
0 0.957812 0.681152 0.0140625 0.0166016 0.0541992
0 0.320312 0.992676 0.0136719 0.0146484 0.0465393
0 0.829687 0.84082 0.021875 0.0185547 0.0460205
0 0.571094 0.326904 0.0367187 0.0473633 0.0448608
0 0.598047 0.604004 0.0570313 0.0917969 0.0440063
0 0.262305 0.340332 0.0292969 0.0454102 0.0435181
0 0.280078 0.60791 0.0117188 0.0146484 0.0339661
0 0.325781 0.852539 0.0257812 0.0214844 0.0333252
0 0.360059 0.0647278 0.0564453 0.0387573 0.0330811
0 0.99375 0.583496 0.0109375 0.0214844 0.0324707
0 0.195508 0.982422 0.015625 0.0136719 0.0323486
0 0.175977 0.994141 0.0105469 0.00976562 0.0309143
0 0.0360352 0.283936 0.0116211 0.0131836 0.0303345
0 0.364062 0.112061 0.040625 0.0422363 0.028656
0 0.192383 0.983398 0.0234375 0.015625 0.0281067
0 0.360645 0.0603027 0.0287109 0.0258789 0.0263519
0 0.337891 0.51123 0.0136719 0.015625 0.0262604
0 0.327734 0.181213 0.0183594 0.0203857 0.0259552
0 0.0832031 0.576172 0.00996094 0.0195312 0.024704
0 0.320703 0.851562 0.0363281 0.0292969 0.0235138
0 0.358496 0.065918 0.0291016 0.0263672 0.0227966
0 0.274805 0.345215 0.0234375 0.0429688 0.021698
0 0.433594 0.814941 0.009375 0.0126953 0.0216217
0 0.681641 0.985352 0.015625 0.0136719 0.0215302
0 0.458594 0.818848 0.0289063 0.0214844 0.0210419
0 0.396094 0.684082 0.00859375 0.0146484 0.0208893
0 0.35625 0.803223 0.01875 0.0214844 0.0207977
0 0.308789 0.583496 0.00859375 0.0117188 0.0204163
0 0.371875 0.823242 0.0164062 0.0166016 0.0201721
0 0.479688 0.672363 0.0078125 0.0136719 0.0200195
0 0.192773 0.983398 0.0320312 0.0253906 0.0198669
0 0.586328 0.604004 0.0539063 0.0810547 0.0197144
0 0.480859 0.676758 0.009375 0.0205078 0.0194244
0 0.986719 0.935547 0.0109375 0.0136719 0.0194244
0 0.376563 0.0652161 0.046875 0.0409546 0.0179901
0 0.96875 0.652832 0.015625 0.0126953 0.0175781
0 0.199219 0.980469 0.0152344 0.0136719 0.0175171
0 0.95625 0.681152 0.028125 0.0283203 0.016983
0 0.283594 0.610352 0.015625 0.0175781 0.016922
0 0.019873 0.290771 0.00859375 0.012207 0.0163422
0 0.960156 0.679688 0.015625 0.0214844 0.0163422
0 0.378906 0.0197144 0.0117188 0.017334 0.0162811
0 0.29082 0.61377 0.0144531 0.0166016 0.0160217
0 0.0217773 0.246094 0.0120117 0.0131836 0.0155411
0 0.0821289 0.57959 0.0123047 0.0185547 0.0154877
0 0.995313 0.813965 0.009375 0.0146484 0.0151901
0 0.350391 0.112427 0.0351562 0.0419922 0.0146713
0 0.38125 0.088501 0.0179687 0.017334 0.0136871
0 0.451562 0.144775 0.009375 0.0102539 0.0134277
0 0.991406 0.570312 0.0078125 0.0175781 0.0132217
0 0.318945 0.989258 0.021875 0.0214844 0.012825
0 0.589844 0.628418 0.0570313 0.0849609 0.0126266
0 0.580859 0.325928 0.0273438 0.0493164 0.0123367
0 0.355859 0.0955811 0.084375 0.0603027 0.0122375
0 0.258203 0.600586 0.0128906 0.0205078 0.011734
0 0.166016 0.972656 0.0136719 0.0136719 0.0115051
0 0.3875 0.0653076 0.05 0.0556641 0.0115051
0 0.585156 0.31958 0.0375 0.0615234 0.0108185
0 0.595703 0.57666 0.0359375 0.0449219 0.0104065
0 0.268555 0.312744 0.0203125 0.0161133 0.0103302
0 0.4625 0.818359 0.01875 0.0175781 0.0103302
0 0.432813 0.522461 0.0117188 0.0117188 0.0102463
0 0.387891 0.0595398 0.034375 0.0288696 0.0100937
0 0.366797 0.164673 0.009375 0.015625 0.0100937
0 0.850781 0.560059 0.0125 0.0117188 0.00978088
0 0.559766 0.329834 0.0257812 0.0458984 0.00941467
0 0.0081543 0.744141 0.00810547 0.0117188 0.00905609
0 0.992188 0.614746 0.0109375 0.0244141 0.00891876
0 0.389453 0.0664062 0.0273438 0.0341797 0.00878143
0 0.356641 0.09375 0.0414063 0.0268555 0.00878143
0 0.336523 0.0966797 0.0207031 0.020752 0.00871277
0 0.587109 0.31958 0.021875 0.0429688 0.00871277
0 0.982031 0.625977 0.015625 0.0166016 0.00871277
0 0.558203 0.33374 0.0132813 0.0317383 0.00857544
0 0.334961 0.51123 0.01875 0.0244141 0.0085144
0 0.560938 0.569824 0.00625 0.0146484 0.00844574
0 0.32793 0.18573 0.0152344 0.0162354 0.00837708
0 0.190039 0.648926 0.0140625 0.015625 0.00818634
0 0.967969 0.655762 0.0125 0.0107422 0.00818634
0 0.587109 0.59082 0.046875 0.0605469 0.00812531
0 0.649219 0.87207 0.0125 0.0136719 0.00787354
0 0.0117676 0.564453 0.0124023 0.0146484 0.00775528
0 0.0342285 0.318115 0.0253906 0.0327148 0.00769424
0 0.354004 0.122803 0.0154297 0.0209961 0.00763702
0 0.0344727 0.285889 0.021875 0.0234375 0.00763702
0 0.900781 0.41748 0.0125 0.0112305 0.00748825
0 0.470313 0.876465 0.0140625 0.0136719 0.00746155
0 0.986719 0.90332 0.009375 0.0166016 0.00746155
0 0.338672 0.098999 0.0335938 0.0300293 0.00728989
0 0.459375 0.334229 0.0140625 0.0117188 0.00725937
0 0.44375 0.0499268 0.009375 0.0145264 0.00723267
0 0.560547 0.331055 0.0375 0.0537109 0.00717545
0 0.101465 0.587402 0.0115234 0.0117188 0.00706482
0 0.564062 0.324463 0.0289063 0.0458984 0.0069313
0 0.607813 0.641602 0.0125 0.0273438 0.00679779
0 0.143164 0.975586 0.00820312 0.0136719 0.00664139
0 0.592578 0.63916 0.0414063 0.09375 0.00664139
0 0.0338623 0.317627 0.0469238 0.0483398 0.00658798
0 0.307031 0.748047 0.00976562 0.00976562 0.00653839
0 0.982031 0.861816 0.015625 0.0166016 0.00653839
0 0.378906 0.502441 0.0210938 0.0263672 0.0064888
0 0.461328 0.333496 0.0125 0.015625 0.00641251
0 0.0413818 0.31958 0.0209473 0.0249023 0.00638962
0 0.0826172 0.577148 0.0185547 0.0341797 0.00638962
0 0.0185547 0.248535 0.0173828 0.019043 0.00621796
0 0.992969 0.584961 0.0140625 0.0351562 0.00619125
0 0.682031 0.983398 0.0234375 0.0214844 0.00612259
0 0.143164 0.648438 0.0109375 0.0107422 0.00609589
0 0.0878906 0.741699 0.00957031 0.0136719 0.00605011
0 0.600781 0.625488 0.0460938 0.0986328 0.00602722
0 0.383594 0.0144653 0.0148437 0.0209961 0.00595856
0 0.855469 0.253906 0.0140625 0.00927734 0.00595856
0 0.946875 0.472656 0.0125 0.0107422 0.00595856
0 0.332227 0.517578 0.0265625 0.0253906 0.00595856
0 0.324023 0.180542 0.0121094 0.0144043 0.00591278
0 0.393359 0.687012 0.0132813 0.015625 0.00579834
0 0.957031 0.686523 0.0203125 0.0166016 0.00577545
0 0.985937 0.907715 0.009375 0.0166016 0.00568771
0 0.333008 0.0915527 0.00820312 0.0114746 0.00559998
0 0.053418 0.812012 0.0140625 0.0175781 0.00559998
0 0.282422 0.610352 0.0265625 0.0283203 0.0055542
0 0.601562 0.574707 0.0289063 0.0371094 0.0053215
0 0.391406 0.0117188 0.0140625 0.0195312 0.00521851
0 0.276953 0.314209 0.0195312 0.0161133 0.00521851
0 0.31875 0.85791 0.0234375 0.0214844 0.00521851
0 0.384766 0.0606995 0.040625 0.0394897 0.0050621
0 0.526172 0.713867 0.0171875 0.0126953 0.00486755
0 0.362109 0.833008 0.0140625 0.0214844 0.00482941
0 0.0227539 0.239746 0.0126953 0.0126953 0.00479126
0 0.269922 0.315186 0.0292969 0.0375977 0.00475693
0 0.344434 0.0926514 0.0228516 0.013916 0.0046463
0 0.480469 0.676758 0.0140625 0.0302734 0.0045929
0 0.565234 0.633301 0.009375 0.0185547 0.00457382
0 0.160352 0.970703 0.0101562 0.0117188 0.00457382
0 0.0375977 0.285645 0.0246094 0.0283203 0.00457382
0 0.508203 0.564941 0.00859375 0.00976562 0.00453949
0 0.118457 0.811035 0.0152344 0.0126953 0.00450516
0 0.970312 0.477539 0.015625 0.0107422 0.00443268
0 0.685938 0.984375 0.0148437 0.015625 0.00443268
0 0.380078 0.0871582 0.0335938 0.0292969 0.00432968
0 0.270508 0.313477 0.0378906 0.0458984 0.00432968
0 0.921094 0.270996 0.0203125 0.0205078 0.00431442
0 0.604297 0.626953 0.025 0.0498047 0.00429916
0 0.982031 0.624023 0.025 0.0351562 0.00429916
0 0.520703 0.711426 0.0171875 0.00976562 0.0042305
0 0.444531 0.814941 0.0101562 0.0107422 0.0042305
0 0.664453 0.64502 0.0101562 0.0117188 0.00416565
0 0.216406 0.126465 0.0117188 0.0119629 0.00407028
0 0.630859 0.837402 0.0179687 0.0107422 0.00403976
0 0.984375 0.621582 0.0140625 0.0205078 0.00400543
0 0.257227 0.603027 0.0277344 0.0400391 0.00395966
0 0.890625 0.281494 0.0109375 0.0136719 0.00392914
0 0.593359 0.641602 0.0328125 0.0566406 0.00392914
0 0.348535 0.0666504 0.0123047 0.0185547 0.00391388
0 0.982813 0.907715 0.0125 0.015625 0.00391388
0 0.551172 0.336426 0.00625 0.0214844 0.00388527
0 0.4625 0.268311 0.009375 0.0170898 0.00387001
0 0.355176 0.120605 0.0310547 0.0327148 0.00385475
0 0.0213867 0.246338 0.0227539 0.0249023 0.00385475
0 0.346191 0.0221558 0.0177734 0.0316162 0.00382423
0 0.801562 0.116821 0.0109375 0.010498 0.00379562
0 0.842969 0.560059 0.0109375 0.00878906 0.00379562
0 0.132227 0.85498 0.0109375 0.0107422 0.00378036
0 0.0665039 0.902832 0.0328125 0.0322266 0.00376511
0 0.599219 0.578125 0.04375 0.0703125 0.00374985
0 0.907812 0.189026 0.0109375 0.0115967 0.0037365
0 0.632812 0.612793 0.015625 0.0126953 0.0037365
0 0.065918 0.905762 0.0263672 0.0214844 0.0037365
0 0.0370605 0.280518 0.0114258 0.0151367 0.00370789
0 0.388672 0.0167236 0.0132813 0.0205078 0.00369263
0 0.359375 0.807129 0.0125 0.0166016 0.00365067
0 0.980469 0.85791 0.009375 0.0136719 0.00365067
0 0.06875 0.902832 0.0207031 0.0166016 0.00365067
0 0.604688 0.640625 0.0289063 0.0595703 0.00363541
0 0.840625 0.250732 0.0140625 0.0107422 0.00359344
0 0.0339355 0.308105 0.0194336 0.0258789 0.00359344
0 0.373828 0.113281 0.0210938 0.0310059 0.00358009
0 0.332227 0.516602 0.034375 0.0527344 0.00353813
0 0.991406 0.601562 0.0109375 0.0341797 0.00352478
0 0.379297 0.019165 0.0203125 0.0284424 0.00346947
0 0.367578 0.0891113 0.0273438 0.0205078 0.00345612
0 0.353418 0.0221558 0.0376953 0.0443115 0.00345612
0 0.378125 0.500977 0.0304688 0.0390625 0.00345612
0 0.561328 0.309082 0.0203125 0.0205078 0.00344276
0 0.337695 0.51416 0.0242187 0.0263672 0.00337601
0 0.996094 0.8125 0.0078125 0.015625 0.00332451
0 0.0290039 0.474609 0.0173828 0.0302734 0.00327301
0 0.0539795 0.808594 0.010791 0.0166016 0.00324821
0 0.95625 0.288818 0.0171875 0.00976562 0.00322342
0 0.0203125 0.867188 0.0133789 0.0126953 0.00322342
0 0.341309 0.518066 0.0228516 0.0273438 0.00319672
0 0.317187 0.994141 0.0238281 0.0117188 0.00318527
0 0.225977 0.0502319 0.0113281 0.0157471 0.00317192
0 0.394922 0.684082 0.015625 0.0263672 0.00312424
0 0.817187 0.426758 0.0109375 0.0078125 0.00309944
0 0.983594 0.904297 0.0125 0.0166016 0.003088
0 0.289062 0.613281 0.0203125 0.0283203 0.00307465
0 0.328125 0.184875 0.0285156 0.0233154 0.00304031
0 0.378906 0.498047 0.0140625 0.0195312 0.00300407
0 0.0209473 0.486328 0.012207 0.0136719 0.00296974
0 0.370313 0.391846 0.0101562 0.0166016 0.0029583
0 0.966406 0.653809 0.021875 0.0234375 0.00291252
0 0.354199 0.0206909 0.0236328 0.0349121 0.00288963
0 0.262109 0.324463 0.0191406 0.03125 0.00286674
0 0.34707 0.158936 0.0160156 0.0195312 0.00282288
0 0.844531 0.807617 0.0140625 0.00878906 0.00282288
0 0.0389648 0.317871 0.0373047 0.0390625 0.00282288
0 0.262695 0.32666 0.0390625 0.0649414 0.00277901
0 0.245117 0.0346069 0.0195312 0.0230713 0.00275803
0 0.592578 0.329346 0.0109375 0.0205078 0.00274658
0 0.355469 0.0146179 0.025 0.0292358 0.00269318
0 0.356348 0.16333 0.0169922 0.0256348 0.00269318
0 0.992969 0.815918 0.0140625 0.0273438 0.00269318
0 0.262305 0.601074 0.0121094 0.0205078 0.0026722
0 0.991016 0.615234 0.0179687 0.046875 0.00263214
0 0.422266 0.786133 0.0101562 0.0117188 0.0026207
0 0.376172 0.0980225 0.0234375 0.0263672 0.00261116
0 0.372656 0.112183 0.0328125 0.0415039 0.00261116
0 0.333789 0.513184 0.0371094 0.0341797 0.00257111
0 0.0327148 0.912598 0.0145508 0.0117188 0.00253105
0 0.373047 0.825195 0.0195312 0.0283203 0.00253105
0 0.020166 0.248291 0.0288086 0.0317383 0.00252151
0 0.928125 0.432007 0.0140625 0.0158691 0.00251198
0 0.867188 0.796875 0.021875 0.00976562 0.0024929
0 0.432031 0.814941 0.0132813 0.0185547 0.00247192
0 0.480078 0.67627 0.0210938 0.0332031 0.00245285
0 0.0529297 0.706055 0.0103516 0.0078125 0.00243378
0 0.891406 0.278809 0.009375 0.0131836 0.00242424
0 0.0572266 0.300293 0.00898437 0.012207 0.0024147
0 0.951563 0.473145 0.01875 0.0117188 0.00240517
0 0.338086 0.853516 0.0101562 0.0175781 0.002388
0 0.437109 0.398926 0.0125 0.0078125 0.00237846
0 0.986719 0.625 0.0140625 0.0224609 0.00237846
0 0.121289 0.810059 0.0121094 0.00976562 0.00234222
0 0.0192383 0.292725 0.015918 0.0258789 0.00232315
0 0.562891 0.312256 0.0445312 0.0605469 0.00230598
0 0.690625 0.783203 0.0148437 0.0117188 0.00229645
0 0.835156 0.839355 0.0109375 0.0126953 0.00228691
0 0.983594 0.9375 0.0140625 0.0117188 0.00228691
0 0.34668 0.0253296 0.0324219 0.0506592 0.00228691
0 0.021582 0.306152 0.00966797 0.0185547 0.00227928
0 0.9625 0.850098 0.0078125 0.0107422 0.00227928
0 0.0348633 0.282715 0.0268555 0.0395508 0.00226974
0 0.177148 0.992676 0.0191406 0.0146484 0.00226974
0 0.578906 0.86377 0.0125 0.0078125 0.00226021
0 0.853125 0.206787 0.0140625 0.0131836 0.00225258
0 0.920313 0.269775 0.0375 0.0371094 0.00224304
0 0.610547 0.586914 0.0101562 0.0253906 0.00223351
0 0.0207031 0.721191 0.012793 0.00976562 0.00223351
0 0.346582 0.803711 0.0130859 0.0126953 0.00223351
0 0.849219 0.805176 0.015625 0.00976562 0.00223351
0 0.375 0.831543 0.01875 0.03125 0.00221634
0 0.683203 0.981445 0.0179687 0.0117188 0.00221634
0 0.974219 0.650879 0.0109375 0.0146484 0.00219917
0 0.462109 0.818848 0.0304688 0.0273438 0.00219917
0 0.491016 0.727539 0.0132813 0.0136719 0.00218201
0 0.374219 0.101074 0.0453125 0.0551758 0.00218201
0 0.269336 0.354736 0.0339844 0.0458984 0.00216484
0 0.876562 0.956055 0.015625 0.00976562 0.00214005
0 0.0490967 0.318115 0.0111816 0.015625 0.00213242
0 0.0128418 0.565918 0.0176758 0.0244141 0.00211525
0 0.851562 0.562012 0.0109375 0.0107422 0.00209999
0 0.977344 0.696777 0.015625 0.0146484 0.00208282
0 0.607031 0.655273 0.0125 0.0205078 0.00206757
0 0.3625 0.834473 0.0296875 0.046875 0.00206757
0 0.317383 0.991211 0.0191406 0.0175781 0.00205803
0 0.459375 0.268799 0.0117188 0.015625 0.00204277
0 0.939844 0.287598 0.015625 0.00976562 0.00202751
0 0.846094 0.597168 0.0140625 0.00976562 0.00201988
0 0.280078 0.360352 0.0125 0.019043 0.00198746
0 0.908594 0.283203 0.009375 0.0126953 0.0019722
0 0.141406 0.876465 0.0109375 0.0078125 0.00193405
0 0.270508 0.35498 0.0472656 0.0561523 0.00192642
0 0.519141 0.721191 0.0265625 0.0234375 0.00191879
0 0.585547 0.932617 0.0101562 0.00976562 0.00191212
0 0.603906 0.640625 0.0421875 0.0722656 0.00188923
0 0.876562 0.414062 0.0109375 0.00976562 0.00188255
0 0.728125 0.807617 0.0203125 0.0166016 0.00188255
0 0.369922 0.0230713 0.0140625 0.0273438 0.00186729
