0 0.802344 0.147949 0.0296875 0.0371094 0.700684
0 0.703906 0.73877 0.0867188 0.0771484 0.552734
0 0.665234 0.536133 0.105469 0.0830078 0.533203
0 0.635547 0.536621 0.107031 0.0810547 0.399902
0 0.807031 0.137573 0.0203125 0.0297852 0.308105
0 0.178125 0.962891 0.0289063 0.0175781 0.219971
0 0.114551 0.913574 0.0181641 0.0166016 0.202393
0 0.173242 0.0377808 0.0167969 0.0133057 0.196777
0 0.70293 0.687012 0.0972656 0.0634766 0.177246
0 0.705469 0.740723 0.0546875 0.0654297 0.173828
0 0.176758 0.961914 0.0335938 0.0234375 0.141724
0 0.666797 0.54248 0.0648438 0.0761719 0.11438
0 0.173438 0.038208 0.0199219 0.0186768 0.103394
0 0.399609 0.990234 0.009375 0.0136719 0.100891
0 0.621094 0.123779 0.0140625 0.0129395 0.0939941
0 0.111035 0.992188 0.0164062 0.015625 0.081543
0 0.108398 0.992188 0.0167969 0.0136719 0.078064
0 0.747656 0.955078 0.0140625 0.0175781 0.076416
0 0.00966797 0.648438 0.0125977 0.015625 0.0726318
0 0.695703 0.731934 0.0554687 0.0546875 0.0726318
0 0.386328 0.753906 0.0140625 0.0146484 0.0690308
0 0.750781 0.726074 0.01875 0.03125 0.0675659
0 0.24043 0.983398 0.0117188 0.0136719 0.0564575
0 0.703516 0.685059 0.0546875 0.0458984 0.055603
0 0.687891 0.69873 0.0945313 0.0976562 0.0535889
0 0.140332 0.912598 0.00820312 0.0126953 0.053009
0 0.154492 0.931152 0.0109375 0.0107422 0.0516663
0 0.808594 0.133667 0.015625 0.020752 0.0492249
0 0.98125 0.947266 0.0109375 0.0117188 0.0486755
0 0.114551 0.914551 0.0248047 0.0214844 0.0463867
0 0.00722656 0.687012 0.00742187 0.015625 0.0462036
0 0.633594 0.540039 0.0609375 0.0703125 0.0460205
0 0.687109 0.726562 0.103125 0.124023 0.0428772
0 0.513281 0.979492 0.0109375 0.0117188 0.042572
0 0.554688 0.97168 0.0140625 0.0117188 0.0396423
0 0.630469 0.883789 0.0148437 0.0126953 0.0394897
0 0.708594 0.750488 0.0445312 0.0595703 0.0372009
0 0.658594 0.546387 0.129688 0.119141 0.0370483
0 0.620703 0.124268 0.0210938 0.0219727 0.0337219
0 0.747852 0.956055 0.0199219 0.0234375 0.0313721
0 0.751562 0.725098 0.025 0.0429688 0.0288696
0 0.0312988 0.990234 0.0155273 0.015625 0.0272675
0 0.108008 0.990723 0.0257812 0.0185547 0.026062
0 0.655469 0.53125 0.0609375 0.0566406 0.0257568
0 0.00625 0.686523 0.0111328 0.0146484 0.0253754
0 0.713672 0.68457 0.0523437 0.0498047 0.0249939
0 0.694531 0.694336 0.0515625 0.0654297 0.0248871
0 0.00952148 0.649902 0.019043 0.0234375 0.0247955
0 0.178125 0.96582 0.0378906 0.0332031 0.0243378
0 0.698828 0.75293 0.0390625 0.0585938 0.0223694
0 0.989844 0.920898 0.0109375 0.0117188 0.0222931
0 0.74375 0.686035 0.03125 0.0585938 0.02211
0 0.537109 0.226318 0.0101562 0.0107422 0.0214539
0 0.743555 0.688477 0.0238281 0.0419922 0.0193481
0 0.675391 0.712402 0.0734375 0.101562 0.0188293
0 0.669141 0.547852 0.0539063 0.0556641 0.0187988
0 0.474609 0.876953 0.0101562 0.00976562 0.0178528
0 0.373828 0.464844 0.00859375 0.0126953 0.0177155
0 0.976562 0.919922 0.0140625 0.00976562 0.0175781
0 0.992188 0.969727 0.009375 0.0117188 0.016983
0 0.728516 0.740723 0.0242187 0.0361328 0.016922
0 0.377734 0.730469 0.009375 0.0107422 0.0165253
0 0.712109 0.730469 0.0585938 0.0507812 0.016098
0 0.170508 0.924316 0.0113281 0.0107422 0.0158997
0 0.685156 0.696777 0.0515625 0.0644531 0.0155411
0 0.740625 0.686523 0.0453125 0.0664062 0.0152512
0 0.917969 0.862305 0.0171875 0.0224609 0.0151901
0 0.683594 0.713867 0.0515625 0.0664062 0.0148392
0 0.685547 0.728516 0.05 0.0605469 0.0148392
0 0.799219 0.153198 0.0234375 0.0302734 0.0145569
0 0.713281 0.748535 0.0765625 0.0839844 0.0144501
0 0.664844 0.763672 0.00625 0.015625 0.014389
0 0.384375 0.754883 0.0203125 0.0224609 0.0141754
0 0.624219 0.538574 0.0507812 0.0566406 0.0139542
0 0.592578 0.693359 0.0164062 0.0117188 0.0139542
0 0.633984 0.528809 0.0523437 0.0488281 0.0135345
0 0.34375 0.991211 0.0113281 0.00976562 0.0135345
0 0.992188 0.92334 0.009375 0.0136719 0.0134277
0 0.113379 0.818848 0.0177734 0.0283203 0.0132217
0 0.988281 0.889648 0.0125 0.0166016 0.0130692
0 0.703906 0.692871 0.0476562 0.0498047 0.012825
0 0.240234 0.983398 0.0132813 0.0214844 0.0125275
0 0.670703 0.867188 0.0109375 0.00878906 0.0124283
0 0.722266 0.685059 0.0929687 0.0732422 0.0124283
0 0.0203125 0.281494 0.015918 0.0185547 0.0116882
0 0.929688 0.306885 0.0109375 0.0117188 0.0113754
0 0.726562 0.739258 0.04375 0.0585938 0.0111618
0 0.684375 0.688477 0.0734375 0.0546875 0.0106964
0 0.759375 0.0228271 0.0125 0.0142822 0.0105667
0 0.682031 0.683105 0.0375 0.0283203 0.01017
0 0.684766 0.540039 0.0859375 0.115234 0.00997162
0 0.963281 0.987305 0.015625 0.0175781 0.00971222
0 0.504687 0.917969 0.0109375 0.0107422 0.00955963
0 0.540625 0.962891 0.009375 0.00976562 0.00955963
0 0.0193359 0.276855 0.0113281 0.0166016 0.00923157
0 0.626172 0.545898 0.078125 0.0849609 0.0091629
0 0.696094 0.715332 0.0445312 0.0498047 0.00912476
0 0.635547 0.548828 0.0453125 0.0537109 0.00878143
0 0.655078 0.635254 0.0101562 0.0126953 0.0086441
0 0.00756836 0.686523 0.0123047 0.0263672 0.0085144
0 0.717578 0.75 0.0289063 0.0449219 0.00847626
0 0.796094 0.154907 0.0203125 0.0222168 0.00831604
0 0.15415 0.93042 0.019043 0.0239258 0.00818634
0 0.749609 0.952148 0.0132813 0.0136719 0.00803375
0 0.208398 0.981445 0.0179687 0.0136719 0.00800323
0 0.673047 0.712891 0.0453125 0.0546875 0.00790405
0 0.810938 0.151001 0.0171875 0.0256348 0.00787354
0 0.6875 0.739258 0.0414063 0.0585938 0.00787354
0 0.0576172 0.803223 0.0117188 0.0107422 0.0078125
0 0.20625 0.984375 0.0246094 0.015625 0.0078125
0 0.723047 0.732422 0.0617188 0.0712891 0.00772476
0 0.400391 0.991211 0.0117188 0.0175781 0.00717545
0 0.240039 0.983398 0.0191406 0.0195312 0.00712204
0 0.990625 0.891602 0.009375 0.0126953 0.0069313
0 0.0217285 0.915527 0.0123047 0.0117188 0.0068512
0 0.979688 0.945557 0.0203125 0.0268555 0.00679779
0 0.8 0.142578 0.0171875 0.0219727 0.00669098
0 0.724609 0.730469 0.0367187 0.0371094 0.00669098
0 0.245508 0.808594 0.0132813 0.0078125 0.00669098
0 0.555859 0.0535889 0.0109375 0.0172119 0.00658798
0 0.282422 0.034668 0.0128906 0.0115967 0.00656509
0 0.396875 0.989746 0.01875 0.0205078 0.00656509
0 0.215039 0.984375 0.0152344 0.0117188 0.0064888
0 0.553906 0.970703 0.0226563 0.0214844 0.0064888
0 0.627734 0.716309 0.009375 0.0126953 0.0064621
0 0.74375 0.664551 0.021875 0.0185547 0.00643921
0 0.629687 0.883301 0.0210938 0.0195312 0.00643921
0 0.207031 0.983398 0.0390625 0.0234375 0.00643921
0 0.91875 0.858398 0.0140625 0.0136719 0.00636292
0 0.174414 0.437378 0.0136719 0.0109863 0.00629044
0 0.747266 0.726562 0.0320312 0.0537109 0.00629044
0 0.707031 0.718262 0.0351562 0.0263672 0.00621796
0 0.421875 0.955078 0.0140625 0.0117188 0.00614548
0 0.0112305 0.648926 0.0139648 0.0195312 0.00612259
0 0.207617 0.668457 0.0136719 0.0107422 0.00572968
0 0.0301758 0.98877 0.0217773 0.0224609 0.00572968
0 0.557422 0.96875 0.0148437 0.0117188 0.00564194
0 0.675 0.530273 0.053125 0.0556641 0.00559998
0 0.514844 0.982422 0.015625 0.0136719 0.0055542
0 0.535156 0.226318 0.0132813 0.0131836 0.00553513
0 0.645703 0.691406 0.0078125 0.0136719 0.00551224
0 0.335742 0.991211 0.00976562 0.00976562 0.00551224
0 0.917188 0.86084 0.025 0.03125 0.00542831
0 0.978125 0.557617 0.009375 0.0117188 0.00538635
0 0.426953 0.957031 0.0148437 0.0117188 0.00538635
0 0.714063 0.692383 0.0414063 0.0371094 0.00530243
0 0.734375 0.789551 0.0179687 0.0166016 0.00526047
0 0.635938 0.0742188 0.0132813 0.0141602 0.00521851
0 0.744141 0.658691 0.0148437 0.00976562 0.00518036
0 0.0205078 0.280029 0.0228516 0.0249023 0.00516129
0 0.752344 0.733398 0.0171875 0.0292969 0.0051384
0 0.142188 0.882324 0.0130859 0.0175781 0.0051384
0 0.471484 0.963867 0.0109375 0.00976562 0.00508118
0 0.271094 0.0363159 0.0144531 0.0129395 0.00492477
0 0.140039 0.914551 0.0160156 0.0224609 0.0049057
0 0.610937 0.534668 0.0570313 0.0566406 0.00482941
0 0.217383 0.982422 0.015625 0.0136719 0.00471878
0 0.747852 0.683105 0.0199219 0.0371094 0.00466537
0 0.152734 0.714844 0.0230469 0.0117188 0.00460815
0 0.647266 0.54834 0.0515625 0.0585938 0.00457382
0 0.0129883 0.83252 0.00761719 0.0166016 0.00446701
0 0.113184 0.816895 0.0248047 0.0361328 0.00439835
0 0.73125 0.75 0.0140625 0.0224609 0.00438309
0 0.810156 0.709961 0.0109375 0.0166016 0.00436401
0 0.00771484 0.686035 0.0154297 0.0195312 0.00432968
0 0.747656 0.692871 0.01875 0.0400391 0.00429916
0 0.288867 0.754883 0.0183594 0.0117188 0.00426483
0 0.526563 0.709961 0.0109375 0.00976562 0.00413513
0 0.969531 0.923828 0.0125 0.0078125 0.00400543
0 0.436328 0.787109 0.00859375 0.00976562 0.00399017
0 0.664062 0.708984 0.0570313 0.078125 0.0039444
0 0.685156 0.540039 0.0515625 0.0625 0.00388527
0 0.673828 0.697266 0.0414063 0.0458984 0.00388527
0 0.642969 0.77002 0.0125 0.0136719 0.00388527
0 0.0947266 0.0596924 0.0171875 0.0166016 0.00385475
0 0.234375 0.985352 0.00976562 0.00976562 0.00385475
0 0.147266 0.715332 0.0179687 0.0126953 0.00382423
0 0.99375 0.942139 0.0078125 0.0141602 0.00380898
0 0.639844 0.0742188 0.0179687 0.0131836 0.00379562
0 0.294336 0.410889 0.0109375 0.00927734 0.00374985
0 0.672656 0.72168 0.0359375 0.0507812 0.00374985
0 0.988281 0.197021 0.0109375 0.0107422 0.0037365
0 0.688281 0.753906 0.078125 0.100586 0.00370789
0 0.624219 0.121582 0.015625 0.0136719 0.00369263
0 0.258398 0.870605 0.0148437 0.00976562 0.00367928
0 0.741797 0.66748 0.0398437 0.0332031 0.00362206
0 0.420703 0.812988 0.0117188 0.00976562 0.00355148
0 0.169531 0.897461 0.0210938 0.0195312 0.00353813
0 0.703711 0.716797 0.0988281 0.0683594 0.00351143
0 0.0216797 0.372559 0.0128906 0.0102539 0.00342941
0 0.807031 0.130371 0.015625 0.0134277 0.00337601
0 0.609766 0.536621 0.03125 0.0361328 0.00337601
0 0.144971 0.719727 0.0264648 0.0214844 0.00336266
0 0.545703 0.97168 0.0132813 0.015625 0.00335121
0 0.232617 0.244385 0.0160156 0.0146484 0.00332451
0 0.283203 0.378662 0.0113281 0.00976562 0.00332451
0 0.623828 0.54834 0.0367187 0.0439453 0.00331116
0 0.00800781 0.68457 0.0160156 0.0341797 0.00331116
0 0.511328 0.978516 0.009375 0.0117188 0.00329781
0 0.626562 0.881836 0.0140625 0.0136719 0.00327301
0 0.594531 0.537598 0.00859375 0.0175781 0.00325966
0 0.724219 0.682617 0.05 0.0458984 0.00324821
0 0.6875 0.754395 0.0203125 0.0458984 0.00322342
0 0.0853516 0.837402 0.0109375 0.0166016 0.00314713
0 0.911719 0.864258 0.0109375 0.0126953 0.00314713
0 0.916406 0.782227 0.0109375 0.00878906 0.00309944
0 0.535156 0.693848 0.0101562 0.00976562 0.00307465
0 0.0194336 0.660645 0.015332 0.0302734 0.00302696
0 0.903125 0.116821 0.0140625 0.0134277 0.00301552
0 0.739453 0.73584 0.0117188 0.0341797 0.00293541
0 0.964063 0.983398 0.0125 0.0136719 0.00293541
0 0.936719 0.288574 0.0078125 0.0102539 0.00291252
0 0.113281 0.80957 0.0138672 0.0224609 0.00288963
0 0.244531 0.8125 0.0195312 0.015625 0.00288963
0 0.959375 0.988281 0.015625 0.0136719 0.00288963
0 0.920313 0.465332 0.009375 0.0107422 0.00287819
0 0.70625 0.672852 0.0273438 0.015625 0.00284576
0 0.382031 0.740234 0.009375 0.0136719 0.00284576
0 0.128223 0.912109 0.0130859 0.0136719 0.00282288
0 0.444141 0.67627 0.0132813 0.00976562 0.00275803
0 0.6625 0.708984 0.028125 0.0400391 0.00275803
0 0.171484 0.967773 0.0277344 0.0214844 0.00275803
0 0.514063 0.980469 0.0171875 0.0195312 0.00274658
0 0.0947266 0.0644836 0.0205078 0.0187378 0.00273705
0 0.17168 0.440796 0.0117188 0.0100098 0.00273705
0 0.658203 0.697266 0.0195312 0.0234375 0.00273705
0 0.728906 0.748535 0.0304688 0.046875 0.00273705
0 0.680469 0.781738 0.0078125 0.0117188 0.00269318
0 0.115527 0.911133 0.0152344 0.0146484 0.00266266
0 0.0231445 0.912109 0.0117188 0.0117188 0.00264168
0 0.0796875 0.82666 0.0144531 0.0146484 0.00263214
0 0.810938 0.150757 0.0296875 0.0395508 0.00259018
0 0.754492 0.731445 0.0316406 0.0537109 0.00259018
0 0.145361 0.718262 0.0393555 0.0322266 0.00257111
0 0.503516 0.919434 0.015625 0.0117188 0.00252151
0 0.972656 0.920898 0.0140625 0.00976562 0.00251198
0 0.671484 0.681641 0.028125 0.0175781 0.00248146
0 0.624219 0.529785 0.0835937 0.0595703 0.00247192
0 0.852344 0.636719 0.0140625 0.00878906 0.0024147
0 0.740234 0.789551 0.0171875 0.0146484 0.00237846
0 0.508203 0.984375 0.009375 0.00976562 0.00234985
0 0.800781 0.141968 0.040625 0.0505371 0.00234985
0 0.717578 0.71582 0.0289063 0.0185547 0.00234222
0 0.422266 0.812012 0.0109375 0.0117188 0.00234222
0 0.0818359 0.833984 0.0146484 0.0185547 0.00230598
0 0.759375 0.0223999 0.0203125 0.0227051 0.00230598
0 0.295703 0.177612 0.0109375 0.013916 0.00229645
0 0.623438 0.527344 0.0414063 0.0351562 0.00226974
0 0.724609 0.689453 0.0648438 0.0644531 0.00225258
0 0.628125 0.606445 0.0132813 0.0117188 0.00223351
0 0.213672 0.667969 0.0140625 0.00976562 0.00223351
0 0.207617 0.979492 0.0492188 0.0332031 0.00223351
0 0.627344 0.887207 0.0234375 0.0214844 0.00222588
0 0.0100098 0.657227 0.0148437 0.0273438 0.00219917
0 0.140527 0.913086 0.0232422 0.0234375 0.00219917
0 0.169922 0.924316 0.0222656 0.0214844 0.00216484
0 0.496875 0.0392456 0.0132813 0.0183105 0.00212479
0 0.417578 0.951172 0.0132813 0.00976562 0.00211525
0 0.978906 0.953125 0.0140625 0.0117188 0.00211525
0 0.208789 0.149048 0.0113281 0.0168457 0.00209999
0 0.184766 0.961914 0.0136719 0.0195312 0.00204277
0 0.764844 0.724609 0.0109375 0.0195312 0.00201988
0 0.541016 0.639648 0.015625 0.0107422 0.00200272
0 0.665625 0.765137 0.0109375 0.0273438 0.00200272
0 0.858594 0.661621 0.0125 0.0117188 0.00198746
0 0.682031 0.61084 0.0140625 0.0126953 0.00197983
0 0.0409668 0.00457764 0.0131836 0.00915527 0.0019722
0 0.686328 0.771484 0.00625 0.0224609 0.0019722
0 0.7375 0.754395 0.0078125 0.0166016 0.00195694
0 0.990625 0.923828 0.01875 0.0292969 0.00195694
0 0.746875 0.705566 0.0203125 0.0332031 0.00194931
0 0.466797 0.817871 0.0140625 0.0107422 0.00193405
0 0.0243164 0.991211 0.0173828 0.0175781 0.00193405
0 0.0950195 0.0625 0.0255859 0.0327148 0.00189686
0 0.807813 0.179504 0.0125 0.0174561 0.00186729
0 0.284766 0.754395 0.0140625 0.00878906 0.00186729
0 0.0679687 0.834473 0.0177734 0.0195312 0.00186729
0 0.396484 0.945312 0.0125 0.00976562 0.00185299
0 0.992578 0.97168 0.0148437 0.0273438 0.00185299
0 0.0114014 0.655762 0.0228027 0.0400391 0.00184631
0 0.102344 0.0587769 0.0173828 0.0145264 0.00182438
0 0.591797 0.692383 0.0265625 0.0224609 0.00182438
0 0.705469 0.674805 0.065625 0.0322266 0.00181007
0 0.734375 0.789551 0.040625 0.0283203 0.0018034
0 0.603125 0.527832 0.0171875 0.0166016 0.00178242
0 0.174609 0.925293 0.0128906 0.0107422 0.00178242
0 0.255078 0.874512 0.0214844 0.0146484 0.00176811
0 0.343652 0.741699 0.0142578 0.00878906 0.00174809
0 0.20625 0.674805 0.0203125 0.0195312 0.00174141
0 0.539453 0.642578 0.01875 0.015625 0.0017271
0 0.748047 0.682129 0.0382813 0.0722656 0.00170708
0 0.059668 0.801758 0.0128906 0.0126953 0.0017004
0 0.898438 0.724121 0.0078125 0.00976562 0.00168705
0 0.19375 0.975586 0.0140625 0.0175781 0.00168705
0 0.214062 0.983398 0.0332031 0.0175781 0.0016613
0 0.896094 0.660645 0.0140625 0.0146484 0.0016489
0 0.716797 0.67041 0.0304688 0.0214844 0.00162888
0 0.715625 0.674805 0.071875 0.0429688 0.00162315
0 0.975781 0.920898 0.025 0.0263672 0.0015974
0 0.513672 0.979492 0.0226563 0.0234375 0.0015974
