0 0.953125 0.491211 0.0703125 0.0751953 0.89502
0 0.255664 0.453247 0.0464844 0.0681152 0.84375
0 0.596094 0.129761 0.0375 0.0307617 0.796875
0 0.639844 0.267334 0.0539063 0.0380859 0.778809
0 0.0390625 0.307373 0.0396484 0.0268555 0.747559
0 0.474609 0.135864 0.0328125 0.0302734 0.733887
0 0.608594 0.0743408 0.0117188 0.0229492 0.291748
0 0.289453 0.556641 0.0140625 0.0126953 0.230225
0 0.878906 0.758789 0.0265625 0.0234375 0.226807
0 0.607031 0.07547 0.0164062 0.027771 0.149048
0 0.267383 0.553711 0.0113281 0.015625 0.144165
0 0.632422 0.0784912 0.0171875 0.0131836 0.124207
0 0.877344 0.760254 0.0296875 0.0361328 0.119629
0 0.646875 0.270996 0.046875 0.0380859 0.108215
0 0.154297 0.794434 0.00898437 0.0117188 0.105225
0 0.635156 0.266846 0.0398437 0.0297852 0.0994873
0 0.496094 0.0975342 0.0148437 0.0224609 0.0984497
0 0.450781 0.682129 0.00859375 0.015625 0.0974121
0 0.362109 0.991211 0.009375 0.0136719 0.0894775
0 0.858594 0.875488 0.01875 0.0136719 0.088501
0 0.6875 0.0550537 0.0140625 0.0344238 0.0734253
0 0.955469 0.498535 0.053125 0.0546875 0.0643921
0 0.632812 0.0783691 0.0101562 0.0112305 0.062561
0 0.715625 0.0664368 0.0101562 0.0194702 0.0587769
0 0.626562 0.506348 0.0125 0.0126953 0.0587769
0 0.262109 0.457153 0.0378906 0.0563965 0.0585632
0 0.822656 0.398926 0.0140625 0.0131836 0.058136
0 0.494531 0.0961914 0.021875 0.0307617 0.0560303
0 0.0346436 0.311035 0.038916 0.0273438 0.0549927
0 0.103711 0.604492 0.0125 0.0126953 0.0538025
0 0.633594 0.0784912 0.0234375 0.0178223 0.0512695
0 0.379297 0.0982666 0.00859375 0.0192871 0.0446777
0 0.832812 0.0516357 0.0125 0.0159912 0.0437012
0 0.289062 0.557129 0.0191406 0.0185547 0.0437012
0 0.85625 0.875 0.028125 0.0205078 0.0384521
0 0.589453 0.130859 0.0375 0.0339355 0.0377502
0 0.581641 0.0842285 0.0101562 0.0205078 0.0375977
0 0.708984 0.743652 0.0117188 0.0107422 0.036499
0 0.6875 0.0550842 0.0101562 0.0245972 0.0321045
0 0.250586 0.46228 0.0359375 0.0539551 0.0321045
0 0.771094 0.401123 0.0109375 0.015625 0.0304413
0 0.0478027 0.306641 0.0268555 0.0249023 0.0294189
0 0.283789 0.555176 0.0113281 0.0136719 0.0293121
0 0.688672 0.0549316 0.0195312 0.0397949 0.0290833
0 0.767969 0.0590515 0.0109375 0.0176392 0.0276947
0 0.644922 0.0751953 0.015625 0.0114746 0.0271759
0 0.250391 0.450195 0.0386719 0.0429688 0.0255585
0 0.31543 0.356445 0.0148437 0.027832 0.0243378
0 0.760938 0.489746 0.0171875 0.0136719 0.0243378
0 0.474219 0.0992432 0.0109375 0.0185547 0.0238647
0 0.641406 0.078125 0.021875 0.0151367 0.0230713
0 0.277344 0.589355 0.00976562 0.0136719 0.0227966
0 0.496484 0.847656 0.015625 0.0117188 0.0225372
0 0.95 0.481445 0.053125 0.0615234 0.0223694
0 0.720312 0.924316 0.0179687 0.0126953 0.0222015
0 0.211133 0.711914 0.0144531 0.0126953 0.0218658
0 0.650391 0.265381 0.028125 0.0239258 0.0216217
0 0.266211 0.554688 0.0167969 0.0214844 0.0213623
0 0.599609 0.126465 0.021875 0.0187988 0.0197906
0 0.260156 0.557617 0.0117188 0.0117188 0.0179901
0 0.714063 0.059082 0.0132813 0.0317383 0.0173035
0 0.402734 0.102539 0.0132813 0.0180664 0.0171051
0 0.606641 0.930664 0.0109375 0.00976562 0.0166626
0 0.767187 0.0637207 0.0125 0.0180664 0.0164032
0 0.705078 0.901367 0.0101562 0.0117188 0.0159607
0 0.821875 0.398682 0.021875 0.0209961 0.0159607
0 0.872656 0.766602 0.025 0.0234375 0.0149536
0 0.810938 0.275879 0.0125 0.0131836 0.0148392
0 0.3625 0.990723 0.0125 0.0185547 0.0147324
0 0.874219 0.765137 0.0328125 0.0361328 0.0146713
0 0.715625 0.0638123 0.01875 0.0296021 0.0145569
0 0.795313 0.985352 0.009375 0.0078125 0.0142822
0 0.345605 0.895508 0.0189453 0.0136719 0.014061
0 0.544922 0.726074 0.0195312 0.0166016 0.0137405
0 0.154736 0.79541 0.0131836 0.0195312 0.0136871
0 0.960156 0.497559 0.0515625 0.0732422 0.0134811
0 0.744531 0.0646667 0.0140625 0.0198364 0.0127258
0 0.290625 0.560547 0.0171875 0.015625 0.0124817
0 0.651563 0.0743408 0.015625 0.0107422 0.0123825
0 0.689062 0.0549316 0.0257812 0.0488281 0.0123825
0 0.68125 0.0671387 0.0078125 0.015625 0.0123367
0 0.641406 0.0770264 0.0382813 0.0224609 0.0122375
0 0.852344 0.350098 0.0109375 0.012207 0.0120544
0 0.254687 0.181763 0.0105469 0.0129395 0.0115967
0 0.579687 0.0823975 0.015625 0.029541 0.0111618
0 0.9625 0.481934 0.046875 0.0449219 0.0109863
0 0.270508 0.800293 0.0148437 0.0107422 0.0109482
0 0.659375 0.271973 0.0125 0.0195312 0.0108185
0 0.0471436 0.308594 0.0422363 0.0351562 0.0107803
0 0.605859 0.0311279 0.0117188 0.0178223 0.0104904
0 0.78125 0.279541 0.015625 0.0161133 0.0104904
0 0.955469 0.980469 0.0171875 0.0136719 0.0104065
0 0.760938 0.490723 0.0203125 0.0214844 0.0103302
0 0.379687 0.09729 0.0117188 0.0300293 0.00993347
0 0.655859 0.446289 0.0125 0.015625 0.00963593
0 0.742969 0.0561523 0.0203125 0.029541 0.00948334
0 0.670313 0.0742188 0.0109375 0.0126953 0.00948334
0 0.00595703 0.462402 0.00654297 0.0117188 0.00941467
0 0.832031 0.0495911 0.0203125 0.0280151 0.00933838
0 0.685547 0.458008 0.01875 0.0166016 0.00926971
0 0.246484 0.467773 0.03125 0.0498047 0.00919342
0 0.0230957 0.412109 0.00859375 0.0126953 0.00905609
0 0.950781 0.502441 0.0390625 0.0439453 0.00898743
0 0.832812 0.301025 0.0109375 0.0117188 0.00861359
0 0.451562 0.683594 0.0117188 0.0214844 0.00857544
0 0.104102 0.604492 0.0173828 0.0205078 0.0085144
0 0.00507812 0.538086 0.00859375 0.0146484 0.00844574
0 0.0109375 0.520996 0.00625 0.0126953 0.00837708
0 0.442969 0.544434 0.0140625 0.0126953 0.00831604
0 0.836719 0.0489502 0.0125 0.0178223 0.008255
0 0.245898 0.470703 0.01875 0.0332031 0.00821686
0 0.886719 0.010498 0.009375 0.0200195 0.00818634
0 0.642969 0.276855 0.0601562 0.0498047 0.00803375
0 0.585938 0.0841064 0.0109375 0.0175781 0.00800323
0 0.796094 0.37793 0.0125 0.015625 0.00790405
0 0.969531 0.516602 0.015625 0.0205078 0.00784302
0 0.628125 0.507324 0.0164062 0.0234375 0.0078125
0 0.708203 0.745117 0.01875 0.0175781 0.00775528
0 0.630859 0.213135 0.0117188 0.0146484 0.00769424
0 0.746289 0.283691 0.0105469 0.0117188 0.00769424
0 0.860156 0.873047 0.0125 0.0117188 0.00763702
0 0.780469 0.282227 0.021875 0.0180664 0.00760651
0 0.710547 0.0587158 0.0125 0.0227051 0.00757599
0 0.770312 0.400635 0.0171875 0.0307617 0.00754929
0 0.76875 0.405273 0.015625 0.0175781 0.00734711
0 0.31543 0.356934 0.0195312 0.0463867 0.00734711
0 0.153955 0.793457 0.0194336 0.0214844 0.00734711
0 0.963281 0.500488 0.034375 0.0498047 0.00723267
0 0.816406 0.462891 0.0203125 0.015625 0.00701141
0 0.957031 0.0178833 0.0109375 0.0126953 0.00695801
0 0.544141 0.727539 0.0335938 0.0253906 0.0069046
0 0.255273 0.464722 0.0613281 0.0725098 0.0069046
0 0.613281 0.0799561 0.0109375 0.0163574 0.0068512
0 0.892187 0.0508423 0.009375 0.0183105 0.00677109
0 0.715234 0.0644531 0.0273438 0.0322266 0.00669098
0 0.704687 0.0646667 0.0109375 0.0195923 0.00653839
0 0.585547 0.123413 0.0132813 0.013916 0.00638962
0 0.687109 0.0478516 0.009375 0.020874 0.00629044
0 0.143262 0.580566 0.0107422 0.00976562 0.00624084
0 0.305664 0.555176 0.00820312 0.0107422 0.00609589
0 0.470703 0.0977783 0.0125 0.0183105 0.00602722
0 0.291211 0.55957 0.0328125 0.0224609 0.00600433
0 0.559766 0.755859 0.0179687 0.0166016 0.00582123
0 0.599609 0.125854 0.0328125 0.0288086 0.00582123
0 0.256445 0.438843 0.0296875 0.0256348 0.00564194
0 0.356641 0.739258 0.0203125 0.0185547 0.00559998
0 0.563281 0.755371 0.0179687 0.0126953 0.00559998
0 0.256055 0.466309 0.0265625 0.0488281 0.0055542
0 0.578516 0.0825195 0.0242187 0.0341797 0.00547028
0 0.316797 0.356445 0.0316406 0.0595703 0.00547028
0 0.879687 0.751953 0.0234375 0.03125 0.00544739
0 0.639453 0.714844 0.0148437 0.0117188 0.00538635
0 0.721094 0.92334 0.0257812 0.0185547 0.00534439
0 0.741016 0.0535889 0.0351562 0.050293 0.0053215
0 0.783594 0.0407715 0.0109375 0.020752 0.00521851
0 0.742773 0.0614319 0.0269531 0.0348511 0.00518036
0 0.486328 0.143799 0.0125 0.0209961 0.0051384
0 0.76875 0.0595703 0.01875 0.0388184 0.0051384
0 0.458984 0.880371 0.0117188 0.00878906 0.00502014
0 0.714844 0.0594177 0.0226563 0.0447388 0.00502014
0 0.0105469 0.831543 0.0108398 0.0107422 0.00500107
0 0.890625 0.0250244 0.0109375 0.0395508 0.0049057
0 0.350391 0.894531 0.0179687 0.0126953 0.0049057
0 0.953125 0.982422 0.0203125 0.015625 0.00482941
0 0.764063 0.961914 0.0125 0.0136719 0.00475693
0 0.379297 0.097168 0.0210938 0.0324707 0.00475693
0 0.282031 0.557617 0.021875 0.0234375 0.00460815
0 0.780469 0.28125 0.0328125 0.0249023 0.00457382
0 0.592188 0.136597 0.0367187 0.0300293 0.00443268
0 0.346191 0.895508 0.0310547 0.015625 0.00443268
0 0.96875 0.51416 0.0203125 0.0253906 0.00439835
0 0.925 0.462891 0.009375 0.0136719 0.00436401
0 0.741602 0.0550537 0.0464844 0.0617676 0.00436401
0 0.403516 0.105713 0.0117188 0.0126953 0.00432968
0 0.0331543 0.434204 0.0102539 0.0114746 0.00428009
0 0.835156 0.0463257 0.0125 0.0168457 0.0042305
0 0.45625 0.0992432 0.0132813 0.0170898 0.00421524
0 0.940625 0.490234 0.0484375 0.0810547 0.0041008
0 0.935156 0.897949 0.01875 0.0146484 0.00403976
0 0.763086 0.489746 0.0285156 0.0253906 0.00403976
0 0.471094 0.532227 0.0117188 0.0126953 0.00400543
0 0.363281 0.989258 0.021875 0.0214844 0.00400543
0 0.607031 0.0227661 0.00859375 0.0227051 0.00391388
0 0.728906 0.4021 0.0164062 0.0146484 0.00391388
0 0.180078 0.791992 0.0117188 0.0126953 0.00390053
0 0.0524414 0.599121 0.0130859 0.0107422 0.00387001
0 0.880469 0.969727 0.021875 0.015625 0.00385475
0 0.496094 0.848633 0.0234375 0.0175781 0.00385475
0 0.945312 0.050293 0.0125 0.0136719 0.00379562
0 0.728516 0.0651855 0.0109375 0.0183105 0.00379562
0 0.805469 0.260986 0.0203125 0.0234375 0.00379562
0 0.173584 0.649902 0.0583008 0.0439453 0.00379562
0 0.878906 0.752441 0.028125 0.0556641 0.00376511
0 0.743359 0.701172 0.0195312 0.0195312 0.00374985
0 0.23125 0.741699 0.0175781 0.0117188 0.0037365
0 0.484766 0.135498 0.0132813 0.0246582 0.00372124
0 0.255273 0.439941 0.0503906 0.0712891 0.00370789
0 0.86875 0.0511475 0.015625 0.0130615 0.00362206
0 0.599609 0.125977 0.0492188 0.0407715 0.00362206
0 0.449219 0.680664 0.009375 0.0146484 0.00359344
0 0.450391 0.682129 0.0179687 0.0234375 0.00359344
0 0.223047 0.740234 0.0125 0.0117188 0.00356483
0 0.735547 0.659668 0.01875 0.0175781 0.00351143
0 0.767969 0.404297 0.01875 0.0288086 0.00345612
0 0.685156 0.457031 0.0265625 0.0253906 0.00342941
0 0.396484 0.0997314 0.0117188 0.0183105 0.00340271
0 0.0260742 0.307373 0.0126953 0.0146484 0.00340271
0 0.258203 0.557617 0.0242187 0.0263672 0.00340271
0 0.475391 0.0970459 0.0179687 0.0288086 0.00337601
0 0.960156 0.428955 0.0125 0.0166016 0.00336266
0 0.908594 0.0529785 0.0109375 0.0163574 0.00335121
0 0.825781 0.397949 0.034375 0.0268555 0.00332451
0 0.861719 0.34668 0.009375 0.0117188 0.00327301
0 0.772656 0.400146 0.0125 0.019043 0.00327301
0 0.721094 0.921875 0.0140625 0.0136719 0.00327301
0 0.84375 0.0454102 0.0140625 0.0129395 0.00324821
0 0.557031 0.503418 0.0148437 0.0117188 0.00324821
0 0.604688 0.00915527 0.0109375 0.0183105 0.00319672
0 0.610156 0.074585 0.01875 0.0322266 0.00318527
0 0.439453 0.0982666 0.0117188 0.0175781 0.00314713
0 0.796875 0.0392456 0.0109375 0.0286865 0.00311089
0 0.883594 0.755371 0.015625 0.0214844 0.00311089
0 0.798437 0.381348 0.0125 0.0175781 0.00309944
0 0.817187 0.549316 0.0109375 0.0126953 0.00309944
0 0.121582 0.791992 0.0289063 0.0244141 0.00309944
0 0.560156 0.757324 0.0375 0.0244141 0.00309944
0 0.222461 0.572754 0.0125 0.0117188 0.0030632
0 0.875781 0.052124 0.0109375 0.0167236 0.00300407
0 0.797656 0.260742 0.015625 0.0219727 0.00299263
0 0.609375 0.134033 0.0125 0.0205078 0.0029583
0 0.730469 0.410645 0.0234375 0.0283203 0.00293541
0 0.939844 0.898926 0.025 0.015625 0.00293541
0 0.736328 0.699707 0.0148437 0.0175781 0.00292397
0 0.00664063 0.973633 0.0109375 0.015625 0.00291252
0 0.554688 0.0949707 0.0125 0.013916 0.00288963
0 0.878906 0.750488 0.04375 0.0664062 0.00283432
0 0.723828 0.925781 0.01875 0.0136719 0.00279999
0 0.128467 0.789551 0.0438477 0.0429688 0.00277901
0 0.480469 0.533691 0.0148437 0.0146484 0.00276756
0 0.642578 0.278564 0.034375 0.0375977 0.00273705
0 0.606641 0.029541 0.0132813 0.0273438 0.00273705
0 0.356348 0.739258 0.0318359 0.03125 0.00273705
0 0.969531 0.0575562 0.0203125 0.0123291 0.00270462
0 0.102637 0.607422 0.0220703 0.015625 0.00270462
0 0.212109 0.713379 0.021875 0.0263672 0.00270462
0 0.979688 0.317383 0.015625 0.012207 0.00269318
0 0.378906 0.0916748 0.00859375 0.0285645 0.0026722
0 0.692578 0.0643311 0.0101562 0.0256348 0.00264168
0 0.264062 0.434814 0.021875 0.0209961 0.0026207
0 0.782812 0.980469 0.0109375 0.00976562 0.00261116
0 0.0508789 0.314209 0.0214844 0.0239258 0.00260162
0 0.914844 0.0542603 0.0140625 0.0158691 0.00258064
0 0.892969 0.0409546 0.009375 0.0325928 0.00257111
0 0.925781 0.400879 0.0125 0.0131836 0.00256157
0 0.967188 0.514648 0.034375 0.0351562 0.00255013
0 0.626172 0.270752 0.0171875 0.0263672 0.00253105
0 0.639844 0.209961 0.0164062 0.0166016 0.00252151
0 0.714453 0.0586853 0.034375 0.0515747 0.00251198
0 0.278516 0.590332 0.0175781 0.0302734 0.0024929
0 0.953125 0.982422 0.0296875 0.0253906 0.00245285
0 0.655859 0.445312 0.0195312 0.03125 0.00244331
0 0.130273 0.789551 0.0304688 0.0234375 0.00243378
0 0.851562 0.338135 0.0078125 0.019043 0.0024147
0 0.964063 0.42749 0.0125 0.0175781 0.00239754
0 0.743164 0.0452881 0.0230469 0.0371094 0.00237846
0 0.817187 0.461426 0.025 0.0292969 0.00236893
0 0.627734 0.271484 0.0304688 0.0385742 0.00235939
0 0.666406 0.0793457 0.0265625 0.0141602 0.00234985
0 0.0957031 0.601074 0.0115234 0.0136719 0.00234985
0 0.890625 0.0283813 0.015625 0.0567627 0.00234222
0 0.12002 0.792969 0.0525391 0.0498047 0.00232315
0 0.728906 0.411133 0.0351562 0.0444336 0.00230598
0 0.858594 0.0524902 0.015625 0.0137939 0.00229645
0 0.796094 0.271973 0.0203125 0.0205078 0.00229645
0 0.236914 0.474121 0.0078125 0.0214844 0.00229645
0 0.143066 0.777832 0.0193359 0.015625 0.00229645
0 0.813281 0.0534973 0.009375 0.0194702 0.00223351
0 0.549219 0.725586 0.021875 0.0175781 0.00223351
0 0.514844 0.0970459 0.00703125 0.019043 0.00219917
0 0.932031 0.46582 0.025 0.0146484 0.00219917
0 0.880469 0.966797 0.0171875 0.0117188 0.00219154
0 0.680078 0.0664062 0.0203125 0.0310059 0.00219154
0 0.795313 0.379395 0.025 0.0327148 0.00216484
0 0.767969 0.404053 0.028125 0.0307617 0.00214958
0 0.460938 0.879883 0.0117188 0.0117188 0.00214005
0 0.467187 0.0963135 0.021875 0.0361328 0.00213242
0 0.0435303 0.301025 0.0262207 0.0166016 0.00211525
0 0.767969 0.0579529 0.0296875 0.0454712 0.00210762
0 0.779688 0.380859 0.0078125 0.0170898 0.00208282
0 0.804688 0.26123 0.03125 0.0463867 0.00208282
0 0.530469 0.0966797 0.0148437 0.0180664 0.0020752
0 0.978125 0.056488 0.01875 0.0164185 0.0020504
0 0.227148 0.571289 0.0117188 0.0126953 0.0020504
0 0.220703 0.578125 0.0175781 0.0146484 0.00203514
0 0.403125 0.0985107 0.021875 0.029541 0.00203514
0 0.479297 0.504395 0.0101562 0.0107422 0.00201035
0 0.203516 0.710449 0.046875 0.0527344 0.00200272
0 0.499609 0.00958252 0.0125 0.0115967 0.00198746
0 0.721484 0.415283 0.0242187 0.0302734 0.0019722
0 0.842188 0.747559 0.0203125 0.015625 0.0019722
