0 0.0351807 0.131836 0.063623 0.0493164 0.844727
0 0.648828 0.192383 0.0867188 0.0610352 0.831055
0 0.96875 0.707031 0.053125 0.111328 0.778809
0 0.821875 0.0115356 0.0265625 0.0230713 0.679199
0 0.652734 0.268066 0.0804688 0.0668945 0.629883
0 0.507812 0.721191 0.059375 0.101562 0.565918
0 0.502344 0.65625 0.0546875 0.0878906 0.541016
0 0.498828 0.70752 0.0648438 0.106445 0.324219
0 0.648438 0.19635 0.0625 0.0706787 0.244385
0 0.655078 0.270752 0.0539063 0.0576172 0.226074
0 0.498828 0.651855 0.0460938 0.0595703 0.158691
0 0.646875 0.26416 0.0570313 0.0634766 0.147583
0 0.194727 0.54248 0.0167969 0.0166016 0.126343
0 0.644531 0.187561 0.0539063 0.0487061 0.115967
0 0.031543 0.126587 0.0490234 0.0368652 0.107788
0 0.961719 0.721191 0.065625 0.112305 0.104126
0 0.660937 0.82959 0.0101562 0.0126953 0.10376
0 0.49375 0.698242 0.0484375 0.0595703 0.0872803
0 0.488672 0.691895 0.04375 0.0498047 0.069519
0 0.497266 0.708496 0.0507812 0.0771484 0.0653687
0 0.482812 0.685547 0.0203125 0.0263672 0.0572815
0 0.193359 0.542969 0.0246094 0.0234375 0.0470886
0 0.00878906 0.46582 0.0150391 0.0166016 0.0451965
0 0.483984 0.686523 0.03125 0.0429688 0.0405273
0 0.181445 0.472656 0.0183594 0.0146484 0.0381775
0 0.513281 0.715332 0.0460938 0.0673828 0.0370483
0 0.963281 0.714355 0.05 0.0654297 0.0358276
0 0.660547 0.830566 0.0140625 0.0175781 0.0337219
0 0.479688 0.648438 0.0109375 0.0224609 0.0314941
0 0.0535156 0.143433 0.0255859 0.0290527 0.0304413
0 0.192383 0.544922 0.0308594 0.0292969 0.0304413
0 0.789062 0.955078 0.009375 0.0117188 0.0298767
0 0.0315918 0.598145 0.0139648 0.0146484 0.0294189
0 0.0523193 0.140503 0.0340332 0.0317383 0.0289764
0 0.0322266 0.137451 0.0455078 0.0444336 0.0281067
0 0.486328 0.692871 0.0351562 0.0380859 0.0275879
0 0.985937 0.474609 0.0125 0.0126953 0.0273743
0 0.0108154 0.46582 0.0216309 0.0283203 0.0256653
0 0.803125 0.916992 0.0125 0.0117188 0.0255585
0 0.960938 0.726074 0.046875 0.0654297 0.024231
0 0.511328 0.662598 0.0328125 0.0595703 0.0235138
0 0.944531 0.741699 0.021875 0.0537109 0.0228882
0 0.00224609 0.178833 0.00449219 0.0131836 0.0218658
0 0.760938 0.848633 0.01875 0.015625 0.021698
0 0.491406 0.683105 0.0257812 0.0371094 0.0214539
0 0.04646 0.137085 0.0617676 0.0610352 0.0214539
0 0.944531 0.744141 0.0171875 0.0361328 0.0207214
0 0.040918 0.126587 0.0449219 0.0305176 0.0206451
0 0.720312 0.97168 0.0125 0.015625 0.0204163
0 0.660547 0.263672 0.0867188 0.0893555 0.0191193
0 0.814062 0.995605 0.009375 0.00878906 0.0189819
0 0.764063 0.176147 0.0109375 0.0168457 0.0179901
0 0.0184082 0.464355 0.0276367 0.0253906 0.0177155
0 0.608203 0.387695 0.0164062 0.0112305 0.0173035
0 0.495313 0.635742 0.0265625 0.0224609 0.0170441
0 0.819531 0.92334 0.0109375 0.0126953 0.016922
0 0.778906 0.922852 0.015625 0.0175781 0.0165253
0 0.789844 0.859375 0.0140625 0.0126953 0.0161591
0 0.9625 0.699707 0.040625 0.046875 0.0159607
0 0.785937 0.862793 0.0109375 0.0126953 0.0157776
0 0.181641 0.471191 0.0257812 0.0224609 0.0154266
0 0.0407227 0.13916 0.0445312 0.0510254 0.0153046
0 0.482031 0.648438 0.0210938 0.0390625 0.0153046
0 0.944531 0.741211 0.03125 0.0615234 0.0147858
0 0.611328 0.387451 0.0140625 0.0131836 0.0146179
0 0.802344 0.976562 0.009375 0.0117188 0.0145035
0 0.511328 0.651855 0.03125 0.046875 0.0144501
0 0.975 0.688477 0.05 0.0947266 0.0142822
0 0.647266 0.202637 0.0382813 0.050293 0.0141754
0 0.0480469 0.136108 0.0417969 0.0405273 0.014061
0 0.795313 0.706055 0.021875 0.0185547 0.0137405
0 0.509766 0.654297 0.0445312 0.0683594 0.0135345
0 0.636719 0.195862 0.0492188 0.0452881 0.0134811
0 0.820312 0.00759888 0.0203125 0.0151978 0.0131226
0 0.618359 0.246582 0.0125 0.0180664 0.0129242
0 0.777344 0.332764 0.0109375 0.0102539 0.0129242
0 0.657812 0.801758 0.0125 0.0146484 0.012825
0 0.820312 0.919922 0.0109375 0.0107422 0.012825
0 0.020459 0.466309 0.040918 0.0410156 0.0122375
0 0.942187 0.750488 0.0140625 0.0273438 0.012146
0 0.977344 0.683594 0.0390625 0.0546875 0.0118256
0 0.984375 0.473145 0.0140625 0.0117188 0.0117798
0 0.509375 0.733398 0.0429688 0.0625 0.0112457
0 0.644141 0.249023 0.0398437 0.0288086 0.0110703
0 0.645312 0.250977 0.0726563 0.0488281 0.0110703
0 0.246875 0.535645 0.0117188 0.0117188 0.0106125
0 0.564453 0.741211 0.0125 0.0117188 0.0104904
0 0.0247559 0.126465 0.0495117 0.048584 0.0104523
0 0.663281 0.262695 0.0460938 0.046875 0.0100098
0 0.972656 0.686523 0.0390625 0.0400391 0.0100098
0 0.729688 0.939697 0.0101562 0.00927734 0.00978088
0 0.607031 0.390137 0.0148437 0.0117188 0.00933838
0 0.495313 0.63916 0.0453125 0.0429688 0.00930023
0 0.491016 0.684082 0.0585938 0.0839844 0.00905609
0 0.00964355 0.469727 0.0192871 0.0234375 0.0088501
0 0.202344 0.606934 0.0113281 0.0107422 0.0088501
0 0.457812 0.58252 0.0117188 0.00976562 0.00878143
0 0.939844 0.202393 0.0140625 0.0151367 0.00844574
0 0.0168945 0.602539 0.0123047 0.0136719 0.00844574
0 0.169141 0.550781 0.00898437 0.0136719 0.00837708
0 0.660156 0.196289 0.0585938 0.0522461 0.00831604
0 0.6375 0.258057 0.0429688 0.046875 0.00809479
0 0.521484 0.727539 0.0414063 0.0761719 0.00763702
0 0.505469 0.668457 0.04375 0.0771484 0.00751877
0 0.794531 0.706055 0.0359375 0.0292969 0.00743103
0 0.654297 0.248291 0.0367187 0.0288086 0.00740433
0 0.94375 0.747559 0.0265625 0.0390625 0.00740433
0 0.678906 0.246582 0.0296875 0.0244141 0.00728989
0 0.607031 0.817383 0.0078125 0.0136719 0.00723267
0 0.185352 0.469238 0.0164062 0.0205078 0.00717545
0 0.678125 0.250244 0.0515625 0.0454102 0.00717545
0 0.0218262 0.124634 0.0335938 0.0236816 0.00706482
0 0.115234 0.962891 0.0117188 0.0234375 0.00698471
0 0.957031 0.734375 0.0578125 0.0771484 0.00682449
0 0.825781 0.0154419 0.0203125 0.0240479 0.00666809
0 0.825 0.0151062 0.028125 0.0302124 0.00664139
0 0.0405273 0.456543 0.0197266 0.0195312 0.00653839
0 0.559766 0.739258 0.0132813 0.015625 0.0064888
0 0.623438 0.251221 0.03125 0.0375977 0.00638962
0 0.0302246 0.597656 0.0234375 0.0273438 0.00638962
0 0.0607422 0.136963 0.0107422 0.0187988 0.00629044
0 0.0495117 0.600586 0.00917969 0.0126953 0.00624084
0 0.0794922 0.689453 0.0162109 0.0146484 0.00621796
0 0.719531 0.973633 0.0226563 0.0253906 0.006073
0 0.475 0.648438 0.00546875 0.015625 0.00595856
0 0.501172 0.722656 0.0367187 0.0634766 0.00588989
0 0.249023 0.534668 0.0113281 0.0107422 0.00577545
0 0.622266 0.197021 0.0140625 0.0244141 0.00561905
0 0.464453 0.281982 0.0101562 0.0117188 0.00559998
0 0.492969 0.628418 0.015625 0.0126953 0.00559998
0 0.506641 0.671387 0.0265625 0.0556641 0.00547028
0 0.960156 0.736816 0.0265625 0.0410156 0.00547028
0 0.975781 0.718262 0.0359375 0.0605469 0.00538635
0 0.665234 0.250244 0.0773437 0.0493164 0.00530243
0 0.522656 0.727051 0.0296875 0.0527344 0.00518036
0 0.518359 0.672852 0.0132813 0.03125 0.0051384
0 0.0322266 0.462891 0.0311523 0.0322266 0.00510025
0 0.635156 0.184082 0.0335938 0.0249023 0.00508118
0 0.0952148 0.905273 0.0128906 0.0146484 0.00498199
0 0.030957 0.464355 0.0527344 0.0507812 0.00498199
0 0.475781 0.689453 0.0109375 0.0205078 0.0049057
0 0.621484 0.252197 0.0179687 0.0297852 0.00486755
0 0.981641 0.694336 0.0367187 0.0878906 0.00468063
0 0.219922 0.57373 0.0105469 0.0126953 0.00460815
0 0.010498 0.626953 0.00791016 0.0136719 0.00457382
0 0.979688 0.894531 0.0125 0.0107422 0.00455475
0 0.80625 0.920898 0.0171875 0.0146484 0.00453949
0 0.825781 0.016571 0.040625 0.0331421 0.00450516
0 0.0322266 0.594238 0.0114258 0.015625 0.00446701
0 0.645703 0.279785 0.0546875 0.0654297 0.00446701
0 0.685547 0.245361 0.0132813 0.0253906 0.00439835
0 0.384375 0.597168 0.0117188 0.00976562 0.00438309
0 0.93125 0.616211 0.0109375 0.0117188 0.00426483
0 0.515625 0.671387 0.028125 0.0595703 0.00419998
0 0.821094 0.0133057 0.04375 0.0266113 0.00416565
0 0.113965 0.97168 0.0195312 0.0273438 0.00415039
0 0.798437 0.914062 0.0109375 0.0117188 0.0041008
0 0.778125 0.921875 0.0296875 0.0253906 0.00408554
0 0.0317383 0.473145 0.0326172 0.0400391 0.00405502
0 0.761133 0.849609 0.0246094 0.0224609 0.00399017
0 0.0427246 0.597656 0.0102539 0.0146484 0.00391388
0 0.605859 0.387939 0.025 0.0249023 0.00388527
0 0.666016 0.246338 0.0335938 0.0234375 0.00385475
0 0.648828 0.283691 0.0171875 0.0322266 0.00382423
0 0.989062 0.975586 0.01875 0.0234375 0.00379562
0 0.653516 0.202881 0.0445312 0.0356445 0.00367928
0 0.623438 0.195557 0.0304688 0.0473633 0.00365067
0 0.935156 0.203857 0.0109375 0.0117188 0.00362206
0 0.94375 0.235352 0.015625 0.0136719 0.00362206
0 0.0205566 0.47168 0.0330078 0.0341797 0.00362206
0 0.520703 0.802734 0.0109375 0.0175781 0.00358009
0 0.61875 0.248535 0.0210938 0.0327148 0.00352478
0 0.971094 0.733398 0.01875 0.0371094 0.00348282
0 0.0216309 0.570312 0.00996094 0.0136719 0.00345612
0 0.946875 0.233398 0.0109375 0.0151367 0.00329781
0 0.801562 0.917969 0.0234375 0.0224609 0.00327301
0 0.8 0.708496 0.021875 0.0205078 0.00324821
0 0.120703 0.362305 0.00917969 0.0102539 0.00319672
0 0.660937 0.824219 0.009375 0.0175781 0.00317192
0 0.618359 0.0858154 0.0148437 0.0131836 0.00312424
0 0.796094 0.258301 0.009375 0.00830078 0.00309944
0 0.854688 0.984375 0.0140625 0.015625 0.00309944
0 0.484375 0.65918 0.0109375 0.0371094 0.00307465
0 0.95 0.731445 0.01875 0.0498047 0.00302696
0 0.597266 0.412354 0.0125 0.0107422 0.0029583
0 0.517969 0.483887 0.0140625 0.0107422 0.0029583
0 0.633594 0.203369 0.0273438 0.0307617 0.00293541
0 0.85625 0.569824 0.0140625 0.00878906 0.00293541
0 0.946875 0.893555 0.0140625 0.0107422 0.00292397
0 0.758789 0.847656 0.0277344 0.0292969 0.00291252
0 0.785156 0.864258 0.01875 0.0244141 0.00288963
0 0.675781 0.255371 0.0523437 0.0776367 0.00287819
0 0.188281 0.463379 0.0121094 0.0175781 0.00283432
0 0.657812 0.280762 0.0335938 0.0356445 0.00281143
0 0.6 0.41333 0.0117188 0.015625 0.00279045
0 0.723437 0.943604 0.00703125 0.0131836 0.00279045
0 0.250586 0.36377 0.0125 0.0112305 0.00277901
0 0.70625 0.206055 0.0117188 0.015625 0.00275803
0 0.659766 0.803711 0.0101562 0.0146484 0.00275803
0 0.296484 0.365723 0.0121094 0.00878906 0.00274658
0 0.938281 0.751953 0.009375 0.0205078 0.00274658
0 0.660547 0.190186 0.0804688 0.0751953 0.00271416
0 0.619531 0.202637 0.0125 0.0244141 0.00269318
0 0.0629883 0.553711 0.00878906 0.0146484 0.00265312
0 0.657422 0.799316 0.0203125 0.0253906 0.00265312
0 0.676953 0.207764 0.0171875 0.0244141 0.00264168
0 0.499609 0.63916 0.0335938 0.0273438 0.00264168
0 0.789062 0.957031 0.0171875 0.0273438 0.00264168
0 0.855469 0.980469 0.0109375 0.0117188 0.00263214
0 0.662109 0.830566 0.0242187 0.0205078 0.00261116
0 0.113965 0.969727 0.0240234 0.0410156 0.00257111
0 0.0755859 0.896973 0.0105469 0.0166016 0.00255013
0 0.789844 0.858887 0.0203125 0.0214844 0.00255013
0 0.208203 0.469238 0.00976562 0.0117188 0.00253105
0 0.817969 0.923828 0.021875 0.0263672 0.00245285
0 0.15376 0.464355 0.0112305 0.0146484 0.00243378
0 0.477344 0.691406 0.0195312 0.0302734 0.00243378
0 0.796875 0.48877 0.0140625 0.0117188 0.00237846
0 0.0191895 0.688965 0.0161133 0.0146484 0.00237846
0 0.677734 0.25415 0.0289063 0.0405273 0.00232315
0 0.111426 0.976562 0.0101562 0.0195312 0.00232315
0 0.0393555 0.456543 0.0287109 0.0302734 0.00232315
0 0.878125 0.370605 0.0140625 0.012207 0.00231361
0 0.986719 0.476562 0.01875 0.0205078 0.00228691
0 0.644141 0.115234 0.0226563 0.0334473 0.00227928
0 0.519141 0.750488 0.0148437 0.0341797 0.00227928
0 0.530078 0.755371 0.0101562 0.0195312 0.00226974
0 0.641797 0.294922 0.0109375 0.0131836 0.00225258
0 0.202148 0.912109 0.0191406 0.015625 0.00225258
0 0.300195 0.302979 0.0105469 0.0126953 0.00223351
0 0.194336 0.915527 0.0253906 0.0214844 0.00223351
0 0.00424805 0.180664 0.00849609 0.0229492 0.00223351
0 0.205273 0.574219 0.015625 0.0166016 0.00222588
0 0.662891 0.278809 0.0523437 0.0556641 0.00221634
0 0.0141602 0.133301 0.0102539 0.0275879 0.00220871
0 0.517187 0.748047 0.0296875 0.0576172 0.00220871
0 0.484375 0.657715 0.0335938 0.0585938 0.00219917
0 0.983594 0.474121 0.0234375 0.0214844 0.00219154
0 0.65625 0.799805 0.0257812 0.0332031 0.00218201
0 0.530078 0.768555 0.00625 0.0126953 0.00215721
0 0.816406 0.0142517 0.0265625 0.0285034 0.00213242
0 0.939062 0.744629 0.0109375 0.0244141 0.00208282
0 0.308203 0.378174 0.0144531 0.012207 0.0020752
0 0.982031 0.734863 0.0125 0.0263672 0.00206757
0 0.191992 0.914307 0.0316406 0.050293 0.00206757
0 0.816406 0.0108643 0.0171875 0.0203857 0.00205803
0 0.0492188 0.123535 0.0150391 0.0163574 0.00205803
0 0.240625 0.566895 0.0117188 0.0126953 0.00202751
0 0.764844 0.175659 0.015625 0.0314941 0.00202751
0 0.832812 0.941162 0.0140625 0.0161133 0.00198746
0 0.720312 0.97168 0.021875 0.0371094 0.00198746
0 0.627734 0.333496 0.009375 0.0136719 0.00197983
0 0.853906 0.495605 0.009375 0.0078125 0.00197983
0 0.670703 0.725098 0.0109375 0.00878906 0.00197983
0 0.639063 0.269531 0.03125 0.0478516 0.0019722
0 0.982813 0.385254 0.0140625 0.0107422 0.0019722
0 0.983984 0.694336 0.0320312 0.0556641 0.0019722
0 0.782812 0.959961 0.0109375 0.00976562 0.00194168
0 0.486328 0.637695 0.0171875 0.0205078 0.00192642
0 0.967969 0.748535 0.0109375 0.015625 0.00189686
0 0.0102539 0.598633 0.00820312 0.0175781 0.00188255
0 0.558984 0.738281 0.0242187 0.0292969 0.00188255
0 0.632812 0.247314 0.0242187 0.0175781 0.00185299
0 0.642969 0.386719 0.0148437 0.00878906 0.00185299
0 0.116406 0.963867 0.0212891 0.0429688 0.00185299
0 0.5 0.643066 0.0640625 0.0839844 0.00183868
0 0.0113281 0.120972 0.00996094 0.0166016 0.00183105
0 0.245898 0.538086 0.0230469 0.0205078 0.00182438
0 0.525781 0.737793 0.0171875 0.0380859 0.00178909
0 0.709375 0.87793 0.009375 0.0146484 0.00177479
0 0.521484 0.76416 0.00703125 0.0136719 0.00176811
0 0.986719 0.384521 0.0140625 0.012207 0.00174141
0 0.939062 0.202393 0.021875 0.0263672 0.00174141
0 0.720703 0.175659 0.0265625 0.0310059 0.00171375
0 0.54375 0.626953 0.0109375 0.0107422 0.00171375
0 0.378906 0.496094 0.0140625 0.0078125 0.00170708
0 0.220898 0.556152 0.00859375 0.015625 0.00168133
0 0.0178223 0.603516 0.0228516 0.0332031 0.00168133
0 0.805469 0.919922 0.0359375 0.0234375 0.00167465
0 0.880469 0.481934 0.0140625 0.0107422 0.0016613
0 0.662109 0.279053 0.0789063 0.0673828 0.0016613
0 0.673437 0.270508 0.0257812 0.0371094 0.00164223
0 0.666016 0.282227 0.0273438 0.0288086 0.00160408
0 0.686328 0.256836 0.0164062 0.0390625 0.0015974
0 0.892969 0.60498 0.0125 0.00976562 0.0015974
0 0.672266 0.271484 0.0484375 0.0644531 0.00158501
0 0.501953 0.73877 0.0109375 0.0361328 0.00157928
0 0.186719 0.54248 0.0152344 0.0146484 0.00157356
0 0.760156 0.176758 0.009375 0.019043 0.00156689
0 0.211914 0.468262 0.0132813 0.0117188 0.00156689
0 0.618359 0.80127 0.0109375 0.0146484 0.00156689
0 0.825781 0.00537109 0.015625 0.0107422 0.00156116
0 0.978906 0.671875 0.021875 0.0175781 0.00156116
0 0.948438 0.891602 0.0125 0.0107422 0.00152493
0 0.691016 0.778809 0.0164062 0.0126953 0.0015192
0 0.0232422 0.139526 0.0254883 0.0351562 0.00151253
0 0.621484 0.201172 0.0195312 0.0302734 0.00150681
0 0.0795898 0.6875 0.0232422 0.0273438 0.0014782
0 0.280859 0.376221 0.0117188 0.0117188 0.00146675
0 0.763281 0.167358 0.0078125 0.0187988 0.00146103
