0 0.693359 0.355957 0.04375 0.0527344 0.809082
0 0.222266 0.397949 0.0929687 0.0654297 0.771973
0 0.446094 0.0792236 0.0382813 0.032959 0.770508
0 0.0920898 0.775391 0.0802734 0.0810547 0.757812
0 0.50625 0.00994873 0.0351562 0.0198975 0.704102
0 0.270312 0.456909 0.110547 0.0705566 0.57959
0 0.2625 0.662109 0.120312 0.0839844 0.361084
0 0.233984 0.662109 0.11875 0.0742188 0.291748
0 0.63125 0.851562 0.139062 0.119141 0.270508
0 0.226562 0.40332 0.0636719 0.0703125 0.213379
0 0.560547 0.849609 0.117969 0.104492 0.168335
0 0.279687 0.461426 0.0609375 0.0664062 0.147095
0 0.450391 0.076416 0.0304688 0.0234375 0.13208
0 0.0856445 0.776367 0.0587891 0.0683594 0.113159
0 0.635938 0.853027 0.0945313 0.0957031 0.104492
0 0.258789 0.461426 0.0570313 0.0644531 0.104126
0 0.0946289 0.782715 0.0513672 0.0654297 0.0960083
0 0.0931641 0.766602 0.0523437 0.0507812 0.0953369
0 0.285937 0.452271 0.0695312 0.0612793 0.088501
0 0.598437 0.862305 0.150781 0.137695 0.0881958
0 0.725781 0.583008 0.00859375 0.0117188 0.0823975
0 0.557813 0.844727 0.0960938 0.0751953 0.0623169
0 0.264453 0.65918 0.0890625 0.0693359 0.0545959
0 0.223242 0.408203 0.0507812 0.0551758 0.0535889
0 0.263086 0.666992 0.0664062 0.0703125 0.0505066
0 0.260352 0.46875 0.0875 0.0810547 0.0446777
0 0.655078 0.904785 0.0109375 0.0126953 0.041626
0 0.502734 0.0127258 0.04375 0.0254517 0.0399475
0 0.212109 0.398926 0.0558594 0.0600586 0.0384521
0 0.233398 0.65918 0.0921875 0.0615234 0.0375977
0 0.694922 0.346924 0.0367187 0.0288086 0.0366211
0 0.596875 0.860352 0.1125 0.117188 0.0358276
0 0.232617 0.665039 0.0640625 0.0683594 0.032959
0 0.99375 0.871094 0.0109375 0.0126953 0.0327148
0 0.218164 0.391113 0.0523437 0.0410156 0.0325928
0 0.256641 0.452759 0.0441406 0.0388184 0.0311432
0 0.731641 0.553711 0.009375 0.0136719 0.0309143
0 0.256445 0.67041 0.141406 0.117188 0.0305634
0 0.214258 0.40686 0.0726563 0.0632324 0.0301056
0 0.077832 0.770508 0.053125 0.0820312 0.0285492
0 0.268945 0.452148 0.0539063 0.0498047 0.0274811
0 0.0855469 0.764648 0.0525391 0.0605469 0.0256653
0 0.637891 0.85498 0.0625 0.0722656 0.0256653
0 0.555859 0.84082 0.0523437 0.0498047 0.0240479
0 0.249023 0.459595 0.0457031 0.0446777 0.0239563
0 0.202148 0.39502 0.0625 0.0537109 0.0227966
0 0.71875 0.582031 0.009375 0.0107422 0.0227203
0 0.505469 0.0130005 0.0492188 0.026001 0.0222931
0 0.557813 0.852051 0.0601562 0.0673828 0.021698
0 0.231836 0.45166 0.0175781 0.0166016 0.0204163
0 0.220117 0.657227 0.0785156 0.0488281 0.0195007
0 0.702734 0.341309 0.0242187 0.0234375 0.018158
0 0.267773 0.654785 0.0585938 0.0527344 0.0174408
0 0.619922 0.846191 0.105469 0.0888672 0.0172424
0 0.436719 0.0759277 0.0164062 0.0153809 0.0171814
0 0.439063 0.0806885 0.0289063 0.0273438 0.0167847
0 0.246289 0.669922 0.109766 0.0966797 0.016098
0 0.966406 0.945312 0.0125 0.00976562 0.0160217
0 0.114648 0.759766 0.0478516 0.0556641 0.0155411
0 0.260156 0.470703 0.0367187 0.046875 0.0154266
0 0.125195 0.754395 0.0208984 0.0283203 0.0151901
0 0.296289 0.450195 0.0574219 0.0722656 0.0150146
0 0.641406 0.843262 0.05625 0.0644531 0.0149536
0 0.658984 0.900879 0.009375 0.0175781 0.0144501
0 0.271484 0.470215 0.0488281 0.0537109 0.0142822
0 0.655859 0.904297 0.0117188 0.0175781 0.0142822
0 0.238086 0.455078 0.0417969 0.0332031 0.0139008
0 0.582031 0.845703 0.0992187 0.0830078 0.0134811
0 0.628125 0.864258 0.06875 0.0791016 0.0133743
0 0.103027 0.763672 0.0443359 0.0410156 0.012825
0 0.232031 0.654785 0.0515625 0.0439453 0.0126266
0 0.245508 0.45166 0.0363281 0.0273438 0.012146
0 0.220117 0.654297 0.0457031 0.0371094 0.012146
0 0.630859 0.842773 0.059375 0.0566406 0.0119629
0 0.911719 0.171143 0.0125 0.013916 0.0117798
0 0.280859 0.469727 0.0476562 0.0439453 0.0115051
0 0.207813 0.388428 0.0464844 0.0351562 0.0106506
0 0.229687 0.390625 0.0488281 0.0361328 0.0102081
0 0.226953 0.672363 0.0820312 0.0761719 0.0100555
0 0.242969 0.65625 0.05625 0.046875 0.0100098
0 0.702734 0.360352 0.021875 0.0419922 0.00985718
0 0.235156 0.673828 0.0507812 0.0527344 0.00985718
0 0.212109 0.408447 0.0386719 0.0463867 0.00959778
0 0.181445 0.385742 0.0171875 0.0195312 0.00952148
0 0.24707 0.452637 0.0640625 0.0556641 0.00941467
0 0.115234 0.755859 0.0363281 0.0351562 0.00912476
0 0.567969 0.841309 0.0515625 0.0498047 0.00905609
0 0.991406 0.87207 0.0140625 0.0136719 0.0088501
0 0.655859 0.903809 0.0179687 0.0166016 0.00847626
0 0.7 0.344238 0.0335938 0.0419922 0.00803375
0 0.110059 0.770508 0.0644531 0.0839844 0.00787354
0 0.120508 0.748047 0.0183594 0.0126953 0.0078125
0 0.194922 0.387451 0.0351562 0.0239258 0.00769424
0 0.235742 0.455078 0.0257812 0.0244141 0.00769424
0 0.591797 0.854492 0.0664062 0.0683594 0.00763702
0 0.124219 0.753906 0.0294922 0.0341797 0.00763702
0 0.683594 0.878418 0.0109375 0.0234375 0.00751877
0 0.256641 0.656738 0.0628906 0.0488281 0.00723267
0 0.910156 0.737305 0.00625 0.00878906 0.00720596
0 0.284961 0.664551 0.0910156 0.108398 0.00706482
0 0.573438 0.874512 0.115625 0.112305 0.00701141
0 0.614844 0.208252 0.0125 0.0151367 0.00674438
0 0.196875 0.390869 0.0492188 0.0415039 0.00674438
0 0.717188 0.919922 0.0140625 0.0146484 0.00671768
0 0.51875 0.838379 0.0109375 0.0175781 0.00669098
0 0.233008 0.450684 0.0386719 0.0361328 0.00631332
0 0.439063 0.0771484 0.0390625 0.0380859 0.00614548
0 0.144971 0.912598 0.015918 0.0195312 0.00605011
0 0.988281 0.54248 0.009375 0.0136719 0.00600433
0 0.211914 0.660156 0.040625 0.0400391 0.00598145
0 0.242773 0.922363 0.0105469 0.0117188 0.00564194
0 0.838281 0.667969 0.0078125 0.0117188 0.00559998
0 0.570703 0.86377 0.0625 0.0693359 0.00559998
0 0.0756836 0.773926 0.0386719 0.0585938 0.0055542
0 0.102539 0.814453 0.00898437 0.0175781 0.00542831
0 0.58125 0.841797 0.053125 0.0507812 0.0051384
0 0.182812 0.385986 0.0222656 0.0341797 0.00511932
0 0.179297 0.377441 0.00859375 0.0107422 0.00479126
0 0.647266 0.844727 0.0734375 0.0888672 0.00479126
0 0.647266 0.860352 0.0875 0.118164 0.00469971
0 0.233789 0.892578 0.00898437 0.00878906 0.00468063
0 0.619141 0.842773 0.0609375 0.0527344 0.0046463
0 0.273047 0.670898 0.0890625 0.0830078 0.00450516
0 0.630078 0.87207 0.107031 0.111328 0.00450516
0 0.24082 0.922852 0.0132813 0.0166016 0.00445175
0 0.297852 0.44873 0.0492188 0.0498047 0.00432968
0 0.910937 0.734375 0.0125 0.0107422 0.00429916
0 0.726172 0.584473 0.0125 0.0185547 0.00426483
0 0.592969 0.842285 0.0554687 0.0517578 0.00419998
0 0.306641 0.484375 0.0117188 0.0126953 0.00416565
0 0.51875 0.842285 0.0140625 0.0234375 0.00416565
0 0.602734 0.864746 0.06875 0.0820312 0.00413513
0 0.210156 0.65332 0.0335938 0.0244141 0.00407028
0 0.68125 0.342041 0.0179687 0.0175781 0.00397491
0 0.124219 0.750488 0.0166016 0.0185547 0.00385475
0 0.720312 0.916504 0.0125 0.0146484 0.00382423
0 0.833594 0.918457 0.0125 0.0107422 0.00382423
0 0.688281 0.362061 0.028125 0.0395508 0.00379562
0 0.616016 0.853516 0.0695312 0.0703125 0.00379562
0 0.682031 0.890625 0.0109375 0.0205078 0.00379562
0 0.0587891 0.795898 0.00683594 0.0126953 0.00378036
0 0.245312 0.673828 0.0570313 0.0605469 0.0037365
0 0.292969 0.438965 0.0304688 0.0195312 0.00367928
0 0.605469 0.842285 0.0570313 0.0507812 0.00365067
0 0.657422 0.896973 0.0195312 0.03125 0.00362206
0 0.110937 0.77002 0.0380859 0.0537109 0.00351143
0 0.211328 0.655762 0.0554687 0.0429688 0.00342941
0 0.571875 0.875488 0.0421875 0.0537109 0.00329781
0 0.00957031 0.985352 0.00966797 0.0136719 0.00327301
0 0.73125 0.552734 0.015625 0.0253906 0.00327301
0 0.992969 0.869629 0.0140625 0.0244141 0.00322342
0 0.291406 0.442383 0.0464844 0.0390625 0.00317192
0 0.0943359 0.794434 0.0671875 0.0878906 0.00317192
0 0.683203 0.87793 0.021875 0.0507812 0.00309944
0 0.224805 0.673828 0.040625 0.046875 0.00305176
0 0.1875 0.391357 0.0308594 0.0385742 0.00300407
0 0.743359 0.552246 0.00703125 0.0136719 0.00293541
0 0.446484 0.0888672 0.0476562 0.0483398 0.00293541
0 0.19707 0.658691 0.01875 0.0244141 0.00292397
0 0.561328 0.877441 0.0796875 0.0947266 0.00279999
0 0.279687 0.439087 0.0265625 0.0124512 0.00279045
0 0.596875 0.893066 0.015625 0.0224609 0.00269318
0 0.195508 0.652832 0.0144531 0.0166016 0.0026722
0 0.516406 0.0170898 0.01875 0.0192871 0.00263214
0 0.237305 0.406738 0.0476562 0.0405273 0.00259018
0 0.316992 0.995605 0.0164062 0.00878906 0.00259018
0 0.910156 0.175903 0.0109375 0.0141602 0.00257111
0 0.717969 0.58252 0.0164062 0.0205078 0.00256157
0 0.533594 0.806152 0.00859375 0.00878906 0.00254059
0 0.561719 0.87793 0.0226563 0.0449219 0.00251198
0 0.0756836 0.763672 0.0416016 0.0478516 0.0024929
0 0.663281 0.893066 0.0109375 0.0175781 0.0024929
0 0.185742 0.391357 0.0164062 0.0273438 0.00247192
0 0.544141 0.828613 0.0195312 0.0126953 0.00247192
0 0.285352 0.663574 0.0503906 0.0546875 0.00243378
0 0.443359 0.654785 0.0171875 0.0136719 0.00240517
0 0.975781 0.941406 0.0125 0.0117188 0.00237846
0 0.89375 0.757324 0.0109375 0.0126953 0.00230598
0 0.913281 0.172729 0.0171875 0.0268555 0.00230598
0 0.65 0.842285 0.0515625 0.0517578 0.00229645
0 0.536719 0.844727 0.0640625 0.0595703 0.00226974
0 0.655078 0.897461 0.0328125 0.0380859 0.00226974
0 0.0745117 0.783203 0.0449219 0.0800781 0.00225258
0 0.119629 0.750977 0.0306641 0.03125 0.00221634
0 0.0972656 0.797363 0.0291016 0.0410156 0.00218201
0 0.71875 0.917969 0.015625 0.0234375 0.00208282
0 0.225195 0.452637 0.00859375 0.0146484 0.00206757
0 0.245703 0.400146 0.0597656 0.0834961 0.0019722
0 0.989844 0.871582 0.0203125 0.0224609 0.00189686
0 0.490625 0.88623 0.0109375 0.0136719 0.00188255
0 0.198828 0.658691 0.0367187 0.03125 0.00185299
0 0.275 0.672852 0.0523437 0.0390625 0.00184631
0 0.533594 0.838379 0.03125 0.0322266 0.00182438
0 0.329492 0.697266 0.0167969 0.0117188 0.0018177
0 0.679688 0.866211 0.0148437 0.0302734 0.00178242
0 0.725781 0.583984 0.0210938 0.0205078 0.00176811
0 0.595703 0.875977 0.0476562 0.0566406 0.00176144
0 0.142383 0.914062 0.0296875 0.0341797 0.00172043
0 0.957031 0.303711 0.0109375 0.0136719 0.00171375
0 0.520703 0.84082 0.0203125 0.0292969 0.00171375
0 0.514063 0.0154114 0.0359375 0.0308228 0.00167465
0 0.63125 0.877441 0.053125 0.0507812 0.00165462
0 0.459766 0.0715332 0.0109375 0.0166016 0.00160408
0 0.257031 0.484375 0.0160156 0.0224609 0.0015974
0 0.104883 0.79834 0.0171875 0.0351562 0.0015974
0 0.681641 0.890137 0.0195312 0.0400391 0.0015974
0 0.534375 0.845703 0.028125 0.0380859 0.00158501
0 0.966406 0.946289 0.0234375 0.0195312 0.00151253
0 0.894531 0.730957 0.0109375 0.00878906 0.00148964
0 0.174609 0.384033 0.00703125 0.0161133 0.0014782
0 0.514063 0.0177002 0.05625 0.0354004 0.0014782
0 0.689062 0.89502 0.0117188 0.0214844 0.00146675
0 0.197461 0.423584 0.00742187 0.0146484 0.00146103
0 0.301953 0.637695 0.0199219 0.0175781 0.00146103
0 0.534766 0.802734 0.00859375 0.0107422 0.00146103
0 0.659375 0.852051 0.046875 0.0625 0.00144958
0 0.654297 0.941406 0.0125 0.015625 0.00142097
0 0.681641 0.87793 0.0328125 0.0683594 0.00142097
0 0.683203 0.345459 0.0398437 0.0424805 0.00141048
0 0.616406 0.207275 0.0140625 0.0288086 0.00139904
0 0.527344 0.824219 0.015625 0.015625 0.00137806
0 0.93125 0.975586 0.0125 0.015625 0.00137806
0 0.284375 0.654297 0.065625 0.0703125 0.00137234
0 0.245508 0.400879 0.0503906 0.0629883 0.00136662
0 0.103223 0.812012 0.0130859 0.0292969 0.00136185
0 0.605859 0.875 0.0554687 0.0664062 0.00134087
0 0.555859 0.893066 0.00859375 0.0253906 0.00134087
0 0.250586 0.409668 0.0277344 0.0361328 0.00132465
0 0.648047 0.861816 0.05625 0.0556641 0.00131989
0 0.311914 0.474609 0.0113281 0.0195312 0.00130463
0 0.444531 0.0911865 0.0265625 0.0319824 0.00129986
0 0.135352 0.913086 0.0175781 0.0185547 0.00126934
0 0.143018 0.922852 0.0256836 0.0263672 0.00126457
0 0.735156 0.621094 0.0117188 0.0175781 0.00125504
0 0.248828 0.407959 0.0386719 0.059082 0.00124454
0 0.249805 0.469727 0.0285156 0.0400391 0.0012207
0 0.670703 0.177612 0.015625 0.0158691 0.00121117
0 0.522656 0.824219 0.0078125 0.0136719 0.00121117
0 0.819531 0.941406 0.015625 0.0136719 0.00119686
0 0.0697266 0.796387 0.00742187 0.0185547 0.00119209
0 0.186133 0.660645 0.00742187 0.0146484 0.00118351
0 0.0754883 0.785645 0.0164062 0.0458984 0.00117874
0 0.791406 0.25 0.0109375 0.0136719 0.0011692
0 0.730078 0.566895 0.0078125 0.0126953 0.0011692
0 0.498828 0.015686 0.0203125 0.0184326 0.00116539
0 0.913281 0.172363 0.0265625 0.0239258 0.00116539
0 0.286523 0.650879 0.0441406 0.0439453 0.00116062
0 0.440625 0.658203 0.01875 0.0185547 0.00113773
0 0.305078 0.690918 0.00976562 0.0175781 0.0011158
0 0.00483398 0.89209 0.00908203 0.0205078 0.0011158
0 0.235547 0.392334 0.0660156 0.059082 0.00110722
0 0.267969 0.640137 0.0253906 0.0166016 0.0011034
0 0.583203 0.876465 0.05 0.0566406 0.00107288
0 0.976562 0.0186157 0.015625 0.0192871 0.00106525
0 0.911719 0.731445 0.0109375 0.0126953 0.00106525
0 0.830469 0.924805 0.0140625 0.0146484 0.00106049
0 0.659766 0.840332 0.0640625 0.104492 0.00104809
0 0.895312 0.73877 0.009375 0.0107422 0.00104427
0 0.594141 0.743164 0.015625 0.0195312 0.00103188
0 0.307813 0.483398 0.0136719 0.0195312 0.00102043
