0 0.732031 0.535645 0.04375 0.0419922 0.837402
0 0.494141 0.723145 0.0257812 0.0576172 0.756348
0 0.248047 0.552246 0.0433594 0.0400391 0.740234
0 0.338184 0.928711 0.0712891 0.0957031 0.73877
0 0.20625 0.450195 0.0425781 0.0371094 0.713867
0 0.0330078 0.419434 0.0400391 0.0341797 0.689453
0 0.221094 0.158691 0.0140625 0.0180664 0.341553
0 0.221094 0.159668 0.0175781 0.0229492 0.230957
0 0.703906 0.138916 0.015625 0.0166016 0.20752
0 0.341797 0.918945 0.05625 0.078125 0.160767
0 0.222266 0.15979 0.0144531 0.0129395 0.126831
0 0.724219 0.988281 0.0148437 0.0136719 0.102661
0 0.333105 0.94165 0.0556641 0.0678711 0.100891
0 0.24375 0.549316 0.0320312 0.0263672 0.0963745
0 0.691016 0.136108 0.0101562 0.0107422 0.0923462
0 0.326074 0.939453 0.0572266 0.0898438 0.0859985
0 0.436719 0.181641 0.0109375 0.0249023 0.0853882
0 0.591797 0.164185 0.0171875 0.0209961 0.0806274
0 0.211328 0.45459 0.0390625 0.0410156 0.0766602
0 0.346777 0.991211 0.0150391 0.0175781 0.0708008
0 0.335547 0.921143 0.0523437 0.0600586 0.0607605
0 0.705859 0.141357 0.0164062 0.0158691 0.0596619
0 0.703906 0.140137 0.0226563 0.020752 0.0574951
0 0.721094 0.989258 0.0164062 0.015625 0.0479431
0 0.74043 0.543457 0.0253906 0.03125 0.0474243
0 0.232422 0.845215 0.0125 0.0146484 0.0470886
0 0.591797 0.155518 0.0171875 0.0217285 0.0453491
0 0.347656 0.989258 0.0210938 0.0214844 0.0422363
0 0.0385498 0.42395 0.0318848 0.0388184 0.0420837
0 0.467969 0.0413818 0.0257812 0.0228271 0.0397949
0 0.00849609 0.247314 0.00527344 0.0170898 0.0381775
0 0.552734 0.167358 0.0171875 0.0131836 0.0372009
0 0.739453 0.543457 0.0351562 0.0351562 0.0360718
0 0.252539 0.548828 0.0296875 0.0244141 0.0343628
0 0.590625 0.162964 0.0289063 0.0285645 0.033844
0 0.288086 0.102173 0.0078125 0.0158691 0.0328369
0 0.583984 0.155029 0.015625 0.0195312 0.0321045
0 0.493359 0.732422 0.0320312 0.0527344 0.0314941
0 0.585938 0.161865 0.0164062 0.0214844 0.0301056
0 0.70625 0.141113 0.0351562 0.026123 0.0272675
0 0.110254 0.230957 0.00585938 0.0141602 0.0269623
0 0.465625 0.0419312 0.0375 0.0303955 0.0265503
0 0.00849609 0.249512 0.00703125 0.0185547 0.0255585
0 0.352344 0.988281 0.0195312 0.0214844 0.0253754
0 0.200586 0.450073 0.0355469 0.0305176 0.0240479
0 0.346973 0.913086 0.0498047 0.0585938 0.0224609
0 0.296094 0.0404663 0.009375 0.012085 0.0222015
0 0.0609375 0.237793 0.00644531 0.0136719 0.021698
0 0.721094 0.988281 0.0226563 0.0234375 0.0207214
0 0.585156 0.162109 0.03125 0.0339355 0.0198669
0 0.144336 0.0704041 0.0121094 0.0213013 0.0197144
0 0.460156 0.0424805 0.0203125 0.0155029 0.0193481
0 0.591016 0.157837 0.0320312 0.0314941 0.0191193
0 0.0266602 0.417725 0.0337891 0.0258789 0.0190582
0 0.544141 0.166748 0.0171875 0.0107422 0.0189056
0 0.324805 0.945312 0.0425781 0.0585938 0.0181274
0 0.240234 0.552734 0.0332031 0.0390625 0.0179138
0 0.964063 0.072876 0.0125 0.0166016 0.0175781
0 0.4375 0.183655 0.015625 0.0321045 0.0165863
0 0.00168457 0.943359 0.00336914 0.0175781 0.0160217
0 0.252734 0.558105 0.0285156 0.0341797 0.0158386
0 0.572656 0.152832 0.00859375 0.0144043 0.0149002
0 0.632422 0.151611 0.0140625 0.0263672 0.0147324
0 0.280859 0.213623 0.00820312 0.0126953 0.014389
0 0.737695 0.53125 0.0246094 0.0253906 0.0141754
0 0.490234 0.71582 0.0226563 0.0527344 0.0137939
0 0.692187 0.138428 0.01875 0.0187988 0.0137405
0 0.326758 0.868164 0.00976562 0.0175781 0.0133286
0 0.651953 0.162476 0.0101562 0.010498 0.0132217
0 0.326367 0.933838 0.0496094 0.0620117 0.0130234
0 0.433594 0.18927 0.00859375 0.0164795 0.0129242
0 0.639453 0.150513 0.0101562 0.0180664 0.012146
0 0.2 0.219482 0.00742187 0.0126953 0.012146
0 0.253711 0.560059 0.0175781 0.0292969 0.0120544
0 0.440625 0.186829 0.0109375 0.0233154 0.0119629
0 0.239453 0.553223 0.0203125 0.03125 0.0119629
0 0.731836 0.54248 0.0363281 0.0439453 0.0119629
0 0.172266 0.960938 0.00898437 0.0117188 0.011734
0 0.353125 0.986328 0.034375 0.0273438 0.0116425
0 0.722656 0.529297 0.0210938 0.0195312 0.0115967
0 0.252734 0.558594 0.0394531 0.0410156 0.011116
0 0.108789 0.233398 0.00761719 0.0131836 0.0110703
0 0.572266 0.158203 0.00703125 0.0146484 0.0104904
0 0.584375 0.156006 0.0375 0.0322266 0.0104523
0 0.489844 0.714844 0.0195312 0.0283203 0.0103683
0 0.473828 0.0372314 0.0164062 0.0223389 0.01017
0 0.283008 0.972656 0.0117188 0.0136719 0.01017
0 0.232422 0.845703 0.015625 0.0214844 0.01017
0 0.63125 0.159058 0.0164062 0.0168457 0.00989532
0 0.682031 0.165161 0.0171875 0.0153809 0.00978088
0 0.357812 0.983398 0.0195312 0.0234375 0.00967407
0 0.608594 0.151733 0.0109375 0.0183105 0.00926971
0 0.459766 0.0424805 0.040625 0.026001 0.00926971
0 0.69375 0.16394 0.0210938 0.0163574 0.00878143
0 0.492578 0.706055 0.0164062 0.0224609 0.00857544
0 0.223047 0.15979 0.0265625 0.0273438 0.00834656
0 0.724219 0.530762 0.034375 0.0390625 0.00821686
0 0.707812 0.164429 0.021875 0.0187988 0.00790405
0 0.670313 0.164795 0.0140625 0.012207 0.00787354
0 0.344434 0.905762 0.0376953 0.03125 0.00757599
0 0.955469 0.0806885 0.0203125 0.0163574 0.00751877
0 0.341895 0.909668 0.0724609 0.0693359 0.00751877
0 0.244727 0.166138 0.015625 0.0100098 0.00728989
0 0.244531 0.55957 0.0257812 0.0361328 0.00712204
0 0.630078 0.151733 0.03125 0.0393066 0.00712204
0 0.433594 0.18158 0.0265625 0.0333252 0.00706482
0 0.606641 0.991211 0.0140625 0.0136719 0.00695801
0 0.622266 0.151611 0.0140625 0.0224609 0.0068779
0 0.00869141 0.248535 0.00976562 0.0292969 0.00669098
0 0.603906 0.15979 0.0140625 0.0185547 0.00658798
0 0.619141 0.159058 0.0140625 0.0158691 0.00641251
0 0.4375 0.181702 0.0203125 0.0394287 0.00641251
0 0.0372559 0.0736084 0.00859375 0.0163574 0.00638962
0 0.786719 0.521484 0.0125 0.0146484 0.00609589
0 0.551172 0.167114 0.028125 0.0214844 0.00609589
0 0.496094 0.71582 0.0195312 0.0283203 0.00605011
0 0.223047 0.154297 0.009375 0.0129395 0.00595856
0 0.597656 0.96582 0.0117188 0.0117188 0.00591278
0 0.615234 0.979492 0.0132813 0.0117188 0.00582123
0 0.144873 0.0708008 0.0204102 0.036377 0.0055542
0 0.154102 0.226318 0.00703125 0.0170898 0.00534439
0 0.439844 0.186157 0.0140625 0.0334473 0.00534439
0 0.359375 0.981934 0.034375 0.0361328 0.0050621
0 0.290039 0.878418 0.0167969 0.0195312 0.00494385
0 0.466797 0.0475464 0.0265625 0.0252686 0.00471878
0 0.387891 0.193359 0.00859375 0.0166016 0.00471878
0 0.0594727 0.240723 0.00839844 0.0170898 0.00466537
0 0.707812 0.306641 0.015625 0.0136719 0.0045929
0 0.426953 0.851074 0.0109375 0.0126953 0.00453949
0 0.499219 0.736328 0.0125 0.0332031 0.00446701
0 0.542578 0.166504 0.0328125 0.0209961 0.00428009
0 0.0800781 0.335938 0.0150391 0.0131836 0.00415039
0 0.320312 0.875977 0.00976562 0.0107422 0.00413513
0 0.466016 0.0471802 0.0453125 0.0396729 0.00413513
0 0.432422 0.189697 0.0203125 0.0341797 0.00403976
0 0.235156 0.54248 0.0117188 0.0136719 0.00400543
0 0.983594 0.98877 0.01875 0.0224609 0.00400543
0 0.202539 0.218018 0.00976562 0.0146484 0.00397491
0 0.101953 0.131592 0.00800781 0.0151367 0.0039444
0 0.10918 0.230225 0.0115234 0.0268555 0.0039444
0 0.644531 0.159668 0.0117188 0.0151367 0.00392914
0 0.191992 0.174805 0.0191406 0.0109863 0.00392914
0 0.34834 0.924561 0.0416016 0.0649414 0.00383949
0 0.594531 0.969727 0.0125 0.0136719 0.00376511
0 0.331641 0.951172 0.0742188 0.0898438 0.00376511
0 0.00947266 0.562988 0.00839844 0.0117188 0.00374985
0 0.778125 0.122314 0.0140625 0.0129395 0.00367928
0 0.0160156 0.375977 0.015332 0.0151367 0.00366402
0 0.241602 0.213867 0.00703125 0.0185547 0.00359344
0 0.825781 0.39917 0.009375 0.0131836 0.00359344
0 0.0597656 0.238037 0.0115234 0.0244141 0.00356483
0 0.41875 0.190247 0.0109375 0.0194092 0.00355148
0 0.456641 0.0463867 0.0265625 0.0153809 0.00353813
0 0.292188 0.974609 0.0101562 0.0117188 0.00351143
0 0.323047 0.869629 0.0109375 0.0185547 0.00342941
0 0.26543 0.083374 0.0125 0.0117188 0.00332451
0 0.316602 0.207764 0.00976562 0.0131836 0.00332451
0 0.0302246 0.411377 0.0229492 0.0161133 0.00332451
0 0.00727539 0.380371 0.00957031 0.0131836 0.00327301
0 0.359375 0.980469 0.0492188 0.0390625 0.00324821
0 0.0394043 0.0826416 0.0112305 0.0241699 0.00322342
0 0.106055 0.319824 0.0148437 0.0126953 0.00321007
0 0.621094 0.153564 0.0359375 0.0400391 0.00317192
0 0.186523 0.022583 0.0125 0.0187988 0.00314713
0 0.416406 0.0856934 0.0132813 0.0275879 0.00314713
0 0.705469 0.162842 0.046875 0.0332031 0.00309944
0 0.955469 0.0802002 0.03125 0.0300293 0.0030632
0 0.685156 0.150879 0.00859375 0.0131836 0.00299263
0 0.142627 0.0772705 0.015918 0.0209961 0.00293541
0 0.692578 0.165039 0.0445312 0.0322266 0.00292397
0 0.307031 0.967773 0.0078125 0.0117188 0.00291252
0 0.0471191 0.428955 0.0100586 0.0200195 0.00284576
0 0.143164 0.0637512 0.0167969 0.0199585 0.00283432
0 0.785937 0.601562 0.009375 0.0126953 0.00281143
0 0.204297 0.441406 0.0214844 0.015625 0.00277901
0 0.990625 0.818359 0.0125 0.0146484 0.00277901
0 0.716406 0.916504 0.0148437 0.00976562 0.00277901
0 0.333008 0.952148 0.0222656 0.0429688 0.00277901
0 0.729688 0.130737 0.0125 0.0129395 0.00276756
0 0.352734 0.903809 0.0367187 0.0273438 0.00276756
0 0.711719 0.13623 0.0148437 0.0151367 0.00275803
0 0.25957 0.552246 0.0171875 0.0292969 0.00275803
0 0.282031 0.972656 0.0226563 0.0234375 0.00275803
0 0.240625 0.217529 0.00859375 0.0136719 0.00273705
0 0.295898 0.0407104 0.015625 0.0223389 0.00269318
0 0.630469 0.156982 0.0265625 0.027832 0.00265312
0 0.982813 0.633789 0.0125 0.0166016 0.00257111
0 0.607031 0.154053 0.0304688 0.0356445 0.00257111
0 0.39375 0.0166626 0.0101562 0.0112305 0.00256157
0 0.473047 0.0388794 0.0242187 0.0274658 0.00255013
0 0.0219727 0.0872803 0.0174805 0.0349121 0.00254059
0 0.367969 0.976562 0.0164062 0.0195312 0.00252151
0 0.492188 0.708008 0.0210938 0.0390625 0.00252151
0 0.680078 0.164307 0.034375 0.0266113 0.00250244
0 0.00688477 0.249756 0.0137695 0.0234375 0.00246239
0 0.229297 0.0842285 0.0179687 0.0383301 0.00245285
0 0.289844 0.102295 0.0113281 0.0266113 0.00239754
0 0.998047 0.167419 0.00390625 0.0880127 0.00237846
0 0.360938 0.899414 0.0226563 0.0195312 0.00234985
0 0.599609 0.960938 0.015625 0.015625 0.00234985
0 0.280078 0.165527 0.0238281 0.0107422 0.00230598
0 0.253125 0.516602 0.00898437 0.00878906 0.00229645
0 0.353223 0.861816 0.0138672 0.0185547 0.00226974
0 0.670313 0.303467 0.0148437 0.0166016 0.00221634
0 0.189648 0.406982 0.0101562 0.0141602 0.00221634
0 0.696484 0.14624 0.0117188 0.013916 0.00220871
0 0.719922 0.543457 0.015625 0.0205078 0.00219154
0 0.590625 0.170654 0.0203125 0.0180664 0.00216484
0 0.899219 0.0686035 0.0125 0.0180664 0.00214958
0 0.0287598 0.369141 0.0143555 0.0141602 0.00214958
0 0.983594 0.980957 0.0296875 0.0380859 0.00209999
0 0.251758 0.51123 0.00976562 0.0107422 0.00209045
0 0.256641 0.165894 0.0214844 0.0117188 0.00208282
0 0.182227 0.0253906 0.0203125 0.0216064 0.00206757
0 0.382422 0.194397 0.0164062 0.0311279 0.00202751
0 0.00776367 0.246582 0.0144531 0.0361328 0.00202751
0 0.694141 0.164062 0.0539063 0.0219727 0.00201988
0 0.613672 0.983398 0.0179687 0.0175781 0.00201035
0 0.53125 0.166016 0.0171875 0.012207 0.00197983
0 0.326172 0.921631 0.0625 0.0708008 0.00197983
0 0.367578 0.0584412 0.0117188 0.0115356 0.0019722
0 0.685156 0.139526 0.0117188 0.0166016 0.0019722
0 0.492188 0.705566 0.034375 0.046875 0.0019722
0 0.219922 0.984375 0.0164062 0.0175781 0.00195694
0 0.570312 0.991211 0.0164062 0.0117188 0.00195694
0 0.571875 0.155762 0.0203125 0.027832 0.00195694
0 0.0187988 0.562988 0.015332 0.0126953 0.00194168
0 0.681641 0.164673 0.0421875 0.0197754 0.00189686
0 0.333203 0.905273 0.0261719 0.0195312 0.00186062
0 0.346191 0.954102 0.0162109 0.0292969 0.00184631
0 0.639063 0.15271 0.0273438 0.0344238 0.00183868
0 0.0108398 0.557617 0.00605469 0.0117188 0.0018177
0 0.322656 0.955078 0.0203125 0.0410156 0.0018177
0 0.325977 0.875488 0.0113281 0.0117188 0.0018034
0 0.432422 0.0861816 0.0210938 0.0351562 0.00179577
0 0.231836 0.844727 0.0179687 0.03125 0.00179577
0 0.671094 0.150269 0.0101562 0.0153809 0.00176811
0 0.784375 0.59668 0.0109375 0.0126953 0.00175476
0 0.718359 0.16394 0.0242187 0.0192871 0.00174809
0 0.41875 0.182129 0.0164062 0.0200195 0.00174141
0 0.569922 0.160767 0.0210938 0.0297852 0.00174141
0 0.496875 0.718262 0.025 0.0449219 0.00174141
0 0.29043 0.875977 0.0207031 0.0292969 0.00174141
0 0.960938 0.0766602 0.0171875 0.019043 0.00172043
0 0.722266 0.541992 0.0226563 0.0292969 0.0017004
0 0.74375 0.128418 0.0109375 0.010498 0.00169373
0 0.564062 0.73584 0.0132813 0.0117188 0.00168705
0 0.0211182 0.0893555 0.0422363 0.0710449 0.00168705
0 0.430859 0.188232 0.0296875 0.0351562 0.00168705
0 0.0213379 0.0535278 0.0104492 0.012207 0.00167465
0 0.327539 0.870117 0.0210938 0.0302734 0.00167465
0 0.278906 0.0819092 0.0125 0.0175781 0.00164223
0 0.221484 0.974609 0.0140625 0.0234375 0.00161648
0 0.984375 0.631348 0.009375 0.0195312 0.0015974
0 0.964063 0.0744629 0.01875 0.026123 0.0015974
0 0.696484 0.897949 0.0101562 0.0126953 0.00159168
0 0.323828 0.919922 0.0417969 0.03125 0.00159168
0 0.0416016 0.361328 0.0149414 0.0141602 0.00158501
0 0.0252441 0.422363 0.0245117 0.0258789 0.00158501
0 0.287305 0.878418 0.0140625 0.0175781 0.00158501
0 0.602344 0.160278 0.03125 0.0344238 0.00158501
0 0.00947266 0.0985107 0.0101562 0.0251465 0.00157928
0 0.352246 0.343018 0.0150391 0.0185547 0.00157356
0 0.669531 0.164185 0.0296875 0.0253906 0.00157356
0 0.230078 0.0853271 0.0304688 0.0688477 0.00153065
0 0.292578 0.871582 0.0148437 0.0214844 0.0015192
0 0.141406 0.403076 0.0111328 0.0126953 0.00151253
0 0.227344 0.0726318 0.0148437 0.0224609 0.00150108
0 0.228125 0.976562 0.021875 0.0332031 0.00148964
0 0.631641 0.142212 0.01875 0.0270996 0.00148392
0 1 0.165833 0 0.0443115 0.00148392
0 0.00878906 0.0878906 0.0108398 0.0275879 0.0014782
0 0.23418 0.560547 0.00976562 0.015625 0.00144958
0 0.170703 0.960938 0.0164062 0.0234375 0.00144386
0 0.618359 0.158447 0.0273438 0.0300293 0.00143242
0 0.288867 0.875977 0.0304688 0.0351562 0.00142097
0 0.357324 0.196594 0.0166016 0.0233154 0.00141621
0 0.267969 0.165894 0.025 0.0126953 0.00138855
0 0.105957 0.228516 0.0167969 0.0283203 0.00137806
0 0.288281 0.164673 0.0167969 0.0100098 0.00135612
0 0.957031 0.0761719 0.0234375 0.0244141 0.00135136
0 0.314648 0.943359 0.0347656 0.078125 0.00135136
0 0.223438 0.0841064 0.0148437 0.029541 0.00133514
0 0.369434 0.194092 0.0533203 0.0664062 0.00133514
0 0.896875 0.995117 0.0109375 0.00976562 0.00132465
0 0.332617 0.118652 0.0171875 0.0273438 0.00131512
0 0.10957 0.228516 0.0078125 0.0180664 0.00130463
0 0.344238 0.866211 0.0123047 0.0166016 0.00130463
0 0.660937 0.927246 0.0125 0.0117188 0.00130463
0 0.360938 0.899414 0.0460938 0.0380859 0.00130463
0 0.407813 0.178955 0.0234375 0.03125 0.00129986
0 0.982031 0.645508 0.0171875 0.0205078 0.00129986
0 0.626172 0.809082 0.0101562 0.0117188 0.00129414
0 0.964063 0.0726318 0.028125 0.0251465 0.00129414
0 0.712891 0.303467 0.0171875 0.0166016 0.0012846
0 0.0198242 0.371826 0.015918 0.0161133 0.0012846
0 0.0185547 0.0192871 0.0236328 0.0220947 0.00127888
0 0.397656 0.945557 0.0117188 0.019043 0.00126934
0 0.892969 0.0698242 0.021875 0.0246582 0.0012598
0 0.0102539 0.644531 0.00976562 0.0117188 0.0012598
