0 0.555859 0.617188 0.0585938 0.0488281 0.932617
0 0.278125 0.681641 0.0492188 0.0498047 0.925781
0 0.484766 0.698242 0.078125 0.0625 0.901367
0 0.278125 0.566406 0.0359375 0.0380859 0.866211
0 0.796094 0.55127 0.0390625 0.0429688 0.855957
0 0.398047 0.504395 0.0484375 0.0380859 0.833496
0 0.828125 0.567383 0.0296875 0.0371094 0.813965
0 0.141309 0.601562 0.0171875 0.0390625 0.785156
0 0.0420654 0.544922 0.0293457 0.0371094 0.769043
0 0.71875 0.896973 0.0554687 0.0712891 0.760742
0 0.100684 0.464355 0.0363281 0.0302734 0.757812
0 0.921875 0.828613 0.025 0.0585938 0.73584
0 0.498437 0.493164 0.0273438 0.0292969 0.70752
0 0.896094 0.498535 0.0421875 0.0439453 0.684082
0 0.588281 0.321533 0.0289063 0.0214844 0.678223
0 0.751562 0.414062 0.0171875 0.0356445 0.675781
0 0.48125 0.343994 0.0234375 0.0219727 0.59375
0 0.744141 0.586914 0.0414063 0.0419922 0.586914
0 0.732422 0.584961 0.0382813 0.0458984 0.581543
0 0.711719 0.312012 0.0132813 0.0170898 0.510742
0 0.30332 0.371338 0.0175781 0.0170898 0.501953
0 0.135742 0.354248 0.0158203 0.0214844 0.485352
0 0.726562 0.888672 0.0445312 0.0761719 0.451416
0 0.910156 0.279541 0.0109375 0.0200195 0.442627
0 0.74707 0.587891 0.0261719 0.0341797 0.439697
0 0.746484 0.283447 0.0179687 0.0170898 0.436768
0 0.685547 0.314941 0.0125 0.015625 0.377441
0 0.151758 0.361328 0.00976562 0.0195312 0.370117
0 0.635938 0.298096 0.0117188 0.0175781 0.341553
0 0.724609 0.58252 0.0242187 0.0478516 0.341553
0 0.685156 0.316162 0.0171875 0.019043 0.270508
0 0.714063 0.900391 0.0460938 0.0537109 0.23584
0 0.902344 0.500977 0.0328125 0.0390625 0.230225
0 0.783594 0.951172 0.0140625 0.0117188 0.210083
0 0.136816 0.354736 0.0220703 0.0253906 0.201172
0 0.3 0.369873 0.0171875 0.0175781 0.191895
0 0.140332 0.601562 0.0248047 0.0429688 0.185303
0 0.910156 0.279053 0.0171875 0.0239258 0.184204
0 0.752344 0.408203 0.0140625 0.0268555 0.169434
0 0.721484 0.888672 0.0421875 0.0585938 0.160278
0 0.791406 0.555664 0.034375 0.0458984 0.142212
0 0.484766 0.704102 0.0515625 0.0576172 0.127197
0 0.728125 0.574219 0.0226563 0.03125 0.107422
0 0.55625 0.612305 0.0484375 0.0371094 0.105591
0 0.710938 0.312744 0.0179687 0.0200195 0.10376
0 0.0153809 0.269531 0.0229492 0.0258789 0.0894775
0 0.494922 0.496582 0.0335938 0.0322266 0.0806274
0 0.397266 0.509766 0.0414063 0.0361328 0.0797729
0 0.501953 0.496582 0.0273438 0.0322266 0.0775146
0 0.889063 0.494141 0.0296875 0.0419922 0.0750122
0 0.146094 0.360107 0.0132813 0.0170898 0.0736694
0 0.13291 0.356201 0.0160156 0.0200195 0.0720825
0 0.712109 0.902832 0.0367187 0.0410156 0.0718384
0 0.783594 0.951172 0.01875 0.0175781 0.069519
0 0.728906 0.579102 0.034375 0.0439453 0.0668335
0 0.28125 0.675293 0.0425781 0.0341797 0.0634766
0 0.145117 0.358887 0.021875 0.0249023 0.062561
0 0.391016 0.503418 0.0390625 0.03125 0.062561
0 0.8 0.546387 0.034375 0.0302734 0.0609741
0 0.833594 0.568359 0.025 0.0429688 0.0609741
0 0.721875 0.575195 0.0203125 0.03125 0.0568542
0 0.273047 0.564453 0.0222656 0.0234375 0.0490417
0 0.151562 0.360352 0.0144531 0.0219727 0.0486755
0 0.48125 0.689453 0.0484375 0.0410156 0.0474243
0 0.272852 0.687988 0.0257812 0.0371094 0.0427246
0 0.475781 0.697266 0.0523437 0.0527344 0.0393372
0 0.750781 0.591309 0.021875 0.0390625 0.0393372
0 0.633984 0.296875 0.0164062 0.0175781 0.0391846
0 0.28418 0.568848 0.0328125 0.0439453 0.0370483
0 0.669141 0.227295 0.0132813 0.0126953 0.0348816
0 0.476562 0.34375 0.0226563 0.0214844 0.0318604
0 0.0461182 0.541016 0.0282715 0.0361328 0.0310211
0 0.730469 0.591309 0.0257812 0.03125 0.0304413
0 0.743164 0.581055 0.0292969 0.0244141 0.0303345
0 0.710156 0.907715 0.0296875 0.0332031 0.0296478
0 0.119434 0.314453 0.0228516 0.015625 0.0289764
0 0.0393799 0.546387 0.0241699 0.0283203 0.0289764
0 0.686328 0.316162 0.0242187 0.0249023 0.0287628
0 0.288086 0.685059 0.0304688 0.0429688 0.028656
0 0.75332 0.40918 0.0230469 0.0361328 0.0282135
0 0.484766 0.341064 0.0140625 0.0170898 0.0279083
0 0.910156 0.496094 0.0140625 0.0234375 0.0279083
0 0.889844 0.487793 0.025 0.0185547 0.0273743
0 0.921094 0.813477 0.015625 0.0175781 0.0241394
0 0.920313 0.838867 0.0203125 0.0498047 0.0224609
0 0.75 0.59082 0.0328125 0.0429688 0.0222931
0 0.545313 0.608398 0.028125 0.0234375 0.0193481
0 0.747656 0.28418 0.0265625 0.0229492 0.0193481
0 0.742578 0.581543 0.0585938 0.0576172 0.0189819
0 0.291016 0.686523 0.0214844 0.0341797 0.0189056
0 0.548047 0.611328 0.04375 0.0410156 0.0183411
0 0.730859 0.874023 0.0265625 0.03125 0.0175171
0 0.803125 0.55957 0.046875 0.0458984 0.0175171
0 0.475 0.70752 0.0398437 0.046875 0.0167847
0 0.784375 0.949219 0.0140625 0.0117188 0.0166626
0 0.119922 0.312988 0.0298828 0.0209961 0.0163422
0 0.497266 0.698242 0.0546875 0.0556641 0.0161591
0 0.151172 0.359131 0.0214844 0.027832 0.0157776
0 0.892187 0.489746 0.0375 0.03125 0.0153656
0 0.271289 0.673828 0.028125 0.0185547 0.0153046
0 0.564844 0.609863 0.0382813 0.03125 0.0151901
0 0.733984 0.882812 0.0382813 0.0654297 0.0150757
0 0.748047 0.28125 0.0148437 0.0166016 0.0147324
0 0.475781 0.342041 0.0132813 0.0146484 0.0145569
0 0.104004 0.458496 0.0271484 0.015625 0.0143356
0 0.502344 0.48877 0.0171875 0.0166016 0.0143356
0 0.288867 0.668457 0.0246094 0.0234375 0.014061
0 0.0458496 0.544922 0.0393555 0.0507812 0.0137405
0 0.617969 0.745605 0.0125 0.0146484 0.0133286
0 0.263477 0.682617 0.0132813 0.0195312 0.0132217
0 0.383984 0.499023 0.0132813 0.0126953 0.0127716
0 0.635156 0.299316 0.0203125 0.0234375 0.0124817
0 0.748242 0.417725 0.0191406 0.0322266 0.012291
0 0.145898 0.604004 0.01875 0.0332031 0.0122375
0 0.491406 0.688965 0.0421875 0.03125 0.0122375
0 0.883594 0.484863 0.0109375 0.0136719 0.0120544
0 0.80625 0.561035 0.0203125 0.0292969 0.011734
0 0.817187 0.562012 0.0265625 0.0244141 0.0116882
0 0.108887 0.461426 0.0238281 0.0292969 0.0113297
0 0.95625 0.796387 0.015625 0.0136719 0.0113297
0 0.75 0.582031 0.01875 0.0175781 0.0111618
0 0.0165527 0.265625 0.019043 0.0258789 0.0109482
0 0.454297 0.716309 0.0078125 0.0136719 0.0106506
0 0.532031 0.334961 0.0210938 0.0244141 0.0104523
0 0.921094 0.81543 0.025 0.0351562 0.0103302
0 0.125 0.314697 0.0201172 0.0180664 0.0100098
0 0.590234 0.318115 0.0210938 0.0161133 0.00971222
0 0.267578 0.19751 0.0140625 0.027832 0.00967407
0 0.690625 0.762695 0.0125 0.0136719 0.00963593
0 0.835156 0.560059 0.0125 0.0185547 0.00959778
0 0.921094 0.813965 0.03125 0.0439453 0.00959778
0 0.583594 0.325439 0.0304688 0.0224609 0.00955963
0 0.327734 0.657715 0.0128906 0.0146484 0.008255
0 0.265039 0.68457 0.0304688 0.0322266 0.00812531
0 0.539844 0.621094 0.0265625 0.0429688 0.00806427
0 0.26582 0.203613 0.0148437 0.0249023 0.00793457
0 0.299414 0.374023 0.0175781 0.0175781 0.00790405
0 0.926562 0.840332 0.021875 0.0478516 0.00787354
0 0.27168 0.573242 0.0253906 0.03125 0.00769424
0 0.548828 0.625 0.034375 0.0371094 0.00763702
0 0.316992 0.761719 0.0128906 0.0126953 0.00763702
0 0.719141 0.566406 0.009375 0.00976562 0.00757599
0 0.300391 0.374023 0.0203125 0.0253906 0.00757599
0 0.909375 0.503418 0.0140625 0.0341797 0.00751877
0 0.498437 0.702148 0.084375 0.0722656 0.00743103
0 0.178125 0.336182 0.0167969 0.0205078 0.00737381
0 0.192969 0.805664 0.009375 0.0126953 0.00728989
0 0.661719 0.979492 0.0101562 0.0117188 0.00728989
0 0.464453 0.694824 0.0523437 0.0517578 0.00728989
0 0.7 0.902344 0.00859375 0.0205078 0.00723267
0 0.928125 0.842285 0.0140625 0.0332031 0.00706482
0 0.735156 0.882324 0.03125 0.0517578 0.00701141
0 0.287109 0.671387 0.0460938 0.0556641 0.00701141
0 0.0479004 0.549316 0.0182617 0.0332031 0.00695801
0 0.285547 0.559082 0.0210938 0.0234375 0.00695801
0 0.456641 0.685547 0.0203125 0.015625 0.00695801
0 0.537891 0.621094 0.0140625 0.0253906 0.0068512
0 0.104883 0.458496 0.0365234 0.0292969 0.0068512
0 0.272461 0.674805 0.0585938 0.0566406 0.00674438
0 0.667969 0.226562 0.0210938 0.0219727 0.00661469
0 0.0875 0.469727 0.0105469 0.0136719 0.00658798
0 0.19668 0.790039 0.0105469 0.0136719 0.00653839
0 0.583203 0.317871 0.0140625 0.0117188 0.0064888
0 0.532812 0.625977 0.0109375 0.0224609 0.00634003
0 0.283398 0.81543 0.0101562 0.0117188 0.00634003
0 0.279297 0.574219 0.034375 0.0390625 0.00624084
0 0.7125 0.973633 0.0101562 0.0175781 0.00609589
0 0.590234 0.837402 0.0101562 0.0117188 0.00595856
0 0.00859375 0.220703 0.0160156 0.0205078 0.00593567
0 0.564453 0.624023 0.0351562 0.0429688 0.00584412
0 0.460156 0.711914 0.0101562 0.0253906 0.00584412
0 0.00908203 0.215332 0.0140625 0.0234375 0.00577545
0 0.137891 0.606445 0.0193359 0.0332031 0.00577545
0 0.537891 0.333496 0.01875 0.0175781 0.00568771
0 0.449609 0.683105 0.00546875 0.0117188 0.00568771
0 0.784375 0.55957 0.01875 0.0214844 0.00557709
0 0.712109 0.890137 0.0289063 0.0273438 0.0055542
0 0.385938 0.500488 0.0265625 0.0263672 0.00553513
0 0.472656 0.69043 0.0632813 0.0488281 0.00553513
0 0.596484 0.31958 0.0132813 0.0175781 0.00551224
0 0.496875 0.490234 0.0179687 0.0136719 0.00538635
0 0.266406 0.203064 0.0167969 0.0435791 0.00538635
0 0.7875 0.559082 0.0296875 0.0292969 0.00510025
0 0.667188 0.979492 0.01875 0.015625 0.00508118
0 0.521484 0.334961 0.0289063 0.0283203 0.0050621
0 0.726953 0.904785 0.025 0.0458984 0.00502014
0 0.469922 0.687012 0.0359375 0.0224609 0.00498199
0 0.411328 0.495605 0.021875 0.0253906 0.00494385
0 0.521094 0.333984 0.0445312 0.0449219 0.0049057
0 0.529688 0.333984 0.0421875 0.0371094 0.0049057
0 0.269141 0.575195 0.0195312 0.0244141 0.00460815
0 0.017627 0.266602 0.0242187 0.0498047 0.00460815
0 0.75918 0.340088 0.0722656 0.0737305 0.00460815
0 0.817187 0.561035 0.04375 0.0449219 0.00455475
0 0.750195 0.409668 0.0105469 0.0200195 0.00453949
0 0.103613 0.457886 0.0517578 0.0461426 0.00443268
0 0.168359 0.731445 0.0109375 0.0136719 0.00439835
0 0.408594 0.505371 0.0320312 0.0429688 0.00439835
0 0.461719 0.709961 0.025 0.0439453 0.00426483
0 0.658203 0.982422 0.0148437 0.0136719 0.00415039
0 0.885156 0.487305 0.0203125 0.0273438 0.00413513
0 0.902344 0.331055 0.05 0.0327148 0.00411606
0 0.124902 0.313477 0.0283203 0.0234375 0.00399017
0 0.673828 0.227051 0.0117188 0.0107422 0.0039444
0 0.133496 0.348145 0.0107422 0.0166016 0.00382423
0 0.0436279 0.537109 0.023291 0.0175781 0.00382423
0 0.8875 0.501465 0.021875 0.03125 0.00379562
0 0.500391 0.70459 0.034375 0.0361328 0.00376511
0 0.553125 0.876953 0.0132813 0.0136719 0.00376511
0 0.534766 0.625 0.015625 0.0283203 0.00376511
0 0.303125 0.972656 0.01875 0.0234375 0.0037365
0 0.325195 0.45752 0.0101562 0.0146484 0.00365067
0 0.482031 0.331543 0.015625 0.0239258 0.00356483
0 0.998828 0.0455322 0.00234375 0.0910645 0.00351143
0 0.475781 0.341064 0.0382813 0.0332031 0.00348282
0 0.484375 0.345215 0.0226563 0.0268555 0.00342941
0 0.926562 0.839844 0.0390625 0.0517578 0.00336266
0 0.463281 0.692871 0.0289063 0.0361328 0.00329781
0 0.0183594 0.214355 0.0231445 0.0288086 0.00328636
0 0.701563 0.90332 0.0195312 0.0351562 0.00328636
0 0.408594 0.504883 0.053125 0.0556641 0.00322342
0 0.555859 0.335205 0.009375 0.0126953 0.00317192
0 0.722656 0.876465 0.0226563 0.0175781 0.00317192
0 0.699219 0.907227 0.0101562 0.0214844 0.00317192
0 0.923437 0.811035 0.0140625 0.015625 0.00314713
0 0.386719 0.499023 0.0390625 0.0361328 0.00312424
0 0.758008 0.339355 0.0386719 0.0424805 0.00301552
0 0.0208008 0.184143 0.0157227 0.0159912 0.00298119
0 0.957031 0.796875 0.0234375 0.0263672 0.00298119
0 0.535156 0.625 0.0265625 0.0302734 0.00298119
0 0.169727 0.754883 0.0105469 0.0117188 0.0029583
0 0.457812 0.6875 0.034375 0.03125 0.00288963
0 0.722656 0.589844 0.0234375 0.0400391 0.00282288
0 0.168555 0.735352 0.00898437 0.0166016 0.00281143
0 0.516797 0.708008 0.0140625 0.0234375 0.00277901
0 0.653516 0.670898 0.0148437 0.0136719 0.00276756
0 0.0115723 0.216309 0.0231445 0.0478516 0.00275803
0 0.903125 0.331299 0.0328125 0.0249023 0.00270462
0 0.299023 0.691406 0.009375 0.0185547 0.00269318
0 0.010498 0.219482 0.0208984 0.0341797 0.0026722
0 0.75 0.582031 0.021875 0.0263672 0.0026722
0 0.817969 0.562012 0.0703125 0.0605469 0.00263214
0 0.482422 0.718262 0.015625 0.0322266 0.00261116
0 0.267383 0.195618 0.0167969 0.0423584 0.00259018
0 0.3375 0.644531 0.0148437 0.015625 0.00257111
0 0.8375 0.580078 0.009375 0.0185547 0.00255013
0 0.939844 0.65918 0.0140625 0.0136719 0.00253105
0 0.108594 0.464844 0.0417969 0.0419922 0.00252151
0 0.903906 0.327881 0.0234375 0.0175781 0.00251198
0 0.450391 0.69043 0.00625 0.0195312 0.00251198
0 0.575781 0.628906 0.0148437 0.0244141 0.0024929
0 0.529688 0.340332 0.0390625 0.0332031 0.00247192
0 0.471484 0.71875 0.0101562 0.0214844 0.00245285
0 0.503125 0.488281 0.0234375 0.0273438 0.00243378
0 0.26543 0.202881 0.025 0.0483398 0.00243378
0 0.910156 0.497559 0.028125 0.0361328 0.00243378
0 0.810156 0.543945 0.0109375 0.0166016 0.00239754
0 0.0141113 0.222412 0.0243164 0.0288086 0.00231361
0 0.490625 0.493652 0.0132813 0.0195312 0.00228691
0 0.0179687 0.263428 0.0349609 0.0576172 0.00228691
0 0.95625 0.793945 0.0140625 0.0136719 0.00227928
0 0.885156 0.485352 0.0296875 0.0361328 0.00227928
0 0.262891 0.687988 0.009375 0.0195312 0.00226021
0 0.767773 0.337891 0.100391 0.0859375 0.00225258
0 0.171484 0.334717 0.0167969 0.0209961 0.00224304
0 0.139062 0.595215 0.0158203 0.0234375 0.00223351
0 0.590625 0.317871 0.0296875 0.0258789 0.00223351
0 0.455859 0.716309 0.0109375 0.0224609 0.00223351
0 0.461719 0.709473 0.0375 0.0498047 0.00223351
0 0.5 0.688965 0.0640625 0.0625 0.00219917
0 0.895312 0.326416 0.021875 0.0161133 0.00216484
0 0.0883789 0.472168 0.0173828 0.0214844 0.00214958
0 0.284961 0.561523 0.0300781 0.0361328 0.00209999
0 0.0206543 0.217529 0.0413086 0.0546875 0.00208282
0 0.908594 0.27002 0.0109375 0.0151367 0.00205803
0 0.528125 0.343506 0.028125 0.0258789 0.00203514
0 0.0119141 0.266602 0.0148437 0.0214844 0.00201035
0 0.303906 0.36377 0.0160156 0.0219727 0.00200272
0 0.416016 0.791992 0.0132813 0.0136719 0.00199509
0 0.414844 0.304199 0.0257812 0.0288086 0.00197983
0 0.666797 0.985352 0.0242187 0.0234375 0.00195694
0 0.747266 0.339355 0.0335938 0.034668 0.00191879
0 0.736328 0.895996 0.021875 0.0478516 0.00190449
0 0.722266 0.591797 0.01875 0.0302734 0.00189686
0 0.0193359 0.19165 0.0168945 0.0219727 0.00188255
0 0.501953 0.486816 0.0398437 0.0400391 0.00186729
0 0.314063 0.314697 0.0148437 0.0175781 0.00186062
0 0.146973 0.603027 0.0333984 0.0517578 0.00183868
0 0.735547 0.867676 0.021875 0.0244141 0.0018034
0 0.689844 0.315186 0.0140625 0.0102539 0.00178242
0 0.590234 0.316162 0.0515625 0.0439453 0.00178242
0 0.402344 0.51123 0.0601562 0.0488281 0.00177479
0 0.989062 0.136353 0.015625 0.0202637 0.00175476
0 0.523047 0.720215 0.0101562 0.0136719 0.00175476
0 0.618359 0.79248 0.0148437 0.015625 0.00175476
0 0.700781 0.907715 0.015625 0.0292969 0.00175476
0 0.584766 0.317871 0.0273438 0.027832 0.00174141
0 0.759375 0.416992 0.0140625 0.0200195 0.00172043
0 0.179102 0.33667 0.0269531 0.0317383 0.00171375
0 0.285547 0.561523 0.0480469 0.0507812 0.0017004
