0 0.727344 0.143555 0.05 0.041748 0.892578
0 0.846094 0.168213 0.0734375 0.0644531 0.870605
0 0.749219 0.0403442 0.0265625 0.0325928 0.816406
0 0.444531 0.263916 0.034375 0.0556641 0.548828
0 0.285547 0.944336 0.115234 0.103516 0.264404
0 0.44375 0.266357 0.0289063 0.0385742 0.237915
0 0.352441 0.925537 0.122461 0.135254 0.226807
0 0.34502 0.92627 0.167773 0.147461 0.179565
0 0.75293 0.0435181 0.0253906 0.032959 0.15979
0 0.275586 0.947266 0.0894531 0.0839844 0.147583
0 0.45 0.247559 0.0179687 0.0200195 0.146118
0 0.448828 0.255371 0.03125 0.0458984 0.125977
0 0.853906 0.175537 0.053125 0.0644531 0.125488
0 0.722656 0.141357 0.0382813 0.0307617 0.0963745
0 0.345898 0.987305 0.0199219 0.0136719 0.0953369
0 0.354297 0.91748 0.0914062 0.106445 0.0943604
0 0.313086 0.934082 0.131641 0.129883 0.076416
0 0.450391 0.269287 0.0234375 0.0317383 0.0698242
0 0.449609 0.267578 0.0375 0.0341797 0.0646362
0 0.876562 0.183472 0.01875 0.0339355 0.062561
0 0.446875 0.248047 0.01875 0.0234375 0.062561
0 0.00344238 0.930664 0.00688477 0.0126953 0.0594177
0 0.74375 0.0349121 0.01875 0.0178223 0.0589905
0 0.745898 0.0447388 0.0285156 0.0308838 0.0566406
0 0.346582 0.987305 0.0240234 0.0195312 0.0558167
0 0.736133 0.147339 0.0371094 0.0454102 0.0554199
0 0.242773 0.177612 0.01875 0.0134277 0.0516663
0 0.00556641 0.624023 0.00888672 0.0136719 0.0484924
0 0.842969 0.157837 0.053125 0.0427246 0.0470886
0 0.142383 0.151489 0.0109375 0.0136719 0.0435181
0 0.367969 0.0889893 0.00859375 0.0144043 0.0428772
0 0.439453 0.263916 0.0304688 0.0454102 0.0413208
0 0.864844 0.489746 0.0078125 0.0126953 0.0374756
0 0.00839844 0.96582 0.00625 0.015625 0.0370483
0 0.875 0.184753 0.028125 0.0484619 0.0346069
0 0.838281 0.165222 0.053125 0.0543213 0.0340881
0 0.355762 0.918945 0.0611328 0.0722656 0.0340881
0 0.746484 0.0360107 0.0242187 0.0285645 0.0332031
0 0.273633 0.957764 0.0519531 0.0571289 0.032959
0 0.462891 0.271729 0.0101562 0.0126953 0.0306702
0 0.376172 0.988281 0.0117188 0.00976562 0.0302124
0 0.332422 0.928711 0.113281 0.105469 0.0296478
0 0.350684 0.932373 0.0673828 0.0766602 0.0293121
0 0.281055 0.947266 0.0625 0.0683594 0.0289764
0 0.860937 0.180542 0.084375 0.0842285 0.0287628
0 0.283594 0.955078 0.0503906 0.0507812 0.0264587
0 0.437891 0.263184 0.0203125 0.0302734 0.0258636
0 0.299805 0.932373 0.0953125 0.109863 0.0254669
0 0.236523 0.17627 0.0140625 0.013916 0.024704
0 0.228516 0.249756 0.0167969 0.0161133 0.0238647
0 0.242578 0.178589 0.0277344 0.0212402 0.0224609
0 0.639063 0.597656 0.0226563 0.0166016 0.0222015
0 0.00761719 0.727539 0.0100586 0.0146484 0.0200958
0 0.0672852 0.827637 0.0195312 0.0117188 0.0194244
0 0.00644531 0.624023 0.0108398 0.0175781 0.0186462
0 0.722656 0.151855 0.0296875 0.0336914 0.0181885
0 0.223633 0.249512 0.0132813 0.012207 0.0175781
0 0.222266 0.25 0.01875 0.0141602 0.0173035
0 0.746289 0.0352173 0.0324219 0.0341797 0.0173035
0 0.875 0.187378 0.0375 0.0578613 0.0159607
0 0.896094 0.157837 0.009375 0.012207 0.0158997
0 0.0720703 0.137451 0.0140625 0.0129395 0.0156708
0 0.263281 0.957031 0.0605469 0.0722656 0.0146713
0 0.00732422 0.967773 0.00957031 0.015625 0.0142822
0 0.731055 0.151855 0.0613281 0.0537109 0.0142288
0 0.0707031 0.140137 0.0154297 0.0141602 0.0136337
0 0.28418 0.934326 0.0527344 0.0551758 0.0128708
0 0.392188 0.0682678 0.0304688 0.0216675 0.0125275
0 0.864062 0.180176 0.05 0.0566406 0.0124283
0 0.451172 0.694336 0.00859375 0.0117188 0.012146
0 0.371484 0.986328 0.0125 0.00976562 0.0119629
0 0.437891 0.269287 0.0226563 0.0297852 0.011734
0 0.386719 0.065918 0.0226563 0.0185547 0.0112457
0 0.343164 0.919189 0.0644531 0.0561523 0.0112457
0 0.31582 0.932861 0.0679687 0.0717773 0.0111618
0 0.737305 0.138062 0.0300781 0.0249023 0.0109024
0 0.391016 0.0686035 0.04375 0.029541 0.0104065
0 0.319141 0.918701 0.0539063 0.0512695 0.0103302
0 0.357324 0.904785 0.0455078 0.0458984 0.0102463
0 0.720703 0.154297 0.0210938 0.0288086 0.0101318
0 0.237109 0.179199 0.0214844 0.0195312 0.00933838
0 0.249219 0.175903 0.015625 0.0146484 0.00891876
0 0.222852 0.250977 0.0261719 0.0205078 0.00878143
0 0.297461 0.932861 0.0550781 0.0581055 0.00857544
0 0.964844 0.61377 0.0203125 0.0117188 0.00818634
0 0.329883 0.919678 0.0613281 0.0551758 0.00806427
0 0.75 0.0367432 0.0203125 0.0142822 0.00793457
0 0.432422 0.967773 0.0164062 0.0136719 0.00772476
0 0.349707 0.986328 0.0349609 0.0214844 0.00772476
0 0.637109 0.599121 0.0171875 0.0146484 0.00754929
0 0.832812 0.155884 0.04375 0.0280762 0.00701141
0 0.00627441 0.624512 0.0125488 0.0244141 0.00701141
0 0.628516 0.449707 0.0109375 0.00976562 0.00677109
0 0.29375 0.945312 0.0644531 0.0664062 0.00666809
0 0.0226563 0.97168 0.0100586 0.0117188 0.00666809
0 0.429688 0.969727 0.01875 0.0136719 0.0064888
0 0.735547 0.139893 0.0476562 0.0529785 0.0064621
0 0.759375 0.0411987 0.015625 0.0196533 0.00619125
0 0.0708984 0.139648 0.0199219 0.0205078 0.00605011
0 0.00786133 0.966797 0.0124023 0.0273438 0.00602722
0 0.263477 0.947266 0.0746094 0.0722656 0.00602722
0 0.86875 0.188477 0.034375 0.0366211 0.005867
0 0.143262 0.150635 0.0166016 0.0192871 0.005867
0 0.373047 0.917969 0.0695312 0.119141 0.005867
0 0.068457 0.82666 0.0275391 0.0185547 0.00582123
0 0.714844 0.144531 0.0148437 0.0241699 0.00561905
0 0.261523 0.960938 0.0378906 0.0429688 0.00559998
0 0.731641 0.153564 0.0320312 0.0439453 0.0055542
0 0.734961 0.139404 0.0378906 0.0390625 0.00551224
0 0.638672 0.597656 0.028125 0.0234375 0.00551224
0 0.846094 0.190979 0.015625 0.0272217 0.00547028
0 0.00495605 0.931885 0.00991211 0.0209961 0.00547028
0 0.304102 0.983398 0.00976562 0.0117188 0.00526047
0 0.716016 0.145996 0.028125 0.0322266 0.00526047
0 0.22832 0.250488 0.0265625 0.0249023 0.00519943
0 0.3625 0.907471 0.0726563 0.0834961 0.00510025
0 0.10498 0.741211 0.0142578 0.00878906 0.0050621
0 0.443359 0.791016 0.0242187 0.0371094 0.00494385
0 0.416406 0.772461 0.01875 0.0332031 0.00484848
0 0.882812 0.486328 0.0140625 0.00976562 0.00482941
0 0.609375 0.942383 0.0101562 0.0078125 0.00479126
0 0.860156 0.164124 0.05 0.0477295 0.00473785
0 0.853125 0.157227 0.0453125 0.0258789 0.00468063
0 0.30625 0.943604 0.0664062 0.0756836 0.0046463
0 0.367969 0.0881348 0.0140625 0.0222168 0.0045929
0 0.13457 0.131226 0.0175781 0.0151367 0.00450516
0 0.249023 0.959229 0.0378906 0.0620117 0.00450516
0 0.957812 0.612305 0.0140625 0.00976562 0.00439835
0 0.416797 0.78125 0.015625 0.0253906 0.00432968
0 0.248437 0.961914 0.0160156 0.0332031 0.00431442
0 0.00825195 0.729492 0.0165039 0.0283203 0.00431442
0 0.838281 0.174927 0.03125 0.0461426 0.00429916
0 0.0104492 0.875 0.00996094 0.015625 0.00426483
0 0.260742 0.947266 0.0429688 0.0429688 0.00419998
0 0.739844 0.039978 0.0117188 0.0240479 0.00407028
0 0.627344 0.94043 0.0132813 0.0078125 0.00400543
0 0.00722656 0.622559 0.0144531 0.0283203 0.00391388
0 0.045459 0.823242 0.0108398 0.00976562 0.00379562
0 0.221094 0.974609 0.00703125 0.015625 0.0037365
0 0.854688 0.184814 0.065625 0.0620117 0.00370789
0 0.463281 0.273438 0.0226563 0.0244141 0.00367928
0 0.376563 0.988281 0.01875 0.0195312 0.00367928
0 0.742188 0.15625 0.0132813 0.0209961 0.00366402
0 0.652344 0.729492 0.0117188 0.00976562 0.00362206
0 0.443359 0.800293 0.0242187 0.0371094 0.0036068
0 0.366797 0.0917969 0.0125 0.0112305 0.00359344
0 0.957812 0.649902 0.01875 0.0117188 0.00359344
0 0.739648 0.0408936 0.0222656 0.0377197 0.00356483
0 0.988281 0.536133 0.0125 0.015625 0.00353813
0 0.270508 0.932861 0.040625 0.034668 0.00348282
0 0.445703 0.791016 0.0335938 0.0761719 0.00342941
0 0.828906 0.162903 0.040625 0.0540771 0.00341606
0 0.421484 0.97168 0.0171875 0.0136719 0.00337601
0 0.896875 0.160278 0.0140625 0.0251465 0.00337601
0 0.482031 0.0484009 0.0210938 0.0170898 0.00332451
0 0.338086 0.941406 0.0699219 0.0820312 0.00331116
0 0.710547 0.138306 0.0101562 0.0124512 0.00324821
0 0.841406 0.699219 0.0140625 0.0117188 0.00324821
0 0.844531 0.187195 0.0578125 0.0469971 0.00323486
0 0.23418 0.680176 0.00859375 0.0126953 0.00313568
0 0.96875 0.649414 0.0171875 0.0136719 0.0030632
0 0.343945 0.907715 0.116797 0.0732422 0.00305176
0 0.0680664 0.724121 0.00917969 0.00976562 0.00298119
0 0.141113 0.150269 0.0236328 0.0229492 0.00298119
0 0.347852 0.982422 0.0214844 0.0214844 0.00296974
0 0.373437 0.915283 0.05 0.0717773 0.0029583
0 0.256836 0.966797 0.0496094 0.0527344 0.00294685
0 0.00410156 0.507324 0.00820312 0.0117188 0.00292397
0 0.416406 0.77002 0.0273438 0.0625 0.00290108
0 0.0740234 0.135498 0.0134766 0.0146484 0.00287819
0 0.13291 0.413574 0.0123047 0.0117188 0.00283432
0 0.319727 0.690918 0.0113281 0.0283203 0.00277901
0 0.305469 0.94873 0.10625 0.102539 0.00277901
0 0.325977 0.941406 0.0691406 0.09375 0.00270462
0 0.365625 0.086792 0.0226563 0.0244141 0.00269318
0 0.0704102 0.135376 0.0248047 0.0258789 0.00265312
0 0.353906 0.982422 0.021875 0.015625 0.00263214
0 0.418359 0.778809 0.021875 0.0537109 0.00261116
0 0.162305 0.508789 0.0132813 0.0107422 0.00259018
0 0.257422 0.969727 0.0210938 0.0332031 0.00254059
0 0.870313 0.475098 0.00625 0.0136719 0.00251198
0 0.416797 0.77002 0.0390625 0.0849609 0.00250244
0 0.351172 0.118042 0.0125 0.0131836 0.00247192
0 0.446875 0.790039 0.046875 0.0888672 0.00247192
0 0.864844 0.491699 0.0125 0.0214844 0.00245285
0 0.00754395 0.964844 0.0150879 0.0292969 0.00243378
0 0.859375 0.187744 0.0265625 0.0317383 0.0024147
0 0.00600586 0.931885 0.0120117 0.0229492 0.0024147
0 0.376953 0.988281 0.028125 0.0175781 0.00239754
0 0.864062 0.154053 0.028125 0.0183105 0.00234222
0 0.344922 0.908447 0.0828125 0.0834961 0.00234222
0 0.547266 0.209717 0.0117188 0.0102539 0.00233269
0 0.300781 0.731934 0.0117188 0.0146484 0.00219154
0 0.626562 0.477539 0.0117188 0.00976562 0.00214958
0 0.370313 0.987305 0.0226563 0.0195312 0.00214958
0 0.344922 0.903809 0.040625 0.03125 0.00214005
0 0.26875 0.646484 0.0125 0.0117188 0.00212479
0 0.551172 0.210938 0.0140625 0.0117188 0.00210762
0 0.232422 0.973633 0.0046875 0.0195312 0.00209999
0 0.739648 0.154053 0.0222656 0.0305176 0.00209999
0 0.0842773 0.72168 0.00859375 0.00878906 0.00208282
0 0.456641 0.306152 0.015625 0.0161133 0.00204277
0 0.324414 0.0377808 0.0152344 0.0153809 0.00202751
0 0.651563 0.970703 0.0101562 0.00976562 0.00199509
0 0.430078 0.96875 0.0289063 0.015625 0.00199509
0 0.141602 0.157837 0.0148437 0.0180664 0.00198746
0 0.397266 0.970703 0.00625 0.0117188 0.00197983
0 0.456641 0.110474 0.0164062 0.0148926 0.00195694
0 0.309375 0.97168 0.0167969 0.0253906 0.00188255
0 0.00864258 0.733887 0.0170898 0.0214844 0.00182438
0 0.249219 0.17749 0.021875 0.0234375 0.00176811
0 0.246875 0.970703 0.0144531 0.0292969 0.00175476
0 0.974219 0.580078 0.0171875 0.00976562 0.00174809
0 0.298633 0.91748 0.0375 0.0332031 0.00173378
0 0.495703 0.567383 0.009375 0.0126953 0.0017271
0 0.457422 0.105957 0.0171875 0.0146484 0.00171375
0 0.556641 0.952148 0.0125 0.00976562 0.0017004
0 0.752344 0.036377 0.0265625 0.0272217 0.0017004
0 0.299023 0.922363 0.0707031 0.0751953 0.00169373
0 0.24668 0.96875 0.0269531 0.0449219 0.0016613
0 0.320312 0.679688 0.0167969 0.0302734 0.00162315
0 0.242578 0.174561 0.0167969 0.0126953 0.00161076
0 0.431641 0.644531 0.0148437 0.0185547 0.00160408
0 0.332422 0.941406 0.15625 0.117188 0.00159168
0 0.217578 0.695801 0.0109375 0.0126953 0.00158501
0 0.23418 0.691406 0.0109375 0.0166016 0.00158501
0 0.0810547 0.89209 0.0101562 0.0107422 0.00158501
0 0.257812 0.935547 0.0179687 0.0136719 0.00158501
0 0.360156 0.936523 0.0976562 0.0996094 0.00156116
0 0.325781 0.692383 0.0183594 0.0302734 0.00154305
0 0.246289 0.947021 0.0152344 0.0219727 0.00152493
0 0.995703 0.799805 0.00859375 0.0185547 0.0015192
0 0.272266 0.9646 0.103125 0.0708008 0.00151253
0 0.0821289 0.889648 0.0115234 0.0107422 0.00150108
0 0.446094 0.038147 0.015625 0.0184326 0.00148392
0 0.438672 0.0512695 0.0164062 0.0161133 0.00148392
0 0.827344 0.161865 0.028125 0.0375977 0.00146103
0 0.423438 0.964844 0.0125 0.0136719 0.00145531
0 0.391016 0.0766602 0.0460938 0.0471191 0.00145531
0 0.766406 0.52832 0.0140625 0.00878906 0.0014267
0 0.304297 0.981445 0.0117188 0.0195312 0.00142097
0 0.988281 0.427246 0.01875 0.0234375 0.00141621
0 0.320312 0.038269 0.0152344 0.0164795 0.00141048
0 0.135449 0.411377 0.0121094 0.012207 0.00139904
0 0.298047 0.741699 0.0128906 0.0185547 0.00139904
0 0.878906 0.201904 0.0109375 0.0166016 0.00139427
0 0.431641 0.966797 0.0257812 0.0292969 0.00137234
0 0.896875 0.157959 0.021875 0.020752 0.00135612
0 0.0960938 0.878906 0.0117188 0.00976562 0.00134563
0 0.437891 0.799316 0.0132813 0.0292969 0.00133514
0 0.134082 0.131104 0.0277344 0.0290527 0.00133514
0 0.389062 0.650879 0.0132813 0.00976562 0.00132465
0 0.966406 0.660645 0.028125 0.0273438 0.00132465
0 0.428906 0.707031 0.0140625 0.00976562 0.00132465
0 0.00668945 0.943604 0.00615234 0.0249023 0.00132465
0 0.39375 0.955078 0.009375 0.0234375 0.00131512
0 0.369922 0.986328 0.0296875 0.015625 0.00131512
0 0.842188 0.703613 0.01875 0.0146484 0.00130463
0 0.739258 0.153809 0.0433594 0.0412598 0.00130463
0 0.864844 0.490723 0.021875 0.0214844 0.00130463
0 0.282227 0.741211 0.0117188 0.0175781 0.00129414
0 0.304492 0.968018 0.0621094 0.0620117 0.00129414
0 0.0199707 0.925781 0.0125 0.0117188 0.00126934
0 0.133789 0.584473 0.0119141 0.0078125 0.00126457
0 0.0492432 0.441895 0.0118652 0.00976562 0.00124454
0 0.391406 0.0783691 0.0664062 0.0539551 0.00124454
0 0.966406 0.612305 0.0328125 0.0175781 0.00123024
0 0.320312 0.688477 0.01875 0.0546875 0.0012207
0 0.249219 0.177124 0.0335938 0.0205078 0.00120163
0 0.376172 0.902832 0.040625 0.0429688 0.00119686
0 0.282227 0.834473 0.0308594 0.046875 0.00116062
0 0.0103027 0.732422 0.0206055 0.0302734 0.00115108
0 0.320703 0.973633 0.0207031 0.0273438 0.00113773
0 0.462109 0.646484 0.009375 0.0205078 0.00112915
0 0.630078 0.453125 0.009375 0.0107422 0.00110722
0 0.344043 0.975098 0.0759766 0.0498047 0.00110722
0 0.441797 0.657715 0.0140625 0.0185547 0.00109005
0 0.861719 0.156006 0.0359375 0.0305176 0.00109005
0 0.306836 0.955078 0.0511719 0.0546875 0.00108624
0 0.0213379 0.973633 0.0206055 0.0234375 0.00108147
0 0.274023 0.970703 0.0253906 0.0410156 0.00107288
0 0.965625 0.658691 0.046875 0.0439453 0.00105667
0 0.433594 0.0523682 0.0140625 0.0161133 0.00105286
0 0.230078 0.293945 0.0140625 0.0112305 0.00105286
0 0.401172 0.973633 0.009375 0.0136719 0.00104427
0 0.405078 0.119629 0.0164062 0.0148926 0.00103664
0 0.0734375 0.143921 0.0152344 0.0124512 0.00103188
0 0.419531 0.944336 0.0132813 0.0234375 0.00102806
0 0.381641 0.97168 0.00859375 0.0117188 0.00100422
0 0.760938 0.0430908 0.021875 0.0357666 0.00100422
