0 0.882031 0.0710449 0.0609375 0.0603027 0.926758
0 0.958594 0.335938 0.0484375 0.103516 0.695801
0 0.789844 0.962891 0.0171875 0.0390625 0.572754
0 0.917188 0.661621 0.0234375 0.0214844 0.460938
0 0.416406 0.974609 0.0242187 0.0507812 0.437744
0 0.00839844 0.235352 0.0141602 0.0175781 0.344238
0 0.0643799 0.603516 0.109521 0.12207 0.338135
0 0.60625 0.0144043 0.0109375 0.0288086 0.327637
0 0.988672 0.647461 0.0226563 0.0195312 0.314941
0 0.0912109 0.583984 0.105273 0.115234 0.300781
0 0.506641 0.0419312 0.0140625 0.0460205 0.291748
0 0.961719 0.672363 0.046875 0.0400391 0.283691
0 0.324316 0.804199 0.0693359 0.114258 0.277588
0 0.0810303 0.59668 0.15083 0.145508 0.253174
0 0.397656 0.0727539 0.00859375 0.0390625 0.190674
0 0.342773 0.259033 0.0167969 0.012207 0.182983
0 0.269727 0.11792 0.0140625 0.0507812 0.178345
0 0.122461 0.163818 0.0142578 0.0517578 0.177246
0 0.396875 0.0741272 0.0132813 0.0453491 0.165039
0 0.965625 0.670898 0.03125 0.0205078 0.156128
0 0.99375 0.404541 0.0109375 0.0170898 0.143677
0 0.957812 0.67041 0.0296875 0.0292969 0.143677
0 0.604688 0.015625 0.0140625 0.0289307 0.141235
0 0.789844 0.958008 0.0140625 0.0234375 0.137573
0 0.323633 0.831055 0.0652344 0.130859 0.126831
0 0.983984 0.647461 0.0320312 0.0234375 0.12085
0 0.605469 0.0176392 0.0171875 0.0352783 0.119629
0 0.123145 0.165039 0.0103516 0.0454102 0.112427
0 0.123047 0.152466 0.00761719 0.0217285 0.10968
0 0.298633 0.900391 0.00742187 0.0214844 0.0987549
0 0.50625 0.0311279 0.00859375 0.0212402 0.0963745
0 0.323242 0.750977 0.0480469 0.0439453 0.0946655
0 0.882812 0.0766907 0.046875 0.0529175 0.0930176
0 0.324219 0.793945 0.0539063 0.0517578 0.0817871
0 0.269727 0.106201 0.00820312 0.0244141 0.0809326
0 0.0957031 0.575684 0.0550781 0.0693359 0.0809326
0 0.770312 0.51709 0.0375 0.0253906 0.0769653
0 0.268945 0.118042 0.0183594 0.0620117 0.0747681
0 0.775781 0.928711 0.0078125 0.0146484 0.0745239
0 0.122266 0.164917 0.0205078 0.0598145 0.0734253
0 0.229687 0.727051 0.0191406 0.0166016 0.0690308
0 0.329492 0.756348 0.0707031 0.0908203 0.0687866
0 0.555469 0.947266 0.0109375 0.015625 0.0663452
0 0.321582 0.806641 0.0607422 0.0771484 0.0651245
0 0.821875 0.382812 0.0078125 0.0141602 0.0634766
0 0.979688 0.393066 0.0125 0.0185547 0.0632324
0 0.896875 0.486328 0.021875 0.0205078 0.0607605
0 0.0919922 0.588867 0.0625 0.0791016 0.0594177
0 0.910156 0.427002 0.01875 0.0136719 0.058136
0 0.331738 0.749023 0.0623047 0.0625 0.0572815
0 0.298242 0.899902 0.0109375 0.0292969 0.0548096
0 0.976562 0.388916 0.0125 0.0166016 0.0545959
0 0.0981445 0.57666 0.0759766 0.106445 0.053009
0 0.914844 0.429688 0.01875 0.015625 0.0514526
0 0.417188 0.977051 0.0320312 0.0458984 0.0510864
0 0.446875 0.88623 0.0101562 0.0107422 0.0503235
0 0.321484 0.752441 0.0332031 0.0283203 0.0499573
0 0.925781 0.776367 0.0140625 0.0126953 0.0497742
0 0.953125 0.640625 0.0125 0.0126953 0.0492249
0 0.165039 0.724609 0.0199219 0.0195312 0.0488586
0 0.497266 0.783203 0.0179687 0.0703125 0.0488586
0 0.323242 0.859375 0.0628906 0.0927734 0.0488586
0 0.646094 0.861816 0.0101562 0.0146484 0.0486755
0 0.965625 0.460449 0.01875 0.0234375 0.0477905
0 0.413281 0.979004 0.025 0.0419922 0.0474243
0 0.483203 0.84668 0.00859375 0.0185547 0.0463867
0 0.896875 0.48584 0.0296875 0.0283203 0.0460205
0 0.0307617 0.695312 0.0255859 0.0253906 0.0458679
0 0.331836 0.778809 0.0691406 0.123047 0.0458679
0 0.959375 0.45459 0.0328125 0.0322266 0.044342
0 0.770312 0.424561 0.0140625 0.019043 0.0441895
0 0.959375 0.455078 0.021875 0.0214844 0.0441895
0 0.505469 0.0463257 0.0148437 0.0330811 0.0440063
0 0.771094 0.420898 0.0125 0.0126953 0.0438538
0 0.396875 0.0637512 0.0078125 0.0172729 0.0420837
0 0.541406 0.962891 0.0101562 0.015625 0.0420837
0 0.396875 0.0802002 0.009375 0.0334473 0.0419312
0 0.342773 0.257812 0.0199219 0.0170898 0.041626
0 0.317383 0.822266 0.0667969 0.0898438 0.0414734
0 0.33291 0.746582 0.0380859 0.0419922 0.0409851
0 0.865625 0.467773 0.0140625 0.0136719 0.0408325
0 0.286719 0.942139 0.0109375 0.0161133 0.0401001
0 0.76875 0.516113 0.0203125 0.0146484 0.0396423
0 0.122559 0.154785 0.0117188 0.0310059 0.0394897
0 0.557813 0.914551 0.0171875 0.015625 0.0391846
0 0.747461 0.554199 0.0113281 0.0146484 0.0386047
0 0.162305 0.723145 0.0160156 0.0166016 0.0374756
0 0.224219 0.724609 0.0179687 0.0166016 0.0374756
0 0.961719 0.348145 0.0421875 0.0683594 0.0372009
0 0.329395 0.790039 0.0599609 0.0830078 0.0372009
0 0.417969 0.880859 0.0140625 0.0283203 0.0360718
0 0.892969 0.484375 0.015625 0.0126953 0.0351562
0 0.976562 0.673828 0.0265625 0.0234375 0.0346069
0 0.128223 0.953125 0.0103516 0.0136719 0.0346069
0 0.0587891 0.625 0.0990234 0.126953 0.0344849
0 0.267773 0.96875 0.0113281 0.0136719 0.0343628
0 0.0282715 0.696777 0.034375 0.0322266 0.0342407
0 0.495703 0.786133 0.0226563 0.0449219 0.0340881
0 0.0549805 0.615723 0.06875 0.0869141 0.0337219
0 0.991406 0.40332 0.0171875 0.0273438 0.0328369
0 0.229492 0.728516 0.0308594 0.0263672 0.0321045
0 0.312109 0.823242 0.0664062 0.126953 0.03125
0 0.506641 0.0330811 0.0125 0.0344238 0.0307922
0 0.330664 0.755371 0.0457031 0.0615234 0.0306702
0 0.0813477 0.59082 0.065625 0.0673828 0.0302124
0 0.9 0.489258 0.021875 0.0263672 0.0288696
0 0.845312 0.612305 0.015625 0.0175781 0.0283356
0 0.417578 0.967773 0.0203125 0.0449219 0.0282135
0 0.916406 0.667969 0.0296875 0.03125 0.0275879
0 0.992188 0.404053 0.015625 0.0170898 0.0274811
0 0.980469 0.392822 0.0203125 0.0288086 0.0271759
0 0.245703 0.73877 0.0164062 0.0185547 0.0270691
0 0.909375 0.428955 0.034375 0.0219727 0.0259552
0 0.383984 0.992188 0.0117188 0.0117188 0.0257568
0 0.269336 0.125366 0.0136719 0.0332031 0.0254669
0 0.269531 0.109131 0.0125 0.0378418 0.0244293
0 0.953906 0.450195 0.0234375 0.0214844 0.024231
0 0.225 0.726562 0.0238281 0.0234375 0.0231476
0 0.975 0.674316 0.0421875 0.0292969 0.0230713
0 0.337891 0.819336 0.0554687 0.144531 0.0227203
0 0.0700195 0.59082 0.0615234 0.0615234 0.02211
0 0.296875 0.898438 0.0175781 0.0351562 0.0220337
0 0.108008 0.626465 0.0119141 0.0126953 0.0216217
0 0.923437 0.775391 0.0125 0.0126953 0.0216217
0 0.129883 0.623535 0.0115234 0.0146484 0.0215302
0 0.164844 0.724121 0.0265625 0.0273438 0.0215302
0 0.7625 0.51709 0.01875 0.0166016 0.0212097
0 0.123828 0.1745 0.0101562 0.0343018 0.0211182
0 0.0876953 0.954102 0.0144531 0.0136719 0.0206451
0 0.419922 0.894043 0.0125 0.0263672 0.0201721
0 0.991406 0.645996 0.015625 0.0175781 0.0199432
0 0.084375 0.576172 0.0515625 0.0488281 0.0198669
0 0.484375 0.843262 0.00546875 0.0126953 0.0196381
0 0.324805 0.78125 0.0777344 0.0908203 0.0196381
0 0.065625 0.604004 0.06875 0.0771484 0.0194244
0 0.320312 0.862305 0.0476562 0.0605469 0.0192413
0 0.396094 0.0730896 0.0101562 0.0332642 0.0189056
0 0.96875 0.436401 0.0140625 0.0129395 0.0186462
0 0.696875 0.487305 0.0109375 0.0107422 0.0186462
0 0.78125 0.42627 0.009375 0.0151367 0.0184784
0 0.86875 0.468262 0.0125 0.0126953 0.0184326
0 0.847656 0.615234 0.0109375 0.0146484 0.0183716
0 0.332812 0.775391 0.0507812 0.0732422 0.0183411
0 0.418359 0.882812 0.021875 0.0419922 0.0183411
0 0.953125 0.640137 0.0171875 0.0244141 0.0182648
0 0.475391 0.977539 0.009375 0.0136719 0.0180511
0 0.394922 0.0776672 0.0179687 0.0504761 0.0180511
0 0.964063 0.459961 0.0296875 0.0341797 0.0179901
0 0.979688 0.66748 0.0203125 0.015625 0.0177155
0 0.17793 0.92627 0.0117188 0.0126953 0.0174408
0 0.0785156 0.789062 0.0142578 0.0175781 0.0173035
0 0.991406 0.675293 0.0109375 0.0146484 0.0171814
0 0.334766 0.664062 0.0136719 0.0126953 0.0170441
0 0.790625 0.957031 0.0234375 0.0351562 0.016983
0 0.295508 0.904297 0.00859375 0.0136719 0.016922
0 0.769531 0.425415 0.0234375 0.0280762 0.0167236
0 0.0708008 0.438599 0.0130859 0.0134277 0.0165253
0 0.338379 0.80127 0.0755859 0.143555 0.0164032
0 0.358203 0.564453 0.009375 0.0107422 0.0161591
0 0.320703 0.749023 0.0242187 0.0244141 0.0161591
0 0.601562 0.263428 0.0132813 0.0146484 0.0160217
0 0.33916 0.756836 0.0435547 0.0722656 0.0154266
0 0.656641 0.888184 0.0132813 0.0146484 0.0154266
0 0.339453 0.746094 0.0328125 0.0380859 0.0151901
0 0.878125 0.409668 0.015625 0.012207 0.0149536
0 0.763281 0.517578 0.0234375 0.0214844 0.0147324
0 0.642578 0.85791 0.0117188 0.0224609 0.0146179
0 0.889063 0.0623169 0.046875 0.0396729 0.014389
0 0.334375 0.875977 0.00976562 0.0205078 0.014389
0 0.875 0.0825195 0.0375 0.0402832 0.0143356
0 0.548828 0.756836 0.0117188 0.0117188 0.0142822
0 0.286719 0.945557 0.01875 0.0249023 0.014061
0 0.574219 0.297363 0.0117188 0.015625 0.0139542
0 0.553516 0.709961 0.021875 0.0175781 0.0137405
0 0.446875 0.883301 0.0117188 0.0126953 0.0137405
0 0.746875 0.554199 0.0171875 0.0253906 0.0137405
0 0.444531 0.889648 0.0132813 0.0136719 0.0136337
0 0.506641 0.0320435 0.0171875 0.0396729 0.0136337
0 0.894531 0.393311 0.0125 0.0112305 0.013588
0 0.249414 0.740234 0.0132813 0.0126953 0.0135345
0 0.594922 0.631836 0.015625 0.015625 0.0134277
0 0.387109 0.992188 0.0078125 0.0117188 0.0134277
0 0.942187 0.435425 0.0203125 0.0168457 0.0133286
0 0.557813 0.914551 0.0296875 0.0283203 0.0131683
0 0.417969 0.965088 0.0304688 0.0698242 0.0131683
0 0.418359 0.875488 0.0101562 0.0146484 0.0131226
0 0.778125 0.512207 0.0203125 0.0136719 0.0130234
0 0.596484 0.908203 0.0132813 0.0126953 0.0130234
0 0.108594 0.667969 0.0144531 0.0126953 0.012825
0 0.14624 0.665527 0.0145508 0.0185547 0.012825
0 0.310742 0.824219 0.0476562 0.0761719 0.012825
0 0.555859 0.948486 0.0195312 0.0288086 0.012825
0 0.338477 0.257812 0.0179687 0.0146484 0.0127258
0 0.645312 0.86084 0.015625 0.0253906 0.0127258
0 0.844531 0.611816 0.0203125 0.0253906 0.0123825
0 0.888281 0.418945 0.009375 0.012207 0.0123367
0 0.0942383 0.56543 0.0833984 0.0693359 0.012291
0 0.323633 0.776855 0.0371094 0.0380859 0.012146
0 0.838281 0.398926 0.0125 0.00976562 0.0121002
0 0.821875 0.38623 0.009375 0.0180664 0.0120544
0 0.120898 0.934814 0.0101562 0.0131836 0.0119629
0 0.244531 0.738281 0.0304688 0.0263672 0.0119629
0 0.210156 0.849121 0.0113281 0.0136719 0.0119171
0 0.299609 0.894043 0.0105469 0.0341797 0.0116882
0 0.346777 0.441895 0.0158203 0.0117188 0.0115051
0 0.834375 0.394287 0.0078125 0.0107422 0.0114212
0 0.570312 0.934082 0.0140625 0.0166016 0.0114212
0 0.952344 0.325439 0.0484375 0.0991211 0.0114212
0 0.417969 0.882812 0.0296875 0.0498047 0.0113754
0 0.869531 0.408203 0.0171875 0.0117188 0.0113297
0 0.329102 0.860352 0.0402344 0.0595703 0.0112457
0 0.128906 0.949219 0.0126953 0.0175781 0.0112457
0 0.743555 0.864258 0.0269531 0.0419922 0.0110703
0 0.0392334 0.613281 0.064502 0.109375 0.0108185
0 0.0277832 0.702637 0.0405273 0.0488281 0.0108185
0 0.744141 0.864258 0.0367187 0.0673828 0.0108185
0 0.494922 0.775391 0.0273438 0.0576172 0.0107346
0 0.0735352 0.791504 0.0175781 0.0175781 0.0106125
0 0.41875 0.89209 0.021875 0.0410156 0.0104523
0 0.978125 0.387939 0.01875 0.03125 0.0103683
0 0.921875 0.664062 0.0140625 0.0224609 0.0103302
0 0.482422 0.848145 0.0132813 0.0273438 0.0103302
0 0.75 0.555664 0.0140625 0.0166016 0.0102463
0 0.953125 0.451782 0.0484375 0.0446777 0.0102463
0 0.9 0.489258 0.0375 0.0380859 0.01017
0 0.94375 0.443481 0.0265625 0.0212402 0.0100555
0 0.955469 0.309814 0.0359375 0.0327148 0.0100098
0 0.566797 0.937256 0.0132813 0.0161133 0.00997162
0 0.349316 0.439941 0.0154297 0.0107422 0.00993347
0 0.0239746 0.698242 0.0254883 0.0253906 0.00985718
0 0.685156 0.863281 0.009375 0.0146484 0.00985718
0 0.691406 0.519531 0.0109375 0.0126953 0.00978088
0 0.821094 0.383057 0.0140625 0.0258789 0.00974274
0 0.967969 0.466309 0.0171875 0.015625 0.00967407
0 0.551562 0.952148 0.0132813 0.0195312 0.00952148
0 0.857813 0.0871582 0.0109375 0.0244141 0.00948334
0 0.268359 0.48877 0.0203125 0.015625 0.00933838
0 0.411328 0.985352 0.015625 0.0292969 0.00933838
0 0.771094 0.422607 0.01875 0.0234375 0.00930023
0 0.971875 0.647949 0.0109375 0.0117188 0.00905609
0 0.114746 0.444458 0.0294922 0.0163574 0.00891876
0 0.34043 0.878418 0.0113281 0.015625 0.00891876
0 0.396875 0.0653992 0.0117188 0.0298462 0.00891876
0 0.860156 0.0837402 0.01875 0.0400391 0.00891876
0 0.890625 0.0776367 0.0328125 0.0427246 0.00881195
0 0.978125 0.667969 0.04375 0.0322266 0.00881195
0 0.446484 0.885742 0.0195312 0.0185547 0.00878143
0 0.275977 0.777832 0.00859375 0.0107422 0.00867462
0 0.532812 0.970703 0.0101562 0.0117188 0.00867462
0 0.605469 0.00714111 0.0117188 0.0142822 0.00857544
0 0.745313 0.855469 0.025 0.0410156 0.00857544
0 0.0890381 0.608398 0.101221 0.103516 0.00854492
0 0.120898 0.151611 0.0107422 0.0202637 0.0085144
0 0.0561279 0.628418 0.054541 0.0634766 0.0085144
0 0.267578 0.96875 0.0136719 0.0214844 0.0085144
0 0.358594 0.872559 0.0179687 0.0146484 0.00844574
0 0.896875 0.423584 0.0125 0.0131836 0.00831604
0 0.926562 0.43457 0.015625 0.0117188 0.00828552
0 0.0470703 0.65625 0.00664063 0.0126953 0.00815582
0 0.121094 0.939453 0.0123047 0.015625 0.00812531
0 0.957031 0.313721 0.0515625 0.0576172 0.00800323
0 0.541797 0.963867 0.0164062 0.0292969 0.00790405
0 0.125 0.173279 0.0115234 0.0509033 0.00787354
0 0.500391 0.950195 0.00859375 0.015625 0.00775528
0 0.470313 0.755859 0.0125 0.0126953 0.00769424
0 0.296289 0.903809 0.0105469 0.0224609 0.00754929
0 0.5 0.786133 0.0273438 0.0683594 0.00743103
0 0.582812 0.546387 0.0117188 0.00976562 0.00740433
0 0.111523 0.575684 0.0769531 0.126953 0.00740433
0 0.495703 0.793945 0.0195312 0.0546875 0.00731659
0 0.969531 0.444458 0.0140625 0.0192871 0.00728989
0 0.0957031 0.561035 0.040625 0.0341797 0.00728989
0 0.0799805 0.669434 0.0130859 0.0136719 0.00728989
0 0.338184 0.259521 0.0259766 0.0239258 0.00728989
0 0.776563 0.929443 0.0109375 0.0219727 0.00728989
0 0.498828 0.774414 0.0273438 0.0986328 0.00728989
0 0.788281 0.96875 0.015625 0.0253906 0.00717545
0 0.494141 0.795898 0.0171875 0.0341797 0.00706482
0 0.33623 0.820312 0.0580078 0.09375 0.00706482
0 0.130469 0.622559 0.0138672 0.0224609 0.00701141
0 0.932031 0.440552 0.01875 0.017334 0.0069046
0 0.699609 0.605957 0.0164062 0.0136719 0.00674438
0 0.424609 0.893555 0.009375 0.0195312 0.00666809
0 0.314063 0.848633 0.0507812 0.120117 0.00656509
0 0.923437 0.776367 0.0234375 0.0234375 0.0064621
0 0.730859 0.242432 0.0117188 0.012207 0.00629044
0 0.977344 0.469727 0.0125 0.0146484 0.00621796
0 0.482031 0.864258 0.0109375 0.0253906 0.00616837
0 0.0383301 0.603027 0.0538086 0.0810547 0.00614548
0 0.179297 0.521484 0.0371094 0.0703125 0.00609589
0 0.0842773 0.300781 0.0175781 0.012207 0.006073
0 0.0902344 0.953125 0.0138672 0.0136719 0.00605011
0 0.0857422 0.957031 0.0177734 0.0234375 0.00605011
0 0.853906 0.0904541 0.0125 0.017334 0.00600433
0 0.109863 0.443726 0.0242187 0.0168457 0.00598145
0 0.860156 0.0855713 0.03125 0.0439453 0.00582123
0 0.33623 0.830566 0.0486328 0.0664062 0.00579834
0 0.106445 0.714844 0.0167969 0.0136719 0.00577545
0 0.864844 0.467285 0.025 0.0263672 0.00572968
0 0.145459 0.666504 0.0262695 0.0351562 0.00572968
