0 0.769531 0.0834961 0.0671875 0.0615234 0.916016
0 0.8625 0.367432 0.05 0.111816 0.666992
0 0.942969 0.667969 0.0171875 0.0175781 0.491211
0 0.224414 0.871582 0.0722656 0.103516 0.428223
0 0.488672 0.0247803 0.0101562 0.0444336 0.297363
0 0.8375 0.719238 0.0296875 0.0292969 0.267334
0 0.941406 0.66748 0.0234375 0.0234375 0.256836
0 0.890625 0.72998 0.0546875 0.0400391 0.240723
0 0.389453 0.960693 0.01875 0.0493164 0.233032
0 0.817969 0.462891 0.0234375 0.0136719 0.212769
0 0.273828 0.0987549 0.0167969 0.0483398 0.200562
0 0.223828 0.949707 0.0800781 0.100586 0.199951
0 0.991406 0.701172 0.0171875 0.0195312 0.187134
0 0.995313 0.73877 0.009375 0.015625 0.185913
0 0.924219 0.648926 0.009375 0.0166016 0.183594
0 0.839063 0.718262 0.0234375 0.0175781 0.182983
0 0.892187 0.728516 0.040625 0.0292969 0.176636
0 0.144043 0.14856 0.0138672 0.0549316 0.172119
0 0.274805 0.101807 0.0117188 0.0483398 0.149536
0 0.835156 0.718262 0.0203125 0.0195312 0.146118
0 0.224414 0.9104 0.0777344 0.144043 0.136108
0 0.723047 0.416016 0.00859375 0.0219727 0.125122
0 0.967969 0.701172 0.021875 0.0146484 0.121704
0 0.222656 0.871582 0.0589844 0.0683594 0.119202
0 0.387109 0.0567627 0.00859375 0.041748 0.108948
0 0.563672 0.958984 0.0101562 0.0175781 0.102661
0 0.489062 0.0264893 0.0171875 0.050293 0.0997925
0 0.953906 0.737305 0.015625 0.0195312 0.0984497
0 0.817187 0.462891 0.034375 0.0205078 0.0980835
0 0.909375 0.438599 0.0171875 0.0163574 0.0974121
0 0.488281 0.0143433 0.00859375 0.0189209 0.0950317
0 0.964844 0.67334 0.0125 0.0136719 0.0913696
0 0.969531 0.674805 0.01875 0.0146484 0.0894775
0 0.273633 0.0895996 0.00898437 0.0288086 0.088501
0 0.670703 0.56543 0.0179687 0.0175781 0.0878906
0 0.00686035 0.666504 0.0137207 0.121094 0.0853882
0 0.853906 0.846191 0.015625 0.0175781 0.0844727
0 0.576953 0.0055542 0.00859375 0.0111084 0.0806274
0 0.724219 0.414062 0.00703125 0.0151367 0.0803833
0 0.904688 0.43811 0.0125 0.0114746 0.0786133
0 0.389062 0.949219 0.0109375 0.0253906 0.0720825
0 0.143848 0.148804 0.0185547 0.0651855 0.0700684
0 0.967188 0.702148 0.0390625 0.0253906 0.0682983
0 0.605469 0.957031 0.00859375 0.0175781 0.062561
0 0.989453 0.700195 0.0210938 0.0244141 0.0621033
0 0.925781 0.647461 0.0078125 0.0126953 0.0605164
0 0.576172 0.986328 0.0179687 0.0175781 0.0598755
0 0.671094 0.56543 0.025 0.0234375 0.0589905
0 0.228906 0.941895 0.0640625 0.116211 0.0574951
0 0.809375 0.530273 0.0328125 0.0332031 0.0572815
0 0.91875 0.699707 0.0234375 0.015625 0.0554199
0 0.833594 0.470703 0.0125 0.0136719 0.0549927
0 0.230664 0.858398 0.0503906 0.0693359 0.0549927
0 0.402344 0.87793 0.0210938 0.0830078 0.0531921
0 0.967188 0.700195 0.0328125 0.0175781 0.0531921
0 0.222852 0.29541 0.0144531 0.0107422 0.0524292
0 0.385938 0.0567627 0.0148437 0.0490723 0.0518494
0 0.909375 0.438965 0.0234375 0.0205078 0.0512695
0 0.807813 0.531738 0.0234375 0.0244141 0.0503235
0 0.3875 0.961914 0.0140625 0.0332031 0.0503235
0 0.824219 0.46582 0.0171875 0.015625 0.0497742
0 0.872656 0.36499 0.0515625 0.0981445 0.0495911
0 0.994531 0.73877 0.0109375 0.0205078 0.0495911
0 0.911719 0.442383 0.0171875 0.0166016 0.0483093
0 0.96875 0.674316 0.0296875 0.0234375 0.0481262
0 0.955469 0.734375 0.01875 0.0185547 0.0479431
0 0.770117 0.092041 0.0410156 0.0458984 0.0474243
0 0.00695801 0.650391 0.013916 0.0683594 0.0463867
0 0.220117 0.93042 0.084375 0.13916 0.0460205
0 0.142969 0.137207 0.00976562 0.0307617 0.0456848
0 0.672656 0.462402 0.0125 0.0136719 0.0453491
0 0.274414 0.0933838 0.0132813 0.0380859 0.0441895
0 0.675 0.461914 0.01875 0.0214844 0.0433655
0 0.109473 0.819824 0.0173828 0.0166016 0.0427246
0 0.741797 0.431885 0.0117188 0.00878906 0.0420837
0 0.953125 0.73584 0.0234375 0.0234375 0.0420837
0 0.573047 0.987305 0.0148437 0.0136719 0.0406799
0 0.401172 0.871094 0.0242187 0.126953 0.0386047
0 0.233789 0.988281 0.0117188 0.0214844 0.0383301
0 0.778906 0.442383 0.0234375 0.0136719 0.0374756
0 0.579687 0.982422 0.0164062 0.0214844 0.0366211
0 0.00356445 0.634766 0.00712891 0.0419922 0.0352783
0 0.808594 0.526367 0.015625 0.0166016 0.0351562
0 0.218555 0.961182 0.0632813 0.0776367 0.0347595
0 0.219727 0.295166 0.0175781 0.012207 0.0339661
0 0.0072998 0.69043 0.0145996 0.0820312 0.0324707
0 0.232812 0.495117 0.015625 0.0107422 0.0319824
0 0.977344 0.678711 0.0265625 0.0185547 0.0318604
0 0.982031 0.699707 0.0265625 0.0175781 0.0316162
0 0.925 0.651855 0.0171875 0.0253906 0.0307922
0 0.115723 0.821777 0.0214844 0.0195312 0.0305634
0 0.811719 0.52832 0.015625 0.0166016 0.0302124
0 0.957031 0.699219 0.01875 0.0146484 0.0288696
0 0.883594 0.734863 0.040625 0.0351562 0.0269623
0 0.455469 0.790527 0.0226563 0.0195312 0.0268555
0 0.861719 0.341064 0.0546875 0.0688477 0.0268555
0 0.00856934 0.676758 0.0171387 0.102539 0.0265503
0 0.947656 0.73584 0.01875 0.0175781 0.0261536
0 0.930469 0.69873 0.0203125 0.0136719 0.0252686
0 0.400781 0.880859 0.028125 0.0566406 0.025177
0 0.0107422 0.665527 0.0214844 0.0839844 0.0249939
0 0.945312 0.69873 0.015625 0.0146484 0.0249939
0 0.223633 0.857422 0.0476562 0.0556641 0.0249939
0 0.219336 0.971191 0.0503906 0.0576172 0.0248871
0 0.909375 0.700684 0.015625 0.0117188 0.0247955
0 0.810938 0.458984 0.0203125 0.0146484 0.024704
0 0.109863 0.821289 0.0253906 0.0253906 0.0246124
0 0.24707 0.632324 0.00898437 0.0136719 0.0241394
0 0.678516 0.564941 0.0195312 0.0195312 0.0240479
0 0.863281 0.337891 0.0390625 0.0444336 0.0236053
0 0.882812 0.421143 0.015625 0.0146484 0.0233307
0 0.917188 0.700684 0.040625 0.0253906 0.0231476
0 0.00786133 0.692383 0.0157227 0.0517578 0.0228882
0 0.131543 0.834961 0.0185547 0.0205078 0.0225372
0 0.935156 0.661621 0.0125 0.0195312 0.0224609
0 0.864062 0.37793 0.0453125 0.0712891 0.0223694
0 0.909375 0.705078 0.01875 0.015625 0.02211
0 0.903906 0.728027 0.0265625 0.0185547 0.02211
0 0.576953 0.986328 0.0242187 0.0234375 0.02211
0 0.777344 0.509277 0.0140625 0.0126953 0.0219421
0 0.950781 0.668945 0.015625 0.0136719 0.0219421
0 0.0839844 0.677734 0.0109375 0.0136719 0.0207977
0 0.978516 0.699707 0.0429688 0.0322266 0.0202484
0 0.00178223 0.623535 0.00356445 0.0175781 0.0200958
0 0.143457 0.15625 0.0150391 0.0336914 0.0198669
0 0.232031 0.984863 0.0214844 0.0302734 0.0198669
0 0.3875 0.0651855 0.009375 0.0358887 0.0195618
0 0.670703 0.563477 0.0132813 0.0126953 0.0193481
0 0.882812 0.419922 0.021875 0.0224609 0.0190582
0 0.498828 0.69873 0.0148437 0.0136719 0.0189819
0 0.853906 0.84668 0.0234375 0.0224609 0.0189056
0 0.760156 0.666992 0.0125 0.0175781 0.0188293
0 0.0103516 0.680664 0.0207031 0.0751953 0.0187683
0 0.975781 0.680176 0.04375 0.0322266 0.018692
0 0.874219 0.366211 0.0390625 0.0629883 0.0182953
0 0.817969 0.46582 0.025 0.0175781 0.0182648
0 0.20625 0.926758 0.0671875 0.146484 0.0182648
0 0.385547 0.0565186 0.021875 0.0561523 0.0181274
0 0.7625 0.0928955 0.05625 0.0534668 0.0179901
0 0.985156 0.524414 0.0296875 0.111328 0.0176392
0 0.917969 0.703613 0.025 0.0175781 0.0175781
0 0.723047 0.415527 0.0140625 0.0258789 0.0175781
0 0.954687 0.735352 0.0328125 0.03125 0.0175781
0 0.0046875 0.639648 0.009375 0.0566406 0.0175171
0 0.892187 0.73584 0.0328125 0.0380859 0.0173035
0 0.220313 0.295166 0.0234375 0.0185547 0.0173035
0 0.778125 0.441895 0.0390625 0.0224609 0.0173035
0 0.947656 0.735352 0.0265625 0.0234375 0.0171051
0 0.492188 0.294922 0.0125 0.0146484 0.0166626
0 0.385938 0.0460815 0.0078125 0.0172119 0.0165253
0 0.874219 0.692871 0.0078125 0.0117188 0.0162811
0 0.875 0.694824 0.0109375 0.0117188 0.0162201
0 0.116113 0.82373 0.0355469 0.0332031 0.0159607
0 0.819531 0.676758 0.009375 0.0107422 0.0156021
0 0.389844 0.953125 0.0148437 0.0410156 0.0153656
0 0.879687 0.719727 0.0203125 0.0205078 0.0153046
0 0.489844 0.0163574 0.0132813 0.0273438 0.0153046
0 0.83125 0.470215 0.0234375 0.0234375 0.0146713
0 0.942187 0.635254 0.0109375 0.00878906 0.0146179
0 0.875781 0.495605 0.015625 0.0214844 0.0145035
0 0.925 0.650391 0.0125 0.0185547 0.0145035
0 0.672656 0.462891 0.0210938 0.0263672 0.014389
0 0.564453 0.959961 0.015625 0.0253906 0.014389
0 0.964063 0.396973 0.0109375 0.0102539 0.0142822
0 0.667969 0.956787 0.0367187 0.0668945 0.0142822
0 0.903125 0.729492 0.05625 0.0361328 0.0141144
0 0.857813 0.481934 0.0171875 0.0146484 0.014061
0 0.390234 0.916016 0.00703125 0.015625 0.0139008
0 0.580469 0.982422 0.0273438 0.0351562 0.0138474
0 0.8 0.52002 0.009375 0.0117188 0.0137405
0 0.964063 0.564941 0.0140625 0.0214844 0.0134277
0 0.398828 0.858643 0.0289063 0.165527 0.0132751
0 0.453516 0.791016 0.0359375 0.0322266 0.0131683
0 0.94375 0.73291 0.015625 0.0136719 0.0130234
0 0.965625 0.673828 0.021875 0.0205078 0.01297
0 0.218359 0.91626 0.0691406 0.0952148 0.0129242
0 0.885938 0.418945 0.0078125 0.0166016 0.0126266
0 0.811719 0.462891 0.0375 0.0253906 0.0126266
0 0.7625 0.67334 0.0171875 0.0185547 0.0124283
0 0.00722656 0.703613 0.0125 0.03125 0.0124283
0 0.99375 0.428223 0.0125 0.0205078 0.0123825
0 0.560938 0.958008 0.0117188 0.0195312 0.0123825
0 0.023584 0.754883 0.0213867 0.0283203 0.0123367
0 0.786719 0.448242 0.0109375 0.0146484 0.012146
0 0.4875 0.032959 0.0101562 0.0253906 0.0120544
0 0.404687 0.887207 0.0179687 0.0527344 0.0120544
0 0.598437 0.53418 0.0117188 0.0117188 0.0119629
0 0.275977 0.108887 0.00859375 0.0300293 0.0119171
0 0.485938 0.0315552 0.015625 0.0369873 0.0116882
0 0.678125 0.564453 0.0335938 0.0283203 0.0116425
0 0.8875 0.424561 0.0109375 0.0151367 0.0115967
0 0.957031 0.699707 0.04375 0.0302734 0.0115509
0 0.934375 0.660156 0.028125 0.0332031 0.0115051
0 0.797656 0.424805 0.0109375 0.0117188 0.011467
0 0.00791016 0.70166 0.0119141 0.0449219 0.0114212
0 0.876562 0.729492 0.034375 0.0458984 0.0113754
0 0.745703 0.0998535 0.0117188 0.0253906 0.0113297
0 0.849219 0.84668 0.0171875 0.0175781 0.0110703
0 0.911719 0.442505 0.021875 0.0241699 0.0110703
0 0.210938 0.946289 0.0632813 0.107422 0.0109024
0 0.958594 0.513184 0.009375 0.0175781 0.0108185
0 0.95625 0.633789 0.0140625 0.0117188 0.0108185
0 0.908594 0.705078 0.040625 0.0273438 0.0107803
0 0.0439209 0.819824 0.0160645 0.015625 0.0107346
0 0.669531 0.949219 0.0257812 0.0410156 0.0107346
0 0.74668 0.0976562 0.0191406 0.0383301 0.0106506
0 0.0242187 0.753418 0.0269531 0.0429688 0.0105667
0 0.8 0.423584 0.015625 0.0107422 0.0105286
0 0.8375 0.475586 0.0125 0.0126953 0.0104904
0 0.960156 0.703613 0.0171875 0.0136719 0.0104904
0 0.842969 0.880859 0.0125 0.0283203 0.0104904
0 0.896875 0.708984 0.0125 0.0175781 0.0104065
0 0.596094 0.569336 0.0117188 0.0146484 0.0103302
0 0.905469 0.438599 0.021875 0.026123 0.0103302
0 0.654688 0.60791 0.00859375 0.015625 0.01017
0 0.982031 0.702148 0.0203125 0.0136719 0.01017
0 0.398828 0.871582 0.0460938 0.0908203 0.01017
0 0.667969 0.957764 0.0289063 0.043457 0.01017
0 0.168359 0.875488 0.0117188 0.0146484 0.0100937
0 0.120898 0.830078 0.0441406 0.0419922 0.0100098
0 0.167773 0.545898 0.0160156 0.0136719 0.00997162
0 0.235156 0.880127 0.065625 0.14209 0.00993347
0 0.945312 0.788086 0.0078125 0.0146484 0.00989532
0 0.202148 0.927246 0.0453125 0.120117 0.00981903
0 0.605469 0.958984 0.0140625 0.0253906 0.00978088
0 0.989062 0.5625 0.0125 0.0214844 0.00971222
0 0.20625 0.91748 0.0554687 0.0634766 0.00971222
0 0.958594 0.67334 0.009375 0.0136719 0.00963593
0 0.129883 0.833984 0.0326172 0.0302734 0.00948334
0 0.230664 0.983398 0.0296875 0.0332031 0.00933838
0 0.770312 0.442383 0.021875 0.0136719 0.00919342
0 0.953906 0.579102 0.0140625 0.0224609 0.00919342
0 0.727734 0.424561 0.009375 0.0180664 0.00912476
0 0.802344 0.486328 0.009375 0.0126953 0.00912476
0 0.215234 0.870117 0.0582031 0.0849609 0.00905609
0 0.773438 0.505371 0.0109375 0.00878906 0.0088501
0 0.147461 0.549316 0.0238281 0.0185547 0.0088501
0 0.13623 0.835938 0.0136719 0.0136719 0.0088501
0 0.928906 0.701172 0.0453125 0.0283203 0.0088501
0 0.0207031 0.80127 0.0118164 0.0117188 0.00878143
0 0.402734 0.88916 0.0195312 0.0341797 0.00878143
0 0.977344 0.521973 0.0453125 0.111328 0.00878143
0 0.88125 0.72168 0.0359375 0.0351562 0.00857544
0 0.853906 0.366455 0.05 0.0976562 0.0085144
0 0.761719 0.0963135 0.0296875 0.0356445 0.00841522
0 0.971094 0.536621 0.015625 0.0361328 0.00837708
0 0.401172 0.851562 0.0195312 0.115234 0.00837708
0 0.676172 0.462891 0.03125 0.0361328 0.00834656
0 0.982813 0.510254 0.0203125 0.0371094 0.00831604
0 0.78125 0.475586 0.021875 0.0195312 0.00818634
0 0.577344 0.00830078 0.0125 0.0166016 0.00815582
0 0.00671387 0.638184 0.0134277 0.0732422 0.00815582
0 0.870313 0.490723 0.0171875 0.0175781 0.00806427
0 0.391016 0.967773 0.0171875 0.0390625 0.00803375
0 0.932031 0.46875 0.0140625 0.0117188 0.00800323
0 0.472656 0.599609 0.00859375 0.0107422 0.00793457
0 0.231836 0.493164 0.0246094 0.015625 0.00790405
0 0.884375 0.417725 0.0125 0.0209961 0.00787354
0 0.985156 0.522461 0.0296875 0.0683594 0.00787354
0 0.953125 0.556152 0.0109375 0.0166016 0.00784302
0 0.985156 0.563477 0.0078125 0.0166016 0.00775528
0 0.236328 0.910156 0.05625 0.164062 0.00775528
0 0.167187 0.548828 0.0210938 0.0185547 0.00772476
0 0.236133 0.492676 0.0152344 0.0107422 0.00763702
0 0.121094 0.832031 0.0273438 0.0283203 0.00757599
0 0.156055 0.552734 0.0246094 0.0234375 0.00751877
0 0.75918 0.671387 0.0191406 0.0175781 0.00751877
0 0.980469 0.522461 0.0359375 0.0615234 0.00746155
0 0.276758 0.106934 0.0117188 0.0380859 0.00746155
0 0.273828 0.109375 0.00898437 0.0217285 0.00737381
0 0.236133 0.855469 0.0597656 0.103516 0.00737381
0 0.682422 0.469727 0.0125 0.0195312 0.00734711
0 0.203125 0.931641 0.0605469 0.0878906 0.00731659
0 0.814062 0.534668 0.01875 0.0292969 0.00725937
0 0.229102 0.969727 0.0292969 0.0527344 0.00723267
0 0.75918 0.666992 0.0222656 0.0380859 0.00723267
0 0.94375 0.69873 0.0359375 0.0263672 0.00720596
0 0.74668 0.098877 0.0300781 0.0407715 0.00714874
0 0.683203 0.55957 0.0148437 0.0117188 0.00706482
0 0.989844 0.687012 0.0125 0.0214844 0.0069046
0 0.621484 0.269531 0.0132813 0.012207 0.0068779
0 0.455078 0.844238 0.0101562 0.0136719 0.0068512
0 0.907812 0.385254 0.0125 0.015625 0.00682449
0 0.989062 0.508789 0.021875 0.0517578 0.00674438
0 0.564453 0.959961 0.0226563 0.0273438 0.00674438
0 0.371094 0.338135 0.0109375 0.00976562 0.00666809
0 0.559766 0.957031 0.0203125 0.0332031 0.00666809
0 0.849219 0.846191 0.0234375 0.0283203 0.00664139
0 0.596484 0.533203 0.0125 0.0126953 0.00661469
0 0.317773 0.982422 0.0113281 0.0234375 0.00658798
0 0.573828 0.00552368 0.0132813 0.0110474 0.00651169
0 0.824219 0.467773 0.03125 0.0253906 0.0064888
0 0.154932 0.553223 0.0420898 0.0371094 0.00643921
0 0.875781 0.355957 0.03125 0.0537109 0.00638962
0 0.563281 0.541992 0.0125 0.0107422 0.00634003
0 0.946094 0.704102 0.015625 0.015625 0.00634003
0 0.796094 0.456055 0.0109375 0.0117188 0.00629044
0 0.93125 0.70459 0.0203125 0.0185547 0.00624084
0 0.389844 0.952881 0.021875 0.0512695 0.00619125
0 0.908594 0.700684 0.0359375 0.0224609 0.00616837
