0 0.56875 0.277588 0.05625 0.0551758 0.913086
0 0.581641 0.110352 0.0375 0.0441895 0.78125
0 0.712305 0.301758 0.0910156 0.0717773 0.78125
0 0.217969 0.486816 0.0464844 0.0419922 0.291016
0 0.715234 0.306152 0.0617188 0.0722656 0.220703
0 0.754492 0.326416 0.0363281 0.0634766 0.168335
0 0.220117 0.456543 0.0289063 0.03125 0.160767
0 0.758398 0.324219 0.0238281 0.0419922 0.151001
0 0.220508 0.456543 0.0234375 0.0234375 0.138916
0 0.218164 0.484863 0.0316406 0.0390625 0.133911
0 0.708594 0.296631 0.059375 0.0615234 0.12854
0 0.321875 0.791016 0.009375 0.0107422 0.122131
0 0.584766 0.106567 0.0367187 0.0327148 0.113953
0 0.791406 0.827148 0.0078125 0.0126953 0.107056
0 0.562891 0.277588 0.0453125 0.0444336 0.0891113
0 0.575781 0.106689 0.0304688 0.043457 0.0827026
0 0.726953 0.311523 0.0929687 0.0981445 0.0772095
0 0.240625 0.21582 0.0132813 0.0126953 0.0700684
0 0.468359 0.778809 0.0132813 0.0166016 0.0698242
0 0.304688 0.76709 0.0109375 0.0175781 0.0685425
0 0.221289 0.453613 0.0179687 0.0166016 0.0611877
0 0.792969 0.828613 0.009375 0.0175781 0.0611877
0 0.230859 0.489746 0.0289063 0.03125 0.0594177
0 0.241016 0.487305 0.0160156 0.0166016 0.0594177
0 0.992188 0.90332 0.015625 0.015625 0.0568542
0 0.229883 0.490234 0.0527344 0.0410156 0.0564575
0 0.957812 0.981445 0.0125 0.00976562 0.0512695
0 0.759375 0.321289 0.0171875 0.0341797 0.0435181
0 0.586328 0.114258 0.0273438 0.0439453 0.0433655
0 0.568359 0.269287 0.0445312 0.0283203 0.0408325
0 0.573828 0.106201 0.025 0.0305176 0.0405273
0 0.211523 0.489746 0.028125 0.0341797 0.0401001
0 0.402344 0.967773 0.0125 0.0136719 0.0401001
0 0.0065918 0.792969 0.00859375 0.0146484 0.0383301
0 0.0595703 0.802734 0.0125 0.0107422 0.0372009
0 0.95625 0.982422 0.0171875 0.0136719 0.0344849
0 0.773438 0.282715 0.009375 0.0166016 0.0321045
0 0.6625 0.910645 0.0117188 0.0126953 0.0318604
0 0.961719 0.981445 0.015625 0.0117188 0.0294189
0 0.00634766 0.823242 0.00791016 0.0292969 0.0282135
0 0.574609 0.114136 0.0257812 0.0361328 0.0281067
0 0.994531 0.266846 0.009375 0.0107422 0.0278015
0 0.13457 0.190735 0.00996094 0.0125732 0.0264587
0 0.0376465 0.802246 0.0107422 0.0107422 0.0254669
0 0.209961 0.484375 0.0414063 0.0625 0.0247955
0 0.795313 0.79248 0.009375 0.0117188 0.0245209
0 0.721094 0.312744 0.0476562 0.0561523 0.0241394
0 0.32168 0.791504 0.0148437 0.0175781 0.0236969
0 0.466797 0.777832 0.0179687 0.0253906 0.0234222
0 0.110742 0.22876 0.0105469 0.0112305 0.0223694
0 0.239844 0.487793 0.0257812 0.0244141 0.0222931
0 0.464844 0.828613 0.0132813 0.015625 0.0208893
0 0.208008 0.483398 0.0246094 0.0332031 0.02034
0 0.562109 0.285156 0.025 0.0419922 0.0199432
0 0.440234 0.931152 0.00859375 0.00976562 0.0198669
0 0.151123 0.808594 0.0102539 0.0117188 0.0196381
0 0.045166 0.256104 0.00957031 0.0141602 0.0189362
0 0.933594 0.969727 0.0109375 0.00976562 0.018692
0 0.957031 0.981445 0.0234375 0.0214844 0.0185394
0 0.989844 0.902832 0.0203125 0.0224609 0.0179138
0 0.0739258 0.833496 0.00976562 0.015625 0.0177765
0 0.463672 0.831055 0.0164062 0.0185547 0.0172424
0 0.982813 0.499023 0.0140625 0.0107422 0.0156708
0 0.304297 0.766113 0.0140625 0.0244141 0.0156708
0 0.576563 0.279785 0.034375 0.0439453 0.0155411
0 0.248242 0.017334 0.0105469 0.0118408 0.0154266
0 0.792188 0.828613 0.0125 0.0244141 0.0142822
0 0.455469 0.870117 0.0101562 0.00976562 0.014061
0 0.771094 0.280762 0.009375 0.0126953 0.0140076
0 0.350684 0.38208 0.0126953 0.0126953 0.0136337
0 0.760156 0.331299 0.028125 0.0688477 0.0132217
0 0.684375 0.915039 0.00859375 0.0126953 0.0125275
0 0.760938 0.333252 0.0171875 0.0498047 0.0123825
0 0.575781 0.269043 0.0546875 0.0566406 0.0120544
0 0.229492 0.481934 0.0261719 0.0322266 0.0119171
0 0.0213867 0.751953 0.0353516 0.0283203 0.0113297
0 0.348535 0.381348 0.00996094 0.0112305 0.011116
0 0.501562 0.933594 0.0117188 0.0117188 0.0108185
0 0.228711 0.483398 0.0605469 0.0576172 0.0107803
0 0.0213379 0.752441 0.027832 0.0224609 0.0105667
0 0.578516 0.266357 0.0335938 0.0268555 0.0103683
0 0.801562 0.96875 0.0171875 0.0136719 0.0103683
0 0.241016 0.217773 0.0199219 0.0146484 0.0103302
0 0.772656 0.285645 0.01875 0.0268555 0.01017
0 0.266602 0.496094 0.0140625 0.0107422 0.0100937
0 0.716406 0.127686 0.0140625 0.0129395 0.0100098
0 0.916406 0.707031 0.009375 0.00976562 0.0100098
0 0.00683594 0.824219 0.0130859 0.0478516 0.00971222
0 0.557813 0.266602 0.025 0.0185547 0.00963593
0 0.00712891 0.800293 0.0120117 0.0253906 0.00941467
0 0.507812 0.531738 0.0132813 0.0107422 0.00926971
0 0.700391 0.302734 0.0453125 0.0571289 0.00891876
0 0.865625 0.961914 0.0140625 0.0117188 0.00891876
0 0.00771484 0.793945 0.0152344 0.0302734 0.0088501
0 0.0333984 0.800293 0.0103516 0.0136719 0.00847626
0 0.791406 0.828125 0.01875 0.0244141 0.00841522
0 0.711719 0.313477 0.0351562 0.0532227 0.00837708
0 0.560938 0.269043 0.046875 0.0419922 0.00793457
0 0.991406 0.307129 0.0125 0.0117188 0.00787354
0 0.459766 0.832031 0.0132813 0.0136719 0.00787354
0 0.169531 0.726074 0.0152344 0.0117188 0.00769424
0 0.374609 0.288574 0.0117188 0.012207 0.00766754
0 0.224219 0.45459 0.0222656 0.0234375 0.00746155
0 0.733398 0.306396 0.0707031 0.0800781 0.00734711
0 0.745313 0.327148 0.0625 0.0786133 0.00725937
0 0.22832 0.48291 0.0753906 0.0751953 0.00723267
0 0.98125 0.499512 0.021875 0.015625 0.00706482
0 0.785937 0.994141 0.009375 0.0117188 0.00703812
0 0.220508 0.8125 0.0105469 0.0117188 0.00701141
0 0.00561523 0.829102 0.0112305 0.0341797 0.00677109
0 0.550781 0.273438 0.015625 0.0219727 0.00674438
0 0.581641 0.119873 0.03125 0.0349121 0.00674438
0 0.306445 0.834961 0.0167969 0.0126953 0.00669098
0 0.582422 0.119995 0.0445312 0.0429688 0.00658798
0 0.0212891 0.583984 0.0145508 0.0126953 0.00656509
0 0.558203 0.296143 0.0078125 0.0166016 0.00653839
0 0.532812 0.811035 0.015625 0.0107422 0.00653839
0 0.375 0.37793 0.009375 0.00878906 0.00638962
0 0.660156 0.910156 0.0117188 0.0107422 0.00624084
0 0.809375 0.816406 0.0109375 0.0146484 0.00616837
0 0.23125 0.116943 0.0121094 0.0129395 0.00605011
0 0.508203 0.802246 0.0148437 0.00878906 0.00605011
0 0.0958008 0.805176 0.0183594 0.0146484 0.00595856
0 0.05896 0.803223 0.0234863 0.0175781 0.005867
0 0.0141113 0.79248 0.00986328 0.0185547 0.00582123
0 0.742578 0.317627 0.0398437 0.0483398 0.00577545
0 0.0308594 0.616211 0.0180664 0.0117188 0.00577545
0 0.0209473 0.751465 0.0171875 0.015625 0.00572968
0 0.985937 0.499023 0.0125 0.0136719 0.00561905
0 0.240625 0.215088 0.0242187 0.0195312 0.00547028
0 0.747461 0.331055 0.0269531 0.0336914 0.00526047
0 0.0163574 0.79834 0.0135742 0.0205078 0.00521851
0 0.699219 0.293945 0.0507812 0.0429688 0.00518036
0 0.0179687 0.682617 0.0148437 0.0117188 0.00510025
0 0.875 0.991211 0.015625 0.0136719 0.0050621
0 0.827344 0.717773 0.0140625 0.0117188 0.00503922
0 0.224219 0.452148 0.0308594 0.0244141 0.00492477
0 0.00881348 0.800293 0.017627 0.0390625 0.0049057
0 0.446094 0.915039 0.0078125 0.00976562 0.00479126
0 0.552344 0.2771 0.025 0.0371094 0.00471878
0 0.582031 0.12146 0.0203125 0.0283203 0.00468063
0 0.302539 0.76416 0.021875 0.0214844 0.00468063
0 0.535156 0.80957 0.0109375 0.0078125 0.0046463
0 0.196875 0.83252 0.0117188 0.015625 0.0046463
0 0.125977 0.994629 0.00703125 0.0107422 0.0046463
0 0.353516 0.646484 0.01875 0.0146484 0.00457382
0 0.319531 0.794434 0.0109375 0.00976562 0.00453949
0 0.28125 0.87207 0.00859375 0.0126953 0.00452042
0 0.980469 0.498535 0.0296875 0.0253906 0.00446701
0 0.659766 0.980469 0.0117188 0.00976562 0.00441742
0 0.819531 0.81543 0.025 0.0185547 0.00439835
0 0.133984 0.189514 0.0146484 0.0194092 0.00439835
0 0.871875 0.992188 0.015625 0.0136719 0.00416565
0 0.241016 0.217773 0.0316406 0.0219727 0.00413513
0 0.319141 0.876953 0.0195312 0.0175781 0.00407028
0 0.438672 0.961914 0.00703125 0.015625 0.00407028
0 0.228711 0.213379 0.0125 0.0126953 0.00403976
0 0.00935059 0.792969 0.0187012 0.0322266 0.00403976
0 0.402734 0.966797 0.015625 0.0214844 0.00395966
0 0.32168 0.00540161 0.0175781 0.0108032 0.0039444
0 0.921875 0.677734 0.0125 0.00976562 0.0039444
0 0.583203 0.274658 0.03125 0.0454102 0.0039444
0 0.61875 0.728516 0.0117188 0.0107422 0.00391388
0 0.797656 0.790527 0.009375 0.0146484 0.00391388
0 0.795313 0.790039 0.0171875 0.0273438 0.00387001
0 0.764063 0.311768 0.009375 0.012207 0.00383949
0 0.241797 0.48584 0.0261719 0.0361328 0.00382423
0 0.00830078 0.823242 0.0166016 0.0605469 0.00380898
0 0.883594 0.145386 0.021875 0.0153809 0.00379562
0 0.289453 0.745117 0.0175781 0.0107422 0.00378036
0 0.807031 0.77002 0.0125 0.0117188 0.00378036
0 0.957031 0.334961 0.015625 0.0117188 0.00362206
0 0.376563 0.840332 0.0140625 0.0107422 0.00362206
0 0.319531 0.874512 0.0160156 0.0146484 0.00359344
0 0.157178 0.159058 0.0286133 0.0205078 0.00358009
0 0.156445 0.786621 0.00976562 0.00976562 0.00358009
0 0.0246094 0.614746 0.0123047 0.0117188 0.00353813
0 0.725781 0.294678 0.053125 0.0405273 0.00351143
0 0.710938 0.338135 0.009375 0.0170898 0.00349617
0 0.821094 0.813477 0.0203125 0.0117188 0.00345612
0 0.209766 0.426758 0.00820312 0.0102539 0.00342941
0 0.158789 0.753906 0.0109375 0.0107422 0.00342941
0 0.462891 0.830566 0.0210938 0.0263672 0.00342941
0 0.967969 0.896973 0.0109375 0.0136719 0.00338936
0 0.0895508 0.810059 0.0269531 0.0195312 0.00335121
0 0.0911133 0.808105 0.0353516 0.0273438 0.00324821
0 0.583594 0.273926 0.0398437 0.0634766 0.00322342
0 0.735547 0.305908 0.0460938 0.0532227 0.00316048
0 0.994922 0.818359 0.0101562 0.0107422 0.00316048
0 0.921094 0.147461 0.01875 0.0136719 0.00314713
0 0.678906 0.281738 0.0132813 0.012207 0.00314713
0 0.430469 0.828613 0.0132813 0.0117188 0.00309944
0 0.531641 0.945312 0.015625 0.00976562 0.00307465
0 0.204102 0.831543 0.0125 0.0146484 0.00305176
0 0.282422 0.29126 0.0121094 0.0112305 0.00302696
0 0.509766 0.53125 0.0117188 0.0078125 0.00302696
0 0.65625 0.982422 0.0171875 0.00976562 0.00298119
0 0.589453 0.286133 0.0132813 0.0273438 0.0029583
0 0.99375 0.268555 0.0125 0.0209961 0.00293541
0 0.517187 0.875488 0.0125 0.00976562 0.00292397
0 0.0266113 0.754395 0.0249023 0.0234375 0.00288963
0 0.139453 0.178406 0.0078125 0.0196533 0.00286674
0 0.247461 0.0187988 0.0164062 0.019165 0.0028553
0 0.794531 0.796875 0.009375 0.0126953 0.00283432
0 0.0711914 0.834961 0.0212891 0.03125 0.00282288
0 0.803125 0.96875 0.0328125 0.0214844 0.00279045
0 0.903906 0.978516 0.0140625 0.00976562 0.00276756
0 0.20918 0.463867 0.0152344 0.0185547 0.0027256
0 0.567578 0.0966797 0.009375 0.00927734 0.00269318
0 0.363281 0.39624 0.0125 0.0112305 0.00266266
0 0.128809 0.970703 0.0113281 0.0136719 0.00265312
0 0.0125 0.680664 0.00830078 0.0136719 0.00263214
0 0.685547 0.914551 0.0101562 0.0175781 0.0026207
0 0.114941 0.726562 0.0144531 0.0117188 0.00258064
0 0.662109 0.913574 0.0234375 0.0244141 0.00255013
0 0.0106445 0.798828 0.0212891 0.0517578 0.00255013
0 0.360156 0.182983 0.0164062 0.0129395 0.00253105
0 0.483203 0.818848 0.009375 0.0126953 0.00253105
0 0.432422 0.827637 0.0109375 0.0117188 0.00252151
0 0.414453 0.803223 0.0125 0.0107422 0.00251198
0 0.705859 0.344971 0.0148437 0.0126953 0.0024929
0 0.810938 0.758301 0.0078125 0.00878906 0.00248146
0 0.717578 0.127563 0.01875 0.0236816 0.00248146
0 0.476562 0.986328 0.0125 0.00976562 0.00247192
0 0.430469 0.122803 0.0171875 0.0153809 0.00246239
0 0.800781 0.966797 0.025 0.0214844 0.00245285
0 0.156641 0.159058 0.0488281 0.0319824 0.00243378
0 0.986719 0.897949 0.0109375 0.0136719 0.00239754
0 0.441016 0.791992 0.0171875 0.0146484 0.00234222
0 0.860937 0.961914 0.0109375 0.00976562 0.00232315
0 0.195312 0.723145 0.0148437 0.0078125 0.00227928
0 0.107813 0.227295 0.0167969 0.0141602 0.00226974
0 0.20332 0.721191 0.0152344 0.00878906 0.00226021
0 0.382031 0.962891 0.0109375 0.0078125 0.00226021
0 0.238086 0.900391 0.0105469 0.0117188 0.00223351
0 0.796094 0.970703 0.0125 0.0136719 0.00222588
0 0.401172 0.964844 0.0234375 0.0214844 0.00221634
0 0.241992 0.483398 0.0394531 0.0400391 0.00219917
0 0.12832 0.967773 0.0126953 0.00976562 0.00218201
0 0.163672 0.161865 0.0460938 0.0395508 0.00218201
0 0.212109 0.429932 0.009375 0.0112305 0.00214958
0 0.100293 0.803711 0.0175781 0.0146484 0.00210762
0 0.792188 0.756348 0.0109375 0.0107422 0.00209999
0 0.73457 0.294922 0.0558594 0.0678711 0.0020752
0 0.165039 0.161499 0.03125 0.026123 0.00206757
0 0.0682617 0.540527 0.0158203 0.0117188 0.00203514
0 0.686328 0.290039 0.025 0.027832 0.00201988
0 0.932813 0.967773 0.015625 0.0214844 0.00201988
0 0.716797 0.127808 0.0289063 0.0266113 0.00200272
0 0.939844 0.995605 0.009375 0.00878906 0.00198746
0 0.130859 0.188477 0.0195312 0.0209961 0.00198746
0 0.687109 0.291992 0.0367187 0.0478516 0.00197983
0 0.821094 0.81543 0.04375 0.0234375 0.00197983
0 0.855469 0.137695 0.021875 0.0141602 0.0019722
0 0.20625 0.213623 0.0152344 0.015625 0.00192642
0 0.558984 0.294189 0.0132813 0.0263672 0.00191212
0 0.458984 0.900391 0.0125 0.0117188 0.00188255
0 0.0707031 0.834473 0.03125 0.0332031 0.00188255
0 0.3375 0.286621 0.0109375 0.0117188 0.00182438
0 0.458984 0.83252 0.0257812 0.0244141 0.00182438
0 0.680469 0.921387 0.0148437 0.0117188 0.00181007
0 0.0750977 0.836426 0.0189453 0.0322266 0.00181007
0 0.0447266 0.256348 0.0136719 0.0214844 0.00179577
0 0.155859 0.153931 0.01875 0.0131836 0.00178242
0 0.232617 0.222168 0.0179687 0.0175781 0.00177479
0 0.735156 0.329346 0.0179687 0.0327148 0.00176144
0 0.25918 0.492676 0.00898437 0.0126953 0.00175476
0 0.0820312 0.123169 0.021875 0.0144043 0.0017271
0 0.555859 0.750977 0.0203125 0.0117188 0.0017271
0 0.0945313 0.803223 0.0328125 0.0292969 0.0017271
0 0.163086 0.755371 0.0105469 0.0136719 0.00172043
0 0.231641 0.52832 0.0144531 0.015625 0.00171375
0 0.9625 0.980469 0.021875 0.0195312 0.00170708
0 0.021582 0.584961 0.0276367 0.0244141 0.00169373
0 0.0165527 0.797363 0.0285156 0.0380859 0.00169373
0 0.892187 0.145752 0.025 0.0144043 0.00168705
0 0.430469 0.119141 0.0289063 0.0285645 0.00166798
0 0.18125 0.76416 0.0121094 0.0107422 0.00165462
0 0.719922 0.335205 0.0117188 0.0224609 0.00164223
0 0.975781 0.589355 0.0109375 0.0117188 0.00163555
0 0.509375 0.913574 0.0078125 0.00976562 0.00163555
0 0.5875 0.283691 0.01875 0.0483398 0.00163555
0 0.217187 0.222656 0.0183594 0.0200195 0.00162888
0 0.78125 0.298096 0.0109375 0.0161133 0.00162888
0 0.280078 0.874023 0.0109375 0.0126953 0.00162888
0 0.319141 0.876953 0.0363281 0.0371094 0.00162315
0 0.857813 0.632812 0.0125 0.0107422 0.00161076
0 0.731641 0.326904 0.0648438 0.0717773 0.00161076
0 0.0262207 0.753906 0.0427734 0.0410156 0.00161076
0 0.563672 0.102539 0.00546875 0.0180664 0.00160408
0 0.36875 0.381348 0.0101562 0.0112305 0.00160408
0 0.150439 0.811035 0.012793 0.0126953 0.00160408
0 0.347852 0.381836 0.0199219 0.0214844 0.0015974
0 0.225781 0.746582 0.009375 0.0126953 0.00157928
0 0.366797 0.183716 0.0203125 0.0144043 0.00157356
0 0.10752 0.258789 0.0128906 0.0195312 0.00155449
0 0.305273 0.563965 0.0277344 0.015625 0.00154877
0 0.764844 0.346191 0.0109375 0.0219727 0.00153637
0 0.882812 0.146973 0.0328125 0.0253906 0.00153637
0 0.953125 0.0418091 0.01875 0.0177002 0.00152493
