0 0.368359 0.429932 0.0226563 0.019043 0.693359
0 0.418359 0.448242 0.0179687 0.0214844 0.614258
0 0.290234 0.10437 0.0140625 0.0219727 0.524414
0 0.171484 0.3125 0.0171875 0.0200195 0.524414
0 0.415234 0.34668 0.0125 0.0151367 0.491211
0 0.20918 0.199219 0.0125 0.0170898 0.483398
0 0.380469 0.0396118 0.01875 0.0150146 0.451416
0 0.439063 0.236816 0.009375 0.0185547 0.431152
0 0.41875 0.476074 0.009375 0.0185547 0.420654
0 0.185352 0.249023 0.0121094 0.019043 0.40918
0 0.358594 0.401611 0.0117188 0.0180664 0.40918
0 0.492578 0.193604 0.009375 0.0175781 0.391357
0 0.23418 0.1698 0.0113281 0.0170898 0.38208
0 0.418359 0.449829 0.0210938 0.0319824 0.359375
0 0.383984 0.339111 0.0195312 0.0356445 0.35498
0 0.29043 0.104492 0.0191406 0.0268555 0.346924
0 0.391406 0.349854 0.0125 0.0175781 0.338135
0 0.383984 0.344727 0.021875 0.0302734 0.309082
0 0.534766 0.129639 0.0171875 0.0373535 0.300781
0 0.302734 0.0883789 0.0101562 0.0144043 0.282959
0 0.429688 0.253418 0.009375 0.0170898 0.27124
0 0.358203 0.401611 0.0140625 0.0234375 0.253906
0 0.40625 0.346191 0.0140625 0.015625 0.223999
0 0.364062 0.0405273 0.0132813 0.0118408 0.216675
0 0.519922 0.143677 0.00859375 0.013916 0.206909
0 0.439063 0.237549 0.0125 0.0253906 0.205566
0 0.20918 0.199463 0.01875 0.0214844 0.199951
0 0.434766 0.145142 0.0125 0.0158691 0.193115
0 0.233789 0.170166 0.0152344 0.0209961 0.190674
0 0.417969 0.475098 0.0125 0.0224609 0.190674
0 0.359766 0.0410156 0.009375 0.0141602 0.182373
0 0.537109 0.122437 0.0132813 0.0288086 0.177856
0 0.375781 0.464355 0.009375 0.0126953 0.177856
0 0.385156 0.336426 0.0148437 0.0273438 0.167725
0 0.390625 0.348633 0.021875 0.0249023 0.146118
0 0.521875 0.394531 0.0101562 0.0146484 0.143677
0 0.185352 0.248779 0.0175781 0.0229492 0.128906
0 0.492188 0.195251 0.0125 0.0211182 0.115967
0 0.365625 0.43042 0.0226563 0.027832 0.115967
0 0.429688 0.253906 0.0125 0.0249023 0.110107
0 0.407031 0.34668 0.0226563 0.0195312 0.0927124
0 0.414844 0.346924 0.01875 0.0195312 0.092041
0 0.30332 0.0887451 0.0140625 0.0224609 0.0692749
0 0.528125 0.393799 0.0117188 0.0131836 0.0673218
0 0.359277 0.404053 0.0212891 0.0288086 0.0661011
0 0.359375 0.041626 0.0132813 0.0178223 0.0568542
0 0.384766 0.332275 0.0117188 0.015625 0.0558167
0 0.436719 0.244141 0.0109375 0.0244141 0.0539856
0 0.287305 0.110107 0.0113281 0.0200195 0.0483093
0 0.435547 0.243408 0.0179687 0.0336914 0.0455322
0 0.383594 0.0386963 0.0125 0.0153809 0.0453491
0 0.519922 0.144165 0.0117188 0.0197754 0.0428772
0 0.365625 0.0407715 0.0226563 0.0187988 0.0423889
0 0.521484 0.395996 0.0148437 0.019043 0.0419312
0 0.433203 0.145996 0.0210938 0.0195312 0.0419312
0 0.385156 0.328125 0.0117188 0.0126953 0.0384521
0 0.371484 0.43042 0.0234375 0.0239258 0.0359497
0 0.367188 0.422607 0.0132813 0.0209961 0.0318604
0 0.286914 0.110474 0.0144531 0.0251465 0.0316162
0 0.358594 0.0407715 0.0179687 0.0203857 0.0294189
0 0.538281 0.124512 0.0210938 0.0410156 0.0285492
0 0.421094 0.446777 0.0195312 0.0283203 0.0280151
0 0.41875 0.44397 0.0171875 0.0183105 0.0274811
0 0.377344 0.46582 0.0148437 0.0195312 0.0273743
0 0.365625 0.433472 0.0328125 0.0227051 0.0261536
0 0.414844 0.345459 0.025 0.0234375 0.0225372
0 0.288477 0.106323 0.0238281 0.0334473 0.0223694
0 0.435547 0.242676 0.0234375 0.0405273 0.0204926
0 0.531641 0.139038 0.00859375 0.0170898 0.0201721
0 0.384766 0.332764 0.01875 0.0253906 0.0186157
0 0.407813 0.347656 0.0125 0.0117188 0.0184784
0 0.527734 0.395508 0.01875 0.0214844 0.0168457
0 0.487891 0.196289 0.01875 0.0185547 0.0155411
0 0.367578 0.420898 0.0257812 0.0361328 0.0153656
0 0.301562 0.0949707 0.0121094 0.0202637 0.0150146
0 0.358984 0.0455933 0.0078125 0.0153809 0.0149536
0 0.235547 0.173218 0.0121094 0.0158691 0.0147324
0 0.296875 0.0965576 0.0140625 0.019043 0.0132217
0 0.377344 0.46582 0.0210938 0.0214844 0.0130234
0 0.439063 0.235352 0.0203125 0.0258789 0.0120544
0 0.172656 0.313477 0.0273438 0.027832 0.0113297
0 0.486719 0.197693 0.0242187 0.0264893 0.0112915
0 0.41875 0.443359 0.025 0.0292969 0.0106964
0 0.433984 0.142334 0.0125 0.0153809 0.0102921
0 0.436719 0.145264 0.0203125 0.0219727 0.00978088
0 0.493359 0.191589 0.0117188 0.0147705 0.00878143
0 0.366309 0.42041 0.0431641 0.046875 0.00861359
0 0.235938 0.1698 0.01875 0.0256348 0.00793457
0 0.355762 0.396484 0.0150391 0.0166016 0.0078125
0 0.383594 0.331299 0.0257812 0.0336914 0.00740433
0 0.486328 0.197021 0.0335938 0.0307617 0.00717545
0 0.300977 0.0952148 0.01875 0.0344238 0.00701141
0 0.379687 0.0426636 0.0320312 0.0270996 0.00695801
0 0.295898 0.0960693 0.025 0.0332031 0.00641251
0 0.358203 0.0455322 0.0125 0.0244141 0.00634003
0 0.435547 0.236816 0.0125 0.012207 0.00559998
0 0.212109 0.204346 0.0125 0.0151367 0.00551224
0 0.530859 0.139404 0.0171875 0.0258789 0.00548935
0 0.384375 0.0390625 0.0164062 0.0219727 0.00542831
0 0.113477 0.867676 0.0177734 0.0146484 0.0051384
0 0.525 0.140869 0.00625 0.0148926 0.00508118
0 0.417578 0.442261 0.0351562 0.0412598 0.00484848
0 0.423047 0.476074 0.0117188 0.0136719 0.00482941
0 0.293359 0.521973 0.0132813 0.0146484 0.00462723
0 0.3875 0.328613 0.0140625 0.0234375 0.00408554
0 0.407031 0.347168 0.03125 0.027832 0.00385475
0 0.357324 0.0447388 0.0205078 0.0251465 0.00385475
0 0.381641 0.0366211 0.0179687 0.0172119 0.00370789
0 0.208594 0.191223 0.0121094 0.0150146 0.00370789
0 0.236719 0.173767 0.015625 0.0284424 0.00370789
0 0.302734 0.095459 0.0292969 0.032959 0.00362206
0 0.378125 0.0441895 0.0273438 0.0167236 0.00353813
0 0.433594 0.141724 0.0234375 0.0300293 0.00342941
0 0.377344 0.470215 0.009375 0.0185547 0.00328636
0 0.372656 0.462402 0.0125 0.015625 0.00323486
0 0.296094 0.0948486 0.0390625 0.0441895 0.00302696
0 0.100293 0.386963 0.0871094 0.0322266 0.00288963
0 0.417969 0.481445 0.0109375 0.015625 0.00286674
0 0.414062 0.458984 0.0117188 0.0214844 0.0027256
0 0.0939453 0.381226 0.0548828 0.141846 0.00271416
0 0.521094 0.391602 0.021875 0.03125 0.0024929
0 0.499609 0.194336 0.0117188 0.012207 0.00248146
0 0.222852 0.169312 0.015625 0.012207 0.00214958
0 0.414453 0.478516 0.0109375 0.0166016 0.00205803
0 0.357812 0.395996 0.0203125 0.0307617 0.00203514
0 0.384375 0.0392456 0.0265625 0.026001 0.00198746
0 0.407422 0.344727 0.0539063 0.0351562 0.00192642
0 0.369141 0.0465088 0.0132813 0.0125732 0.00185299
0 0.49375 0.190369 0.0179687 0.0289307 0.00182438
0 0.0917969 0.390869 0.0898438 0.0473633 0.00174141
0 0.349414 0.402832 0.0160156 0.0126953 0.00172043
0 0.236719 0.174072 0.0296875 0.0302734 0.00171375
0 0.440625 0.140503 0.0117188 0.012207 0.00168133
0 0.998438 0.045166 0.003125 0.090332 0.0016489
0 0.0942383 0.379883 0.0705078 0.0512695 0.00164223
0 0.432813 0.140015 0.0390625 0.0373535 0.00161648
0 0.212695 0.203613 0.01875 0.0292969 0.00157356
0 0.219727 0.183594 0.0128906 0.0112305 0.00150108
0 0.413281 0.460938 0.03125 0.0449219 0.00148392
0 0.418359 0.480469 0.0117188 0.0253906 0.00139427
0 0.375781 0.347412 0.00859375 0.0141602 0.00135612
0 0.424609 0.458984 0.0140625 0.0175781 0.00135136
0 0.377344 0.340088 0.0117188 0.0161133 0.00129414
0 0.425 0.257324 0.0125 0.012207 0.00128937
0 0.435156 0.236816 0.025 0.0263672 0.0012846
0 0.294531 0.522461 0.0191406 0.0253906 0.00126934
0 0.232812 0.158569 0.0117188 0.0153809 0.00124931
0 0.386719 0.327637 0.021875 0.0253906 0.00124454
0 0.418359 0.480469 0.0226563 0.0263672 0.00121593
0 0.377734 0.470215 0.0171875 0.0332031 0.00114727
0 1 0.956787 0 0.0864258 0.00113773
0 0.521094 0.389893 0.0375 0.0371094 0.00113392
0 0.293164 0.521484 0.0335938 0.0351562 0.00113392
0 0.521875 0.139771 0.01875 0.0385742 0.00111198
0 0.492188 0.203857 0.0125 0.019043 0.00109005
0 0.199609 0.199219 0.0144531 0.0107422 0.00108147
0 0.0991211 0.37915 0.0513672 0.253418 0.00107765
0 0.20918 0.190857 0.0265625 0.0318604 0.00105667
0 0.115039 0.867188 0.0160156 0.0224609 0.00102043
0 0.212695 0.204346 0.0367187 0.0327148 0.00100803
