0 0.932031 0.231934 0.0515625 0.0498047 0.890137
0 0.930469 0.543945 0.0765625 0.0683594 0.81543
0 0.0228027 0.81543 0.0447266 0.0302734 0.509766
0 0.106055 0.572266 0.0226563 0.0185547 0.421631
0 0.586719 0.0192261 0.0460938 0.0384521 0.320801
0 0.106543 0.572266 0.0310547 0.0224609 0.319092
0 0.442187 0.901855 0.0273438 0.0205078 0.31665
0 0.132422 0.568359 0.0142578 0.0136719 0.258301
0 0.416797 0.850098 0.0453125 0.0585938 0.248657
0 0.440625 0.901855 0.034375 0.0263672 0.243652
0 0.0176758 0.0725098 0.0142578 0.0153809 0.19812
0 0.932031 0.548828 0.053125 0.0693359 0.178345
0 0.402344 0.899414 0.0578125 0.0839844 0.178345
0 0.583984 0.0130615 0.0367187 0.026123 0.168335
0 0.177734 0.983398 0.0128906 0.015625 0.15979
0 0.0209961 0.814941 0.0368164 0.0224609 0.156616
0 0.181445 0.986328 0.015625 0.0136719 0.153564
0 0.00412598 0.463867 0.00825195 0.0146484 0.135254
0 0.248047 0.410156 0.0128906 0.0126953 0.123779
0 0.111133 0.571289 0.0220703 0.0146484 0.111633
0 0.0795898 0.986328 0.0134766 0.0136719 0.0984497
0 0.107324 0.575195 0.0361328 0.0322266 0.092041
0 0.132227 0.569336 0.0191406 0.0185547 0.0910645
0 0.497266 0.363281 0.0140625 0.012207 0.088501
0 0.403516 0.901367 0.046875 0.0644531 0.0881958
0 0.900781 0.993652 0.0140625 0.0126953 0.0830078
0 0.414062 0.864258 0.0507812 0.0761719 0.0736694
0 0.423438 0.84668 0.0289063 0.0400391 0.0731812
0 0.742383 0.234131 0.0167969 0.015625 0.072876
0 0.0288574 0.813965 0.028418 0.0185547 0.069519
0 0.939062 0.235596 0.0328125 0.0463867 0.0692749
0 0.424609 0.84375 0.0203125 0.0224609 0.0668335
0 0.480078 0.924805 0.0257812 0.0175781 0.0648804
0 0.102148 0.572266 0.0347656 0.0273438 0.0632324
0 0.955469 0.993652 0.021875 0.0126953 0.0609741
0 0.591406 0.0231934 0.0328125 0.0463867 0.0598755
0 0.0998047 0.571777 0.0246094 0.0205078 0.058136
0 0.417969 0.984375 0.0140625 0.015625 0.0579224
0 0.181055 0.985352 0.0210938 0.0195312 0.0570679
0 0.469531 0.96582 0.0203125 0.015625 0.0545959
0 0.0180664 0.071991 0.0189453 0.0205688 0.0539856
0 0.205078 0.984375 0.0132813 0.0117188 0.0526123
0 0.923437 0.553223 0.046875 0.0615234 0.0486755
0 0.479297 0.924316 0.0351562 0.0244141 0.0445251
0 0.989062 0.918457 0.0125 0.0136719 0.0440063
0 0.421094 0.841309 0.0242187 0.0234375 0.0435181
0 0.932031 0.531738 0.0484375 0.0390625 0.0432129
0 0.419141 0.877441 0.0179687 0.0283203 0.042572
0 0.473047 0.924805 0.025 0.0185547 0.042572
0 0.324219 0.428223 0.0113281 0.0112305 0.0417786
0 0.134961 0.566895 0.0140625 0.015625 0.0414734
0 0.407813 0.871582 0.0632813 0.101562 0.0411377
0 0.416406 0.864746 0.0320312 0.0556641 0.0399475
0 0.373828 0.30835 0.0101562 0.0131836 0.0390625
0 0.423438 0.882324 0.0125 0.0175781 0.0375977
0 0.185156 0.988281 0.0136719 0.0136719 0.0374756
0 0.436328 0.901855 0.0234375 0.0224609 0.0354004
0 0.365625 0.411133 0.0148437 0.0107422 0.0296478
0 0.407031 0.911133 0.0335938 0.0478516 0.0294189
0 0.417969 0.876953 0.0335938 0.0458984 0.0293121
0 0.929688 0.223145 0.040625 0.0273438 0.0287628
0 0.336523 0.370361 0.0105469 0.0131836 0.0283356
0 0.914844 0.979492 0.009375 0.0136719 0.0283356
0 0.946875 0.226074 0.0140625 0.0205078 0.0280151
0 0.0104004 0.94043 0.0078125 0.0117188 0.0279083
0 0.32207 0.428711 0.0136719 0.0126953 0.0267639
0 0.989062 0.958984 0.021875 0.0234375 0.0259552
0 0.819531 0.022583 0.0234375 0.0183105 0.0252686
0 0.408984 0.854492 0.0242187 0.03125 0.0248871
0 0.946094 0.992676 0.021875 0.0146484 0.0245209
0 0.497266 0.364502 0.0195312 0.0185547 0.0244293
0 0.431641 0.990234 0.0234375 0.0175781 0.0241394
0 0.954687 0.992188 0.0359375 0.015625 0.0237732
0 0.419922 0.985352 0.025 0.0195312 0.0236969
0 0.914062 0.550293 0.0453125 0.0722656 0.0234222
0 0.469141 0.873535 0.0132813 0.0126953 0.0233307
0 0.600391 0.981445 0.0125 0.00976562 0.0230713
0 0.17168 0.489746 0.0132813 0.0126953 0.0227203
0 0.24707 0.4104 0.0179687 0.0151367 0.0225372
0 0.00576172 0.463867 0.0101562 0.0234375 0.02211
0 0.113086 0.572754 0.0390625 0.0283203 0.0215302
0 0.985156 0.960938 0.01875 0.015625 0.0214539
0 0.407813 0.868652 0.0390625 0.0654297 0.0206451
0 0.437109 0.902832 0.0445312 0.0351562 0.0205688
0 0.382812 0.992188 0.0117188 0.0117188 0.0201721
0 0.418359 0.910645 0.0296875 0.0341797 0.0199432
0 0.593359 0.0311279 0.0210938 0.0251465 0.0196381
0 0.397266 0.887695 0.0421875 0.0664062 0.0193481
0 0.444922 0.960938 0.0117188 0.0117188 0.0193481
0 0.917188 0.218506 0.0203125 0.0224609 0.0190582
0 0.468359 0.96582 0.0367187 0.0195312 0.0189819
0 0.477734 0.352783 0.009375 0.0112305 0.0189362
0 0.899219 0.994141 0.0109375 0.0117188 0.0185089
0 0.658594 0.535645 0.0132813 0.0195312 0.0182648
0 0.594141 0.0293579 0.0289063 0.0338135 0.0182648
0 0.17793 0.983398 0.0214844 0.0214844 0.0180511
0 0.432422 0.908203 0.059375 0.0390625 0.0173798
0 0.916406 0.983398 0.0109375 0.015625 0.0173035
0 0.371094 0.706055 0.0140625 0.0126953 0.0170441
0 0.0797852 0.985352 0.0146484 0.0214844 0.016983
0 0.0748047 0.947266 0.0101562 0.00976562 0.0167236
0 0.416797 0.909668 0.0695312 0.0546875 0.0167236
0 0.185352 0.443237 0.0136719 0.0148926 0.0166626
0 0.612891 0.708984 0.0125 0.0166016 0.0165253
0 0.535547 0.0665283 0.015625 0.0136719 0.0164032
0 0.447266 0.901367 0.0140625 0.0195312 0.0164032
0 0.182422 0.528809 0.0125 0.0136719 0.0163422
0 0.601953 0.982422 0.015625 0.0136719 0.0162811
0 0.397656 0.909668 0.0375 0.0458984 0.0162201
0 0.431641 0.908203 0.0328125 0.0253906 0.0161591
0 0.742969 0.233398 0.0132813 0.0234375 0.0157776
0 0.9875 0.995117 0.0140625 0.00976562 0.0155411
0 0.938281 0.53418 0.075 0.0566406 0.0155411
0 0.960938 0.993652 0.0171875 0.0126953 0.0153046
0 0.987109 0.959961 0.0257812 0.0371094 0.0151291
0 0.0137207 0.069458 0.0161133 0.0168457 0.0149536
0 0.173047 0.980469 0.0105469 0.0117188 0.0147324
0 0.901563 0.991211 0.0234375 0.0175781 0.0147324
0 0.706836 0.0266724 0.0894531 0.0321045 0.0146713
0 0.39375 0.583984 0.0148437 0.015625 0.0144501
0 0.466797 0.377441 0.0125 0.012207 0.0141754
0 0.683594 0.0274048 0.0273438 0.0198975 0.0139542
0 0.533203 0.521973 0.0125 0.015625 0.0139542
0 0.63125 0.737793 0.0125 0.0117188 0.0139542
0 0.384375 0.286865 0.00859375 0.0112305 0.0137939
0 0.9375 0.546875 0.0453125 0.0488281 0.0137405
0 0.414844 0.900391 0.0242187 0.0273438 0.0133743
0 0.472266 0.922363 0.0132813 0.0117188 0.0132217
0 0.945312 0.990234 0.040625 0.0195312 0.0131683
0 0.744531 0.543945 0.015625 0.0205078 0.0131226
0 0.817969 0.0183716 0.0203125 0.017334 0.0127258
0 0.649609 0.703125 0.0109375 0.0136719 0.0126266
0 0.828906 0.0233765 0.025 0.0180664 0.0124817
0 0.0994141 0.316162 0.0138672 0.012207 0.012146
0 0.6625 0.534668 0.0140625 0.0195312 0.012146
0 0.540234 0.520996 0.0148437 0.015625 0.0115967
0 0.741211 0.233154 0.0238281 0.0205078 0.0114212
0 0.81875 0.0234375 0.0453125 0.0266113 0.0109482
0 0.654297 0.323975 0.0164062 0.0136719 0.0109024
0 0.996875 0.896484 0.00625 0.0117188 0.0108566
0 0.502344 0.210205 0.0179687 0.015625 0.0106506
0 0.0144043 0.072052 0.0217773 0.024353 0.0104904
0 0.780469 0.0236206 0.0328125 0.0241699 0.0102081
0 0.32168 0.429443 0.0195312 0.0209961 0.0100937
0 0.0152832 0.816406 0.0305664 0.0283203 0.00997162
0 0.0794922 0.985352 0.0191406 0.0273438 0.00989532
0 0.578125 0.197266 0.0164062 0.0146484 0.00971222
0 0.707422 0.0257568 0.0421875 0.0301514 0.00941467
0 0.430469 0.988281 0.040625 0.0234375 0.00933838
0 0.696094 0.0253906 0.0375 0.0273438 0.00923157
0 0.985937 0.960938 0.028125 0.0292969 0.00912476
0 0.919531 0.221191 0.0375 0.0458984 0.00898743
0 0.705273 0.0327759 0.0972656 0.0340576 0.00894928
0 0.135742 0.567871 0.0216797 0.0263672 0.00891876
0 0.545703 0.621582 0.0125 0.0107422 0.0088501
0 0.696094 0.0269165 0.0617188 0.0369873 0.00881195
0 0.778711 0.0241089 0.0707031 0.0327148 0.00871277
0 0.924219 0.236572 0.025 0.0415039 0.0086441
0 0.932813 0.247803 0.015625 0.0253906 0.0086441
0 0.658203 0.536621 0.0203125 0.0341797 0.0086441
0 0.683203 0.0274658 0.0445312 0.027832 0.00857544
0 0.646875 0.705078 0.009375 0.00976562 0.00854492
0 0.360938 0.411621 0.015625 0.0126953 0.00844574
0 0.517969 0.96582 0.0195312 0.0136719 0.00844574
0 0.0228516 0.836914 0.0163086 0.0253906 0.00841522
0 0.370703 0.311768 0.0148437 0.0136719 0.00821686
0 0.517187 0.97168 0.0265625 0.0175781 0.00818634
0 0.0242187 0.989258 0.00917969 0.0175781 0.00818634
0 0.00566406 0.463379 0.0113281 0.0244141 0.00815582
0 0.691016 0.263184 0.0171875 0.0175781 0.00812531
0 0.902344 0.994629 0.01875 0.0107422 0.00800323
0 0.651563 0.700684 0.0109375 0.0166016 0.00796509
0 0.670703 0.571289 0.0125 0.0175781 0.00793457
0 0.201953 0.982422 0.0117188 0.0117188 0.00793457
0 0.172461 0.983398 0.0125 0.0117188 0.0078125
0 0.675 0.336914 0.0140625 0.0136719 0.00775528
0 0.941406 0.529785 0.04375 0.0322266 0.00775528
0 0.71582 0.0280151 0.0761719 0.0428467 0.00775528
0 0.990625 0.587891 0.0125 0.0126953 0.00772476
0 0.990625 0.831055 0.0140625 0.0205078 0.00772476
0 0.982813 0.861816 0.015625 0.015625 0.00763702
0 0.630859 0.705566 0.009375 0.0126953 0.00751877
0 0.989453 0.92041 0.0210938 0.0253906 0.00751877
0 0.536328 0.0677185 0.0242187 0.0164185 0.00723267
0 0.205078 0.984375 0.0164062 0.0214844 0.00720596
0 0.405859 0.396729 0.015625 0.0170898 0.00712204
0 0.385156 0.583008 0.0140625 0.0166016 0.00703812
0 0.365234 0.412354 0.0234375 0.0195312 0.00703812
0 0.99375 0.773926 0.0125 0.0136719 0.00701141
0 0.984375 0.994629 0.015625 0.0107422 0.00701141
0 0.946094 0.539551 0.0484375 0.0673828 0.00701141
0 0.499219 0.208252 0.0140625 0.0126953 0.00695801
0 0.882812 0.645996 0.0140625 0.0117188 0.0068779
0 0.673828 0.026062 0.0164062 0.0135498 0.00679779
0 0.454688 0.540039 0.0203125 0.0244141 0.00674438
0 0.982813 0.858887 0.0140625 0.0166016 0.00674438
0 0.932031 0.246094 0.0296875 0.0322266 0.00674438
0 0.608594 0.707031 0.0148437 0.0185547 0.00671768
0 0.230859 0.456543 0.009375 0.0126953 0.00666809
0 0.0202148 0.986328 0.0139648 0.0195312 0.00664139
0 0.439063 0.991211 0.0203125 0.0175781 0.00664139
0 0.91875 0.561523 0.0421875 0.0625 0.00664139
0 0.673828 0.572266 0.0109375 0.0126953 0.00658798
0 0.0227539 0.835938 0.0383789 0.0390625 0.00653839
0 0.206445 0.747559 0.0222656 0.015625 0.0064888
0 0.503516 0.937012 0.0148437 0.0146484 0.00641251
0 0.174805 0.490234 0.015625 0.0117188 0.00638962
0 0.741602 0.0250244 0.0886719 0.0343018 0.00634003
0 0.921094 0.530273 0.0359375 0.0234375 0.00629044
0 0.292578 0.962891 0.0195312 0.0117188 0.00624084
0 0.473047 0.410889 0.0132813 0.0126953 0.00619125
0 0.475 0.966797 0.0148437 0.00976562 0.00619125
0 0.490625 0.929688 0.01875 0.0175781 0.00614548
0 0.470313 0.875488 0.0125 0.015625 0.00612259
0 0.621094 0.692871 0.00859375 0.0107422 0.00609589
0 0.113672 0.830566 0.0126953 0.0117188 0.006073
0 0.770312 0.024231 0.0375 0.0258789 0.00605011
0 0.9125 0.553223 0.0296875 0.0537109 0.00605011
0 0.753125 0.77832 0.0125 0.0107422 0.00605011
0 0.0963867 0.865234 0.0177734 0.015625 0.00605011
0 0.744531 0.0248413 0.0359375 0.0283203 0.00602722
0 0.185742 0.98877 0.0257812 0.0224609 0.00600433
0 0.657812 0.535645 0.0289063 0.0400391 0.00598145
0 0.932813 0.246582 0.04375 0.0390625 0.00595856
0 0.718359 0.0258179 0.0398437 0.0311279 0.00588989
0 0.0416992 0.978516 0.00957031 0.0117188 0.005867
0 0.18418 0.444214 0.0183594 0.0227051 0.005867
0 0.846094 0.0230713 0.0359375 0.0187988 0.00582123
0 0.557031 0.510742 0.0125 0.0195312 0.00582123
0 0.924219 0.53418 0.065625 0.0488281 0.00577545
0 0.171289 0.491211 0.0199219 0.0195312 0.00572968
0 0.516797 0.97168 0.0476562 0.0273438 0.00572968
0 0.970312 0.592285 0.0125 0.0136719 0.00564194
0 0.971094 0.273193 0.0578125 0.0576172 0.00564194
0 0.430078 0.620605 0.0117188 0.0126953 0.00551224
0 0.509766 0.966797 0.0195312 0.0136719 0.00544739
0 0.754883 0.0244141 0.0355469 0.0250244 0.00542831
0 0.946875 0.227539 0.021875 0.0249023 0.00538635
0 0.444922 0.526367 0.015625 0.0253906 0.00527954
0 0.938281 0.962891 0.015625 0.00976562 0.00521851
0 0.809375 0.0230713 0.025 0.019043 0.00510025
0 0.469922 0.873047 0.0171875 0.0185547 0.00510025
0 0.767969 0.0256348 0.0671875 0.0404053 0.00500107
0 0.533984 0.654297 0.0117188 0.0126953 0.0049057
0 0.744141 0.545898 0.0289063 0.0371094 0.0049057
0 0.509766 0.970703 0.0304688 0.0214844 0.00486755
0 0.920313 0.564453 0.0171875 0.0390625 0.00482941
0 0.457812 0.962891 0.0179687 0.0136719 0.00482941
0 0.827344 0.0255127 0.0515625 0.0351562 0.00479126
0 0.452344 0.503906 0.0132813 0.0175781 0.00475693
0 0.424219 0.883789 0.0203125 0.03125 0.00475693
0 0.695312 0.0316162 0.0773437 0.0251465 0.00471878
0 0.0101562 0.8125 0.0152344 0.0126953 0.0046463
0 0.532812 0.524414 0.021875 0.0263672 0.00457382
0 0.989844 0.825684 0.0171875 0.0244141 0.00450516
0 0.911719 0.542969 0.0375 0.0380859 0.00446701
0 0.0256348 0.981445 0.00820312 0.0175781 0.00446701
0 0.392578 0.584473 0.0257812 0.0244141 0.00446701
0 0.0330078 0.758789 0.0143555 0.0175781 0.00445175
0 0.898438 0.98877 0.0203125 0.0224609 0.00445175
0 0.967969 0.595215 0.01875 0.0146484 0.00436401
0 0.988281 0.855469 0.0109375 0.0146484 0.00436401
0 0.985937 0.859375 0.0140625 0.0195312 0.00434875
0 0.396094 0.871094 0.0265625 0.0302734 0.00432968
0 0.601953 0.981445 0.01875 0.0214844 0.00432968
0 0.968359 0.162109 0.0632813 0.0541992 0.00429916
0 0.98125 0.860352 0.028125 0.0322266 0.00429916
0 0.955469 0.960938 0.0125 0.00976562 0.00428009
0 0.59375 0.570801 0.01875 0.0273438 0.00426483
0 0.971094 0.274658 0.034375 0.0361328 0.00424957
0 0.0137695 0.302979 0.00751953 0.0107422 0.00424957
0 0.647266 0.581055 0.0132813 0.0136719 0.0042305
0 0.129883 0.684082 0.0121094 0.0136719 0.0042305
0 0.752539 0.026062 0.0714844 0.0432129 0.0042305
0 0.78125 0.0179443 0.025 0.0163574 0.00419998
0 0.914844 0.228027 0.025 0.0478516 0.00419998
0 0.969531 0.880859 0.0171875 0.00976562 0.00416565
0 0.0737305 0.880859 0.009375 0.0175781 0.00413513
0 0.022168 0.944336 0.00927734 0.0117188 0.00413513
0 0.696484 0.611328 0.0132813 0.0126953 0.00411606
0 0.576563 0.00857544 0.0265625 0.0171509 0.0041008
0 0.370313 0.706543 0.0234375 0.0214844 0.0041008
0 0.654688 0.66748 0.0140625 0.0126953 0.00407028
0 0.598828 0.0350952 0.0109375 0.0181885 0.00403976
0 0.940625 0.223633 0.0296875 0.0175781 0.00403976
0 0.231641 0.772461 0.0152344 0.0136719 0.00403976
0 0.501562 0.210938 0.0304688 0.0268555 0.00403976
0 0.0180176 0.0646667 0.0145508 0.0237427 0.00397491
0 0.0202148 0.847656 0.0175781 0.0175781 0.00397491
0 0.4125 0.809082 0.0117188 0.0117188 0.00392914
0 0.744336 0.543945 0.0410156 0.0439453 0.00392914
0 0.533203 0.523438 0.0320312 0.03125 0.00391388
0 0.31875 0.666504 0.0109375 0.0126953 0.00390053
0 0.682422 0.271729 0.0234375 0.0175781 0.00385475
0 0.914844 0.983398 0.0203125 0.0273438 0.00385475
0 0.841406 0.63623 0.0125 0.0117188 0.00378036
0 0.408594 0.773926 0.0140625 0.00976562 0.0037365
0 0.907812 0.972656 0.0125 0.015625 0.0037365
0 0.540234 0.523926 0.0304688 0.03125 0.0037365
0 0.914062 0.227539 0.0109375 0.0322266 0.00372124
