0 0.629297 0.410156 0.0210938 0.0185547 0.681641
0 0.427734 0.277344 0.0148437 0.0161133 0.625
0 0.467578 0.163208 0.0109375 0.0185547 0.599121
0 0.682813 0.432739 0.0164062 0.0231934 0.589844
0 0.442187 0.213379 0.0101562 0.0175781 0.538086
0 0.551172 0.0672913 0.0140625 0.0221558 0.515625
0 0.665625 0.325195 0.0148437 0.012207 0.478516
0 0.492188 0.134033 0.009375 0.0151367 0.467773
0 0.699609 0.21167 0.0078125 0.0166016 0.453369
0 0.623438 0.375732 0.0125 0.019043 0.424316
0 0.68125 0.462891 0.009375 0.015625 0.408203
0 0.645312 0.317627 0.0195312 0.0375977 0.403564
0 0.674609 0.326904 0.0125 0.015625 0.387695
0 0.688281 0.22876 0.00859375 0.0185547 0.357666
0 0.750977 0.168945 0.00898437 0.0141602 0.345215
0 0.682422 0.433472 0.0203125 0.0314941 0.332764
0 0.551562 0.0671387 0.01875 0.0258789 0.318359
0 0.6375 0.447754 0.0078125 0.0136719 0.315674
0 0.779688 0.117432 0.009375 0.0151367 0.310791
0 0.646484 0.309814 0.0109375 0.0263672 0.307373
0 0.798437 0.101929 0.0171875 0.0388184 0.279785
0 0.564062 0.0512695 0.00703125 0.0175781 0.259033
0 0.653516 0.32251 0.0140625 0.0170898 0.227417
0 0.792188 0.380371 0.015625 0.019043 0.227417
0 0.694922 0.115479 0.009375 0.0136719 0.223389
0 0.673047 0.359619 0.0109375 0.0161133 0.218628
0 0.552344 0.496582 0.009375 0.0146484 0.218628
0 0.633594 0.00674438 0.0148437 0.0134888 0.218018
0 0.646484 0.311768 0.0148437 0.0307617 0.201782
0 0.628906 0.40918 0.0273438 0.0292969 0.193726
0 0.466406 0.164185 0.0164062 0.0217285 0.192505
0 0.8 0.0925293 0.0109375 0.0202637 0.170532
0 0.68125 0.462402 0.0117188 0.0195312 0.168335
0 0.623438 0.375 0.01875 0.0214844 0.160278
0 0.689453 0.227783 0.0132813 0.0263672 0.153564
0 0.491797 0.134033 0.0117188 0.0197754 0.151001
0 0.666797 0.325195 0.0234375 0.0185547 0.149536
0 0.441797 0.213867 0.0164062 0.0219727 0.149536
0 0.428516 0.2771 0.0195312 0.0195312 0.146606
0 0.700391 0.21167 0.0125 0.0234375 0.12085
0 0.636328 0.446289 0.0101562 0.0175781 0.108948
0 0.794531 0.108521 0.0109375 0.0195312 0.107788
0 0.633984 0.00790405 0.0195312 0.0158081 0.107788
0 0.676953 0.327637 0.009375 0.0161133 0.104126
0 0.0169922 0.855957 0.00683594 0.0166016 0.100159
0 0.779688 0.117065 0.0125 0.0209961 0.0970459
0 0.653516 0.321533 0.0257812 0.0273438 0.0913696
0 0.6375 0.00640869 0.015625 0.0128174 0.0866089
0 0.0180664 0.856934 0.00849609 0.0126953 0.0806274
0 0.675 0.325928 0.0164062 0.019043 0.0736694
0 0.646484 0.309082 0.009375 0.019043 0.0731812
0 0.792188 0.381348 0.0234375 0.0239258 0.0723877
0 0.557422 0.0623169 0.0132813 0.0250244 0.0685425
0 0.751758 0.168091 0.0121094 0.0183105 0.0630493
0 0.694922 0.116455 0.0132813 0.0180664 0.0603027
0 0.672656 0.360107 0.0132813 0.0224609 0.0600891
0 0.564453 0.0527344 0.0125 0.0244141 0.0596619
0 0.670703 0.327637 0.0140625 0.0161133 0.0552063
0 0.638281 0.447754 0.0132813 0.0185547 0.0526123
0 0.690234 0.228027 0.0179687 0.0307617 0.0522461
0 0.79375 0.108276 0.0171875 0.026123 0.0509033
0 0.698828 0.212646 0.0234375 0.0322266 0.0483093
0 0.779688 0.117065 0.01875 0.0224609 0.0479431
0 0.00625 0.838867 0.00908203 0.0273438 0.0474243
0 0.646484 0.324219 0.0234375 0.0288086 0.0460205
0 0.635547 0.447266 0.0148437 0.0214844 0.0451965
0 0.700781 0.212646 0.0179687 0.0229492 0.042572
0 0.644531 0.325684 0.0171875 0.0219727 0.0420837
0 0.115723 0.841797 0.00820312 0.0136719 0.0399475
0 0.553125 0.496582 0.0132813 0.0185547 0.0394897
0 0.366406 0.848145 0.00859375 0.0126953 0.0370483
0 0.800781 0.0936279 0.0140625 0.0270996 0.0366211
0 0.557422 0.0615234 0.0210938 0.0305176 0.0358276
0 0.690234 0.231934 0.0101562 0.0175781 0.0346069
0 0.674609 0.357666 0.0132813 0.0195312 0.0325928
0 0.670313 0.327637 0.0257812 0.0239258 0.0289764
0 0.00898437 0.845215 0.009375 0.0234375 0.028656
0 0.751562 0.168335 0.0171875 0.0202637 0.0257568
0 0.6375 0.00805664 0.0210938 0.0161133 0.0254669
0 0.635156 0.446899 0.0210938 0.026123 0.025177
0 0.676172 0.326416 0.0210938 0.0244141 0.0249939
0 0.905469 0.974609 0.0078125 0.015625 0.0238647
0 0.355078 0.3396 0.0078125 0.0131836 0.0227966
0 0.680078 0.464844 0.0117188 0.0146484 0.0222931
0 0.564844 0.0527344 0.01875 0.0251465 0.0222015
0 0.0182617 0.856934 0.0102539 0.0195312 0.0206451
0 0.554297 0.498535 0.00859375 0.0136719 0.0204163
0 0.673047 0.359375 0.01875 0.0268555 0.0204163
0 0.638672 0.448242 0.0179687 0.0214844 0.0199432
0 0.463672 0.163818 0.025 0.0270996 0.0195007
0 0.00927734 0.844238 0.0136719 0.0361328 0.0191956
0 0.552344 0.496094 0.01875 0.0205078 0.0187683
0 0.491016 0.137085 0.0140625 0.0161133 0.0178528
0 0.557422 0.0609741 0.0320312 0.0384521 0.0171051
0 0.691406 0.231201 0.0101562 0.0249023 0.0167847
0 0.560938 0.0683594 0.0109375 0.0214844 0.0157166
0 0.0168457 0.854492 0.0121094 0.0273438 0.0150146
0 0.800781 0.09375 0.0203125 0.0322266 0.0144501
0 0.425391 0.281738 0.0140625 0.0214844 0.014389
0 0.653125 0.326172 0.0132813 0.0136719 0.0141754
0 0.00649414 0.839844 0.0129883 0.0380859 0.0141754
0 0.425 0.281982 0.01875 0.0297852 0.0139008
0 0.792188 0.37793 0.0125 0.0175781 0.0133286
0 0.469531 0.161865 0.0117188 0.0187988 0.01297
0 0.633203 0.4104 0.0140625 0.015625 0.0129242
0 0.492969 0.136963 0.0210938 0.0219727 0.0123367
0 0.68125 0.464355 0.0171875 0.0185547 0.0112457
0 0.753711 0.984375 0.00820312 0.0117188 0.0110321
0 0.017041 0.856934 0.0166992 0.0166016 0.0109863
0 0.699609 0.115112 0.009375 0.00976562 0.00941467
0 0.683203 0.428101 0.0148437 0.0197754 0.00933838
0 0.672656 0.357666 0.028125 0.0336914 0.00930023
0 0.917969 0.65918 0.0078125 0.0126953 0.00901794
0 0.639063 0.319092 0.0101562 0.0224609 0.00878143
0 0.677734 0.432373 0.0148437 0.0200195 0.0086441
0 0.00893555 0.844238 0.0178711 0.0400391 0.00828552
0 0.700781 0.217773 0.0125 0.0219727 0.00725937
0 0.685156 0.462891 0.0140625 0.0146484 0.0069046
0 0.800781 0.0959473 0.0109375 0.0231934 0.0068779
0 0.367188 0.848633 0.0125 0.0185547 0.00682449
0 0.677734 0.433228 0.021875 0.0310059 0.00664139
0 0.637891 0.318848 0.0179687 0.0375977 0.0064888
0 0.473047 0.16333 0.0125 0.0131836 0.00634003
0 0.116504 0.84082 0.0121094 0.0214844 0.00598145
0 0.467969 0.16687 0.0226563 0.026123 0.00593567
0 0.0152344 0.854492 0.0196289 0.0283203 0.00593567
0 0.00727539 0.839355 0.0145508 0.0449219 0.005867
0 0.549219 0.494629 0.0140625 0.015625 0.00527954
0 0.554297 0.499023 0.0210938 0.0224609 0.00527954
0 0.653516 0.324951 0.0320312 0.0263672 0.00502014
0 0.465234 0.167969 0.01875 0.0202637 0.00486755
0 0.439063 0.213867 0.0179687 0.03125 0.00479126
0 0.792969 0.376709 0.0171875 0.0302734 0.00455475
0 0.448828 0.212646 0.0109375 0.0131836 0.00446701
0 0.366406 0.848145 0.0210938 0.0195312 0.00413513
0 0.748828 0.16748 0.0179687 0.0275879 0.00407028
0 0.905469 0.975586 0.0125 0.0234375 0.00403976
0 0.469531 0.160522 0.0171875 0.0319824 0.00379562
0 0.561719 0.066803 0.0195312 0.0338745 0.0037365
0 0.355762 0.338623 0.0126953 0.0209961 0.00356483
0 0.633594 0.0108337 0.025 0.0216675 0.00351143
0 0.970312 0.446289 0.0125 0.0185547 0.00342941
0 0.641016 0.45166 0.009375 0.0146484 0.00340271
0 0.625 0.405518 0.0109375 0.0151367 0.00329781
0 0.489844 0.134644 0.0171875 0.0195312 0.00319672
0 0.682813 0.42749 0.0226563 0.034668 0.00319672
0 0.637109 0.318604 0.0273438 0.0385742 0.00317192
0 0.114844 0.839844 0.0222656 0.0253906 0.00291252
0 0.686719 0.441772 0.0117188 0.0197754 0.00290108
0 0.755469 0.983398 0.0078125 0.0136719 0.00282288
0 0.648438 0.310547 0.0234375 0.0371094 0.00279999
0 0.355469 0.344727 0.00859375 0.0136719 0.00275803
0 0.701953 0.217529 0.0296875 0.0332031 0.00275803
0 0.547656 0.494629 0.0242187 0.0292969 0.00269318
0 0.438281 0.213135 0.0289063 0.0317383 0.00257111
0 0.747266 0.166748 0.0304688 0.03125 0.00234222
0 0.435937 0.275146 0.0117188 0.012207 0.00230598
0 0.685938 0.228027 0.0265625 0.034668 0.00219917
0 0.646094 0.299316 0.0078125 0.0126953 0.00214958
0 0.791406 0.375244 0.0328125 0.0366211 0.00214958
0 0.153516 0.84668 0.00664063 0.0117188 0.00212479
0 0.903906 0.974609 0.0203125 0.0234375 0.00209999
0 0.430078 0.270752 0.0109375 0.0166016 0.00208282
0 0.800781 0.109741 0.0078125 0.0239258 0.00205803
0 0.353809 0.337646 0.0244141 0.0239258 0.00203514
0 0.754102 0.986328 0.0136719 0.0234375 0.00201988
0 0.547266 0.494141 0.0375 0.0361328 0.0019722
0 0.633984 0.411865 0.0171875 0.0249023 0.00186062
0 0.488672 0.134644 0.0210938 0.0334473 0.00182438
0 0.640625 0.00524902 0.0171875 0.010498 0.00173378
0 0.633594 0.0106812 0.0414063 0.0213623 0.00169373
0 0.625 0.406006 0.0289063 0.0322266 0.00167465
0 0.75 0.173706 0.0125 0.0168457 0.00166798
0 0.977344 0.447266 0.0140625 0.0166016 0.00157356
0 0.91875 0.659668 0.0109375 0.0224609 0.00155449
0 0.500781 0.133911 0.0109375 0.0102539 0.00151253
0 0.636328 0.455078 0.009375 0.0175781 0.00150681
0 0.548047 0.0769043 0.00859375 0.0168457 0.00149536
0 0.467187 0.15918 0.0328125 0.0390625 0.00148964
0 0.562109 0.067627 0.0328125 0.0385742 0.00148392
0 0.445312 0.20752 0.009375 0.0175781 0.00141621
0 0.68125 0.42627 0.0375 0.0478516 0.00139427
0 0.686719 0.461426 0.0210938 0.0302734 0.00137806
0 0.797656 0.0953369 0.034375 0.0515137 0.00136662
0 0.971094 0.447266 0.0203125 0.0341797 0.00127411
0 0.112695 0.838867 0.0125 0.0166016 0.00122547
0 0.748438 0.172913 0.021875 0.0360107 0.00121117
0 0.687109 0.440552 0.0210938 0.0397949 0.00119209
0 0.779688 0.123169 0.0109375 0.0158691 0.0011692
0 0.0121582 0.841309 0.00888672 0.0253906 0.00113392
0 0.998438 0.698242 0.003125 0.0849609 0.0011158
0 0.4875 0.133911 0.0335938 0.0314941 0.0011158
0 0.293359 0.145752 0.00820312 0.0117188 0.00111198
0 0.641406 0.451172 0.015625 0.0273438 0.00109863
0 0.701563 0.115723 0.0171875 0.0219727 0.00109005
0 0.753906 0.985352 0.021875 0.0214844 0.00106525
0 0.799219 0.380859 0.0140625 0.0126953 0.00104809
