0 0.644922 0.523438 0.0289063 0.0400391 0.44165
0 0.322461 0.181152 0.00898437 0.0214844 0.368408
0 0.792188 0.902832 0.028125 0.0283203 0.358398
0 0.382812 0.165405 0.0101562 0.015625 0.300781
0 0.343359 0.175842 0.0109375 0.0238037 0.290283
0 0.363672 0.168213 0.0117188 0.013916 0.2854
0 0.0326172 0.353027 0.0101562 0.0361328 0.2854
0 0.131934 0.28833 0.0101562 0.0317383 0.282959
0 0.209766 0.240234 0.0078125 0.0268555 0.273682
0 0.24043 0.217529 0.009375 0.0200195 0.264404
0 0.270312 0.20166 0.0105469 0.0205078 0.26123
0 0.173047 0.260742 0.00742187 0.027832 0.258301
0 0.296484 0.187744 0.0113281 0.0219727 0.251709
0 0.414844 0.159058 0.0101562 0.0161133 0.244385
0 0.442969 0.145874 0.0117188 0.0166016 0.240723
0 0.298047 0.190918 0.00859375 0.0249023 0.238647
0 0.242188 0.220703 0.00976562 0.0253906 0.226074
0 0.650391 0.520508 0.0476562 0.0449219 0.226074
0 0.0845703 0.31958 0.0123047 0.0385742 0.225464
0 0.0855469 0.320312 0.00800781 0.0356445 0.223999
0 0.430859 0.152222 0.0117188 0.0158691 0.205566
0 0.34375 0.171875 0.0109375 0.017334 0.205566
0 0.45625 0.138184 0.0109375 0.0153809 0.203125
0 0.32168 0.181519 0.0140625 0.026123 0.19812
0 0.480078 0.129639 0.0117188 0.0151367 0.194946
0 0.399219 0.165283 0.0117188 0.0178223 0.187134
0 0.208789 0.240234 0.0121094 0.0297852 0.171021
0 0.296875 0.190247 0.0144531 0.0286865 0.170532
0 0.270898 0.206543 0.0105469 0.0263672 0.163452
0 0.342187 0.175964 0.0171875 0.0279541 0.162964
0 0.724609 0.580566 0.0140625 0.0136719 0.153076
0 0.172461 0.261719 0.0117188 0.03125 0.153076
0 0.394141 0.166016 0.0101562 0.0180664 0.152588
0 0.651563 0.522461 0.0351562 0.0380859 0.151978
0 0.132129 0.283203 0.00839844 0.0219727 0.137085
0 0.669531 0.524414 0.0273438 0.0410156 0.136108
0 0.454688 0.141479 0.0109375 0.0180664 0.134277
0 0.9125 0.363525 0.0125 0.0126953 0.133423
0 0.0845703 0.312744 0.00820312 0.0219727 0.132568
0 0.208203 0.23584 0.00898437 0.0205078 0.12854
0 0.269922 0.205322 0.015625 0.0327148 0.128052
0 0.471484 0.132446 0.0109375 0.0151367 0.125488
0 0.131152 0.92627 0.0177734 0.0146484 0.124207
0 0.283398 0.555176 0.015625 0.0146484 0.119995
0 0.668359 0.522461 0.034375 0.0517578 0.114746
0 0.0310547 0.356934 0.012793 0.0380859 0.108215
0 0.382031 0.166748 0.0164062 0.0231934 0.107788
0 0.130957 0.289062 0.0169922 0.0395508 0.0977173
0 0.0318359 0.35498 0.0175781 0.0458984 0.0960083
0 0.508594 0.628418 0.0125 0.0126953 0.0953369
0 0.442187 0.146606 0.0195312 0.0253906 0.0939941
0 0.032373 0.344971 0.00849609 0.0200195 0.0923462
0 0.0841797 0.320557 0.0166016 0.0458984 0.0888062
0 0.786719 0.899902 0.0234375 0.0195312 0.0866089
0 0.414453 0.159546 0.0171875 0.0258789 0.0866089
0 0.364062 0.172363 0.0125 0.0192871 0.0863037
0 0.639453 0.524902 0.025 0.0322266 0.0812378
0 0.242188 0.220703 0.0179687 0.0302734 0.0766602
0 0.416406 0.157471 0.0109375 0.0134277 0.0753174
0 0.645312 0.51709 0.021875 0.0244141 0.072876
0 0.135645 0.925781 0.015625 0.0136719 0.0720825
0 0.799219 0.901367 0.01875 0.0205078 0.0680542
0 0.208594 0.712402 0.0125 0.0126953 0.0668335
0 0.430859 0.152466 0.01875 0.0246582 0.0653687
0 0.430469 0.155518 0.0101562 0.0146484 0.0634766
0 0.664844 0.415039 0.0140625 0.0117188 0.0605164
0 0.171875 0.265381 0.009375 0.0234375 0.0596619
0 0.364844 0.170288 0.0179687 0.0217285 0.0596619
0 0.832812 0.196289 0.0140625 0.0161133 0.0587769
0 0.453516 0.142334 0.0179687 0.0256348 0.058136
0 0.17168 0.262451 0.0152344 0.0371094 0.058136
0 0.344336 0.17334 0.0152344 0.0251465 0.0570679
0 0.283398 0.555176 0.0222656 0.0214844 0.0568542
0 0.492578 0.127197 0.0109375 0.0117188 0.0564575
0 0.722656 0.58252 0.01875 0.0205078 0.0535889
0 0.478906 0.131104 0.0195312 0.0217285 0.0531921
0 0.13125 0.926758 0.0248047 0.0205078 0.0526123
0 0.807813 0.877441 0.009375 0.015625 0.0520325
0 0.455859 0.139282 0.0171875 0.0231934 0.0512695
0 0.324414 0.180176 0.0199219 0.0302734 0.0497742
0 0.446484 0.766113 0.0148437 0.0136719 0.0490417
0 0.740234 0.918457 0.0117188 0.0166016 0.0490417
0 0.403906 0.823242 0.0179687 0.0195312 0.0481262
0 0.382422 0.8125 0.0195312 0.015625 0.0463867
0 0.7375 0.922363 0.0148437 0.0253906 0.0460205
0 0.319141 0.186279 0.00898437 0.0175781 0.0458679
0 0.642578 0.52832 0.0265625 0.03125 0.0458679
0 0.400391 0.165405 0.0179687 0.0251465 0.0446777
0 0.817969 0.694336 0.015625 0.0195312 0.0438538
0 0.442187 0.844238 0.0203125 0.0166016 0.0435181
0 0.177734 0.269043 0.00976562 0.0234375 0.0422363
0 0.392969 0.166626 0.01875 0.0263672 0.0420837
0 0.471094 0.134155 0.0195312 0.0231934 0.0405273
0 0.0842773 0.327393 0.00800781 0.0224609 0.0401001
0 0.298633 0.185974 0.0152344 0.0167236 0.0390625
0 0.764844 0.911621 0.0125 0.0166016 0.0384521
0 0.513672 0.625488 0.015625 0.0146484 0.0383301
0 0.0158203 0.687012 0.0140625 0.0175781 0.0379028
0 0.132324 0.283936 0.0128906 0.0288086 0.036499
0 0.911719 0.364746 0.015625 0.015625 0.0348816
0 0.0192383 0.864746 0.0138672 0.015625 0.0297546
0 0.0833984 0.325928 0.0113281 0.0317383 0.0288696
0 0.913281 0.365479 0.0171875 0.0219727 0.0279083
0 0.355078 0.175537 0.0132813 0.019043 0.0278015
0 0.448438 0.772461 0.009375 0.0136719 0.0275879
0 0.445312 0.766113 0.0203125 0.0234375 0.0275879
0 0.389453 0.812012 0.0203125 0.0146484 0.0253754
0 0.509375 0.630371 0.0195312 0.0205078 0.0250854
0 0.130664 0.294189 0.0111328 0.0214844 0.0248871
0 0.187695 0.268555 0.0125 0.0146484 0.0244293
0 0.716406 0.980469 0.0148437 0.00976562 0.0236053
0 0.44375 0.766113 0.0101562 0.0146484 0.0235138
0 0.136035 0.291016 0.0134766 0.0224609 0.0230713
0 0.395703 0.170288 0.00859375 0.0141602 0.0222015
0 0.480078 0.651367 0.0296875 0.0546875 0.0218658
0 0.667188 0.882812 0.0101562 0.0175781 0.0218658
0 0.405859 0.827637 0.0164062 0.0175781 0.0216217
0 0.318164 0.185669 0.0167969 0.0275879 0.0213623
0 0.740625 0.0244141 0.0140625 0.02771 0.0212097
0 0.591406 0.245361 0.0132813 0.0444336 0.0211182
0 0.380859 0.170044 0.0101562 0.0153809 0.0209656
0 0.474219 0.803223 0.021875 0.133789 0.0209656
0 0.594922 0.256104 0.0101562 0.03125 0.0207977
0 0.0324219 0.346436 0.0134766 0.03125 0.0207214
0 0.505078 0.128296 0.0117188 0.0126953 0.0205688
0 0.694922 0.546387 0.009375 0.0185547 0.0204926
0 0.672656 0.522949 0.0304688 0.0654297 0.0204163
0 0.736328 0.923584 0.01875 0.0317383 0.0204163
0 0.798437 0.901855 0.0296875 0.03125 0.0200958
0 0.480469 0.650879 0.0359375 0.0908203 0.0197906
0 0.488281 0.961914 0.0351562 0.0761719 0.0191956
0 0.365234 0.170898 0.025 0.0268555 0.0186157
0 0.832031 0.197083 0.021875 0.0262451 0.0178528
0 0.208398 0.712402 0.0179687 0.0205078 0.0176392
0 0.22207 0.916016 0.0121094 0.0136719 0.0175171
0 0.479688 0.87793 0.0351562 0.118164 0.0173798
0 0.211133 0.240234 0.0152344 0.0351562 0.0173035
0 0.274023 0.20874 0.0117188 0.0224609 0.0171814
0 0.17793 0.266357 0.0152344 0.0307617 0.0171051
0 0.785156 0.544434 0.0125 0.015625 0.0167847
0 0.320312 0.177002 0.0105469 0.0153809 0.0164032
0 0.73125 0.929932 0.0132813 0.019043 0.0158997
0 0.388281 0.932129 0.0109375 0.0185547 0.0157166
0 0.380859 0.813965 0.0320312 0.0214844 0.0152512
0 0.441406 0.844238 0.0304688 0.0234375 0.0151291
0 0.13584 0.927246 0.0205078 0.0205078 0.0150757
0 0.0166504 0.687012 0.0177734 0.0263672 0.0149536
0 0.696094 0.535156 0.015625 0.0351562 0.0148392
0 0.669922 0.991211 0.0132813 0.015625 0.0142288
0 0.80625 0.878906 0.0171875 0.0273438 0.0142288
0 0.40625 0.82666 0.0242187 0.0244141 0.0141144
0 0.208398 0.23584 0.0167969 0.0327148 0.0140076
0 0.282031 0.89209 0.0109375 0.0146484 0.0139542
0 0.401953 0.82373 0.0273438 0.0302734 0.0137939
0 0.984375 0.649414 0.0109375 0.015625 0.0136337
0 0.619922 0.233154 0.0320312 0.0649414 0.0134811
0 0.594531 0.253418 0.0148437 0.0537109 0.0134277
0 0.738672 0.428955 0.0164062 0.0136719 0.0133743
0 0.823438 0.897461 0.009375 0.0166016 0.0132751
0 0.910937 0.364014 0.025 0.0249023 0.0132751
0 0.357031 0.808105 0.015625 0.0117188 0.012825
0 0.513672 0.626465 0.0265625 0.0244141 0.012825
0 0.817187 0.692383 0.0234375 0.0322266 0.0127258
0 0.767969 0.00927734 0.0140625 0.0153809 0.0125732
0 0.049707 0.582031 0.0134766 0.0126953 0.0123825
0 0.694141 0.0276794 0.0476562 0.0553589 0.0123825
0 0.0343262 0.355225 0.0132813 0.0229492 0.0123367
0 0.620313 0.236328 0.0226563 0.0351562 0.0121918
0 0.354688 0.17572 0.0265625 0.0313721 0.0121918
0 0.432813 0.839844 0.0171875 0.0136719 0.012146
0 0.581641 0.475098 0.0101562 0.00878906 0.0120544
0 0.688281 0.426025 0.0140625 0.0214844 0.0119629
0 0.411328 0.825684 0.0117188 0.0136719 0.0118713
0 0.445703 0.144287 0.0125 0.012207 0.011734
0 0.669922 0.513672 0.0226563 0.0341797 0.0115509
0 0.620313 0.227051 0.01875 0.0390625 0.0115051
0 0.635547 0.162964 0.00625 0.0114746 0.0114212
0 0.792188 0.893555 0.01875 0.0175781 0.0113297
0 0.490234 0.978027 0.0296875 0.0439453 0.0112915
0 0.567578 0.0969238 0.0109375 0.013916 0.0111618
0 0.417578 0.157715 0.0164062 0.0234375 0.0111618
0 0.0818359 0.325684 0.0173828 0.0332031 0.011116
0 0.695703 0.0239868 0.0289063 0.0419922 0.0110703
0 0.206055 0.550781 0.0222656 0.0214844 0.0109024
0 0.355957 0.170776 0.0123047 0.0141602 0.0108566
0 0.827344 0.887207 0.0140625 0.0175781 0.0104904
0 0.785156 0.548828 0.01875 0.0224609 0.0104523
0 0.492188 0.128906 0.021875 0.0202637 0.0104065
0 0.786719 0.552734 0.0171875 0.0214844 0.0103302
0 0.300391 0.190918 0.0242187 0.0356445 0.0102921
0 0.476172 0.814453 0.0296875 0.115234 0.0102463
0 0.595703 0.263916 0.0078125 0.0161133 0.01017
0 0.196875 0.54541 0.0128906 0.0136719 0.0101318
0 0.655469 0.530762 0.0179687 0.03125 0.0100098
0 0.619922 0.233643 0.0429688 0.074707 0.0100098
0 0.402734 0.171143 0.009375 0.013916 0.00989532
0 0.592578 0.244629 0.0195312 0.0634766 0.00985718
0 0.758594 0.907715 0.0125 0.0166016 0.00981903
0 0.694531 0.533203 0.0226563 0.0693359 0.00978088
0 0.0439941 0.314697 0.0110352 0.0131836 0.00967407
0 0.235938 0.224609 0.0125 0.0205078 0.00963593
0 0.85 0.488281 0.0140625 0.0126953 0.00963593
0 0.477734 0.660156 0.0382813 0.0644531 0.00955963
0 0.274805 0.199951 0.0144531 0.0170898 0.00941467
0 0.783594 0.905762 0.025 0.0195312 0.00919342
0 0.370703 0.913086 0.0148437 0.0205078 0.00912476
0 0.137305 0.288818 0.0205078 0.0390625 0.00912476
0 0.20625 0.249756 0.00859375 0.0185547 0.00898743
0 0.175195 0.263428 0.0238281 0.046875 0.00898743
0 0.673437 0.523438 0.0414063 0.0742188 0.00894928
0 0.774219 0.411133 0.0171875 0.0141602 0.00891876
0 0.491797 0.983887 0.0179687 0.0322266 0.0088501
0 0.705078 0.0233154 0.0226563 0.0317383 0.00871277
0 0.183789 0.878906 0.00898437 0.0185547 0.00871277
0 0.473437 0.819336 0.0304688 0.15332 0.00857544
0 0.469141 0.806152 0.046875 0.078125 0.0085144
0 0.0869141 0.329834 0.00742187 0.0229492 0.00844574
0 0.741602 0.0256348 0.0292969 0.0415039 0.00837708
0 0.695312 0.545898 0.0117188 0.0292969 0.00831604
0 0.645703 0.601562 0.009375 0.0234375 0.00828552
0 0.498047 0.790527 0.0101562 0.0166016 0.008255
0 0.380078 0.169678 0.021875 0.0273438 0.008255
0 0.477344 0.845215 0.0296875 0.134766 0.008255
0 0.0320312 0.345215 0.018457 0.0356445 0.00821686
0 0.393359 0.816406 0.0234375 0.0195312 0.00818634
0 0.664062 0.415771 0.0203125 0.0200195 0.00812531
0 0.485547 0.648926 0.0257812 0.0507812 0.00800323
0 0.529297 0.618164 0.0140625 0.0117188 0.00796509
0 0.658594 0.349121 0.0140625 0.0136719 0.00793457
0 0.434375 0.844727 0.0234375 0.0195312 0.00793457
0 0.792188 0.678711 0.0109375 0.015625 0.00775528
0 0.702344 0.0254211 0.0414063 0.0508423 0.00769424
0 0.655469 0.52832 0.0625 0.0537109 0.00763702
0 0.48125 0.635254 0.0210938 0.0273438 0.00751877
0 0.940625 0.681641 0.015625 0.0146484 0.00751877
0 0.327539 0.187439 0.00820312 0.0142822 0.00748825
0 0.913281 0.709473 0.0140625 0.0185547 0.00748825
0 0.733203 0.0263672 0.0140625 0.029541 0.00746155
0 0.0848633 0.312256 0.0105469 0.0170898 0.00740433
0 0.196875 0.547852 0.0167969 0.015625 0.00740433
0 0.832031 0.901855 0.0171875 0.0175781 0.00737381
0 0.739844 0.919434 0.0195312 0.03125 0.00737381
0 0.659375 0.413574 0.0125 0.0117188 0.00734711
0 0.595312 0.864746 0.0109375 0.0136719 0.00734711
0 0.598828 0.256104 0.00859375 0.0297852 0.00723267
0 0.062207 0.365723 0.0142578 0.0161133 0.00717545
0 0.785156 0.54834 0.0234375 0.0332031 0.00714874
0 0.910156 0.708008 0.0109375 0.0175781 0.00703812
0 0.466406 0.140747 0.0125 0.0136719 0.00701141
0 0.475781 0.880371 0.0476562 0.078125 0.00701141
0 0.374609 0.913574 0.015625 0.0273438 0.00701141
0 0.454297 0.87207 0.0117188 0.0136719 0.00695801
0 0.178906 0.267334 0.0246094 0.0341797 0.00695801
0 0.489453 0.976074 0.0429688 0.0478516 0.0068512
0 0.205664 0.550781 0.0320312 0.03125 0.00669098
0 0.483984 0.910889 0.021875 0.133301 0.00664139
0 0.758008 0.0112305 0.0167969 0.0150146 0.00658798
0 0.715625 0.946289 0.0140625 0.0136719 0.00651169
0 0.817969 0.663086 0.0125 0.0146484 0.0064888
0 0.593359 0.494141 0.0109375 0.0107422 0.00643921
0 0.755664 0.0187378 0.0230469 0.0245361 0.00638962
0 0.675 0.53125 0.0164062 0.0371094 0.00638962
0 0.785156 0.905762 0.0421875 0.0292969 0.00636292
0 0.867188 0.30957 0.025 0.0161133 0.00634003
0 0.124609 0.925781 0.0150391 0.015625 0.00629044
0 0.486719 0.936035 0.021875 0.12793 0.00629044
0 0.842969 0.48877 0.01875 0.0146484 0.00619125
0 0.653906 0.51416 0.0257812 0.0224609 0.00614548
0 0.764063 0.911621 0.0234375 0.0244141 0.00614548
0 0.0196289 0.863281 0.0191406 0.0292969 0.00609589
0 0.0352539 0.364746 0.0114258 0.0219727 0.00600433
0 0.635156 0.529297 0.0125 0.0175781 0.00600433
0 0.434375 0.84375 0.0375 0.0292969 0.00600433
0 0.716016 0.0119019 0.0117188 0.0159912 0.00598145
0 0.766406 0.0157471 0.01875 0.0177002 0.00595856
0 0.170703 0.254639 0.00703125 0.0141602 0.00595856
0 0.367578 0.80957 0.0195312 0.0126953 0.00595856
0 0.274805 0.206543 0.0203125 0.0366211 0.00591278
0 0.658203 0.0622559 0.00859375 0.0161133 0.00582123
0 0.853906 0.222168 0.0125 0.0102539 0.00582123
0 0.344727 0.809082 0.0152344 0.0126953 0.00575256
0 0.488281 0.942139 0.0367187 0.115723 0.00572968
0 0.389453 0.814453 0.0320312 0.0244141 0.00561905
0 0.202734 0.546875 0.0195312 0.015625 0.00559998
0 0.83125 0.202881 0.01875 0.0200195 0.00551224
0 0.706641 0.424316 0.009375 0.0146484 0.00547028
0 0.212891 0.23291 0.0125 0.0166016 0.00538635
0 0.2125 0.241699 0.0234375 0.0400391 0.00538635
0 0.71875 0.0228271 0.0171875 0.0275879 0.0053215
0 0.205273 0.848145 0.0128906 0.0136719 0.00526047
0 0.953125 0.914551 0.01875 0.0166016 0.00526047
0 0.473828 0.790039 0.0328125 0.106445 0.00521851
0 0.754492 0.0202026 0.0410156 0.0404053 0.00518036
0 0.402344 0.960938 0.0171875 0.0390625 0.00516129
0 0.469141 0.790527 0.0351562 0.0605469 0.0051384
0 0.729297 0.032959 0.009375 0.0240479 0.00511932
0 0.230859 0.839355 0.0171875 0.0107422 0.00503922
0 0.894531 0.900391 0.015625 0.0136719 0.00502014
0 0.481641 0.928955 0.040625 0.0639648 0.00498199
0 0.188281 0.266602 0.0195312 0.0234375 0.00498199
