0 0.343652 0.641602 0.0642578 0.0585938 0.89502
0 0.127734 0.150513 0.00996094 0.0148926 0.347656
0 0.0666016 0.183228 0.0117188 0.0183105 0.345215
0 0.0841797 0.173462 0.00820312 0.0175781 0.320068
0 0.0302246 0.193542 0.0116211 0.0201416 0.306641
0 0.140234 0.146729 0.0107422 0.0141602 0.243652
0 0.0472168 0.192688 0.00888672 0.0213623 0.233032
0 0.683984 0.89502 0.0132813 0.0117188 0.226074
0 0.0112305 0.19873 0.00625 0.0229492 0.201172
0 0.0999023 0.16394 0.009375 0.0185547 0.193726
0 0.152881 0.144775 0.0106445 0.0112305 0.190674
0 0.113574 0.15979 0.0111328 0.0214844 0.148071
0 0.441016 0.716309 0.0164062 0.0136719 0.141724
0 0.0826172 0.17395 0.0128906 0.0231934 0.137085
0 0.0100098 0.19873 0.0126953 0.0200195 0.131592
0 0.245312 0.80957 0.0136719 0.0185547 0.127197
0 0.115137 0.154419 0.0107422 0.0144043 0.125122
0 0.0291992 0.19458 0.0183594 0.0263672 0.125122
0 0.355566 0.495117 0.0154297 0.0146484 0.118408
0 0.0662109 0.183777 0.0167969 0.026001 0.118408
0 0.439844 0.949219 0.0125 0.0117188 0.110107
0 0.207031 0.837891 0.0152344 0.015625 0.101257
0 0.441797 0.0120239 0.0148437 0.0183105 0.100159
0 0.0453857 0.192627 0.0166504 0.0268555 0.0974121
0 0.508594 0.662598 0.0132813 0.0166016 0.0963745
0 0.0111328 0.199402 0.00917969 0.0289307 0.0910645
0 0.12832 0.151245 0.0164062 0.0229492 0.0894775
0 0.242578 0.811035 0.0148437 0.0195312 0.0820923
0 0.0666992 0.186462 0.0101562 0.0177002 0.0766602
0 0.632422 0.413574 0.0125 0.0151367 0.0710449
0 0.0484863 0.19165 0.015918 0.0288086 0.0705566
0 0.0914062 0.169189 0.0136719 0.0202637 0.0703125
0 0.226758 0.819824 0.0136719 0.0136719 0.0673218
0 0.164648 0.144531 0.0117188 0.0109863 0.0668335
0 0.0870117 0.172607 0.0103516 0.0197754 0.0648804
0 0.683984 0.89502 0.0210938 0.0175781 0.0623169
0 0.970312 0.0450439 0.0171875 0.0128174 0.0600891
0 0.242383 0.810059 0.0207031 0.0253906 0.0598755
0 0.212695 0.831543 0.015625 0.0185547 0.0596619
0 0.113965 0.159058 0.0175781 0.029541 0.058136
0 0.225977 0.554688 0.0113281 0.0117188 0.0570679
0 0.865625 0.980469 0.0140625 0.015625 0.0570679
0 0.140234 0.147461 0.0175781 0.0209961 0.0562439
0 0.168555 0.982422 0.0144531 0.0195312 0.0552063
0 0.0511963 0.18689 0.0145996 0.0163574 0.0539856
0 0.247266 0.805176 0.0101562 0.0195312 0.0505066
0 0.564844 0.831543 0.0164062 0.0195312 0.0497742
0 0.152734 0.463379 0.0109375 0.0126953 0.0451965
0 0.40625 0.504883 0.0101562 0.0126953 0.0445251
0 0.101172 0.164551 0.0160156 0.0258789 0.044342
0 0.75332 0.556641 0.0105469 0.0107422 0.0437012
0 0.010498 0.202637 0.00810547 0.0214844 0.0428772
0 0.508203 0.664062 0.01875 0.0253906 0.0411377
0 0.992969 0.0459595 0.0140625 0.0145264 0.0406799
0 0.129688 0.154541 0.00898437 0.0151367 0.0403748
0 0.287695 0.558105 0.0140625 0.0117188 0.0397949
0 0.33877 0.647461 0.0490234 0.0537109 0.0394897
0 0.339844 0.538086 0.0101562 0.0136719 0.0380249
0 0.221289 0.82373 0.0128906 0.0146484 0.0375977
0 0.153564 0.431885 0.00966797 0.00976562 0.0372009
0 0.206445 0.838379 0.025 0.0253906 0.0367737
0 0.971094 0.0452881 0.028125 0.0189209 0.035675
0 0.667188 0.886719 0.0078125 0.0146484 0.0354004
0 0.0121582 0.198486 0.0174805 0.0283203 0.0322266
0 0.15332 0.145996 0.01875 0.0178223 0.0309143
0 0.441016 0.0124512 0.021875 0.0249023 0.0306702
0 0.71875 0.846191 0.0125 0.0117188 0.0302124
0 0.354199 0.494141 0.0228516 0.0224609 0.0293121
0 0.183398 0.855469 0.0132813 0.0126953 0.0278015
0 0.515234 0.680176 0.0101562 0.015625 0.0275879
0 0.084375 0.172852 0.0195312 0.0219727 0.0274811
0 0.439844 0.71582 0.0234375 0.0205078 0.0270691
0 0.0458008 0.191162 0.0119141 0.0166016 0.0267639
0 0.669531 0.890625 0.0109375 0.015625 0.0265503
0 0.860937 0.978516 0.0140625 0.015625 0.0249939
0 0.473437 0.705566 0.0101562 0.0136719 0.0247955
0 0.0875 0.172607 0.0173828 0.0288086 0.0247955
0 0.169336 0.981445 0.0136719 0.0136719 0.0241394
0 0.434766 0.71582 0.0140625 0.0126953 0.0240479
0 0.324414 0.590332 0.0105469 0.0136719 0.0237732
0 0.264648 0.291748 0.0128906 0.0463867 0.0235138
0 0.0256836 0.229492 0.0123047 0.0141602 0.0234222
0 0.319727 0.590332 0.0128906 0.0126953 0.0230713
0 0.2125 0.833008 0.0285156 0.0292969 0.0227203
0 0.441016 0.952148 0.0148437 0.015625 0.0226288
0 0.0915039 0.169189 0.021875 0.0292969 0.0225372
0 0.0122559 0.204346 0.0101562 0.0200195 0.0224609
0 0.766406 0.402588 0.0109375 0.0161133 0.02211
0 0.116895 0.155762 0.0160156 0.0219727 0.0211182
0 0.631641 0.413086 0.0171875 0.0234375 0.0207214
0 0.353418 0.496582 0.0173828 0.0166016 0.02034
0 0.138574 0.682617 0.00820312 0.0146484 0.0196381
0 0.591797 0.852539 0.0125 0.0117188 0.0195618
0 0.467969 0.706055 0.0125 0.0175781 0.0192719
0 0.065625 0.185547 0.0240234 0.0249023 0.0185394
0 0.260547 0.521484 0.0121094 0.0136719 0.0182648
0 0.191992 0.849121 0.0160156 0.0166016 0.0181885
0 0.106641 0.55127 0.00898437 0.0136719 0.0180511
0 0.778906 0.703125 0.0125 0.0166016 0.0178528
0 0.515625 0.74707 0.0125 0.0136719 0.0175781
0 0.563672 0.83252 0.0242187 0.0273438 0.0174408
0 0.243359 0.547852 0.00898437 0.0136719 0.0171814
0 0.569141 0.874023 0.0140625 0.0205078 0.0171051
0 0.167578 0.981445 0.0195312 0.0273438 0.0158386
0 0.569531 0.828125 0.0125 0.015625 0.0157776
0 0.576563 0.573242 0.0109375 0.0107422 0.0156708
0 0.247461 0.626465 0.0113281 0.0166016 0.0156708
0 0.249219 0.626953 0.009375 0.0146484 0.0156021
0 0.506641 0.517578 0.0132813 0.015625 0.0155411
0 0.030127 0.191589 0.0114258 0.0128174 0.0154266
0 0.00458984 0.834473 0.00761719 0.0117188 0.0153046
0 0.564062 0.728516 0.0117188 0.0107422 0.0147858
0 0.226953 0.820312 0.0238281 0.0253906 0.0144501
0 0.559766 0.836426 0.0148437 0.0166016 0.0142288
0 0.229492 0.109497 0.0105469 0.013916 0.0140076
0 0.344727 0.654297 0.0285156 0.0390625 0.0131226
0 0.197461 0.994141 0.0121094 0.0117188 0.0131226
0 0.267969 0.301025 0.0109375 0.03125 0.012825
0 0.960156 0.859863 0.0171875 0.0175781 0.012825
0 0.369141 0.036377 0.0671875 0.0727539 0.0123367
0 0.265625 0.289307 0.0195312 0.065918 0.0121918
0 0.865625 0.980469 0.021875 0.0234375 0.0121918
0 0.973437 0.950195 0.009375 0.015625 0.0120544
0 0.00874023 0.201416 0.0141602 0.0322266 0.0120087
0 0.644141 0.865723 0.0171875 0.00976562 0.0116882
0 0.1875 0.694336 0.0101562 0.0214844 0.0115967
0 0.0531982 0.188416 0.0229004 0.0264893 0.0115967
0 0.439063 0.951172 0.0195312 0.0195312 0.011467
0 0.233594 0.106812 0.009375 0.015625 0.0114212
0 0.509375 0.665039 0.0109375 0.0175781 0.0112
0 0.567969 0.307861 0.015625 0.0107422 0.0109863
0 0.0917969 0.169312 0.0287109 0.0356445 0.0109482
0 0.346191 0.490234 0.0130859 0.0126953 0.0102463
0 0.259766 0.273926 0.0101562 0.0263672 0.00978088
0 0.860937 0.980469 0.0203125 0.0234375 0.00941467
0 0.709766 0.894043 0.0109375 0.0146484 0.00926971
0 0.266211 0.521484 0.0203125 0.015625 0.00919342
0 0.201562 0.841309 0.0167969 0.0185547 0.00919342
0 0.220898 0.825195 0.021875 0.0244141 0.00912476
0 0.0132324 0.198914 0.0228516 0.0343018 0.00912476
0 0.370313 0.0372314 0.0335938 0.0461426 0.00905609
0 0.522266 0.213135 0.009375 0.0126953 0.00898743
0 0.223047 0.554199 0.0125 0.0136719 0.00898743
0 0.0882813 0.172729 0.0242187 0.0339355 0.00878143
0 0.66875 0.890625 0.0171875 0.0224609 0.008255
0 0.266602 0.786133 0.0125 0.0136719 0.00812531
0 0.164844 0.145142 0.0203125 0.0175781 0.00812531
0 0.434375 0.716797 0.028125 0.0263672 0.00809479
0 0.567578 0.879883 0.0171875 0.0253906 0.00806427
0 0.712109 0.893555 0.0132813 0.0175781 0.00800323
0 0.515234 0.889648 0.0132813 0.00976562 0.00793457
0 0.268164 0.298584 0.0152344 0.050293 0.00787354
0 0.108984 0.988281 0.00761719 0.0195312 0.00775528
0 0.168945 0.658691 0.0132813 0.0185547 0.00772476
0 0.990625 0.0466919 0.01875 0.0231934 0.00760651
0 0.433594 0.71875 0.0203125 0.0166016 0.00740433
0 0.255078 0.0830078 0.0148437 0.0166016 0.00728989
0 0.591406 0.316162 0.0171875 0.012207 0.00728989
0 0.686719 0.894531 0.0296875 0.0205078 0.00725937
0 0.166992 0.11499 0.0125 0.0153809 0.00723267
0 0.117578 0.155396 0.021875 0.0253906 0.00723267
0 0.226367 0.555664 0.0195312 0.0205078 0.00717545
0 0.128418 0.15332 0.0228516 0.0234375 0.00717545
0 0.0141113 0.203125 0.0183594 0.034668 0.0069046
0 0.371484 0.987305 0.009375 0.0175781 0.0068512
0 0.439453 0.952148 0.0234375 0.0292969 0.00674438
0 0.143408 0.985352 0.0151367 0.0234375 0.00671768
0 0.49375 0.75293 0.0140625 0.0175781 0.00669098
0 0.960938 0.860352 0.021875 0.0224609 0.00669098
0 0.516016 0.0535889 0.0125 0.0197754 0.00664139
0 0.179297 0.857422 0.0144531 0.0136719 0.00658798
0 0.246289 0.625488 0.0183594 0.0273438 0.00658798
0 0.294531 0.267578 0.0222656 0.0375977 0.00653839
0 0.850781 0.579102 0.0125 0.0107422 0.00643921
0 0.972656 0.955078 0.0109375 0.0175781 0.00643921
0 0.100781 0.290527 0.0132813 0.012207 0.00638962
0 0.467187 0.705566 0.01875 0.0263672 0.00634003
0 0.396094 0.0369873 0.0203125 0.0291748 0.00619125
0 0.369141 0.0270996 0.0289063 0.0400391 0.00614548
0 0.522656 0.210205 0.0101562 0.0170898 0.00614548
0 0.309961 0.192322 0.00703125 0.0128174 0.00609589
0 0.567187 0.573242 0.0132813 0.0117188 0.00609589
0 0.183203 0.856445 0.0261719 0.0244141 0.00609589
0 0.118555 0.728027 0.0123047 0.0224609 0.00605011
0 0.56875 0.875 0.025 0.0419922 0.00595856
0 0.448047 0.851562 0.0101562 0.0126953 0.00593567
0 0.715234 0.979492 0.0132813 0.0136719 0.005867
0 0.653125 0.862793 0.0132813 0.0107422 0.00579834
0 0.201172 0.84082 0.0277344 0.0263672 0.00579834
0 0.266406 0.289795 0.03125 0.0800781 0.00577545
0 0.190625 0.850098 0.0304688 0.03125 0.00575256
0 0.435156 0.010437 0.0164062 0.0179443 0.00572968
0 0.446094 0.852539 0.009375 0.0126953 0.00572968
0 0.295312 0.264648 0.0289063 0.0742188 0.00572968
0 0.979688 0.045105 0.0203125 0.0115967 0.00566483
0 0.496875 0.0662842 0.00859375 0.0129395 0.00564194
0 0.576953 0.083252 0.0140625 0.0158691 0.00547028
0 0.167187 0.867188 0.00976562 0.0126953 0.00544739
0 0.359375 0.0265503 0.0289063 0.039917 0.00538635
0 0.978906 0.0484009 0.025 0.0152588 0.00536346
0 0.766406 0.405762 0.0140625 0.0170898 0.00526047
0 0.245898 0.0892334 0.0113281 0.0175781 0.00510025
0 0.357422 0.0301819 0.0484375 0.0603638 0.00510025
0 0.964844 0.862305 0.021875 0.0185547 0.00508118
0 0.925 0.878906 0.015625 0.015625 0.00502014
0 0.302734 0.991211 0.00820312 0.0136719 0.00494385
0 0.558594 0.838867 0.0265625 0.0322266 0.0049057
0 0.382812 0.0361938 0.03125 0.0404053 0.00481033
0 0.960156 0.85791 0.0109375 0.0136719 0.00475693
0 0.403906 0.0374756 0.0171875 0.0356445 0.00473785
0 0.23125 0.786621 0.0136719 0.0263672 0.00469971
0 0.437109 0.948242 0.009375 0.00976562 0.00468063
0 0.40625 0.506836 0.0148437 0.0195312 0.00466537
0 0.650391 0.492188 0.0101562 0.0117188 0.00462723
0 0.442187 0.506836 0.015625 0.0107422 0.00462723
0 0.29375 0.259521 0.0195312 0.0405273 0.00460815
0 0.268164 0.309814 0.009375 0.0136719 0.00460815
0 0.34082 0.538086 0.0144531 0.0244141 0.00460815
0 0.200391 0.988281 0.0160156 0.0136719 0.00453949
0 0.248828 0.620117 0.00820312 0.015625 0.00450516
0 0.597266 0.960938 0.009375 0.0136719 0.00446701
0 0.394141 0.64209 0.040625 0.123047 0.00443268
0 0.021875 0.848145 0.0164062 0.0195312 0.00439835
0 0.1521 0.462891 0.0196289 0.0205078 0.00439835
0 0.135449 0.505371 0.0105469 0.0126953 0.00436401
0 0.133203 0.111938 0.00996094 0.0129395 0.00426483
0 0.319141 0.589844 0.0203125 0.0234375 0.00426483
0 0.126758 0.645996 0.0166016 0.015625 0.0042305
0 0.606641 0.720215 0.0140625 0.0136719 0.00419998
0 0.607813 0.873535 0.0117188 0.00976562 0.00419998
0 0.488281 0.831055 0.0117188 0.0185547 0.00418091
0 0.365234 0.658691 0.0164062 0.0234375 0.00415039
0 0.382422 0.026062 0.0257812 0.0330811 0.00413513
0 0.248242 0.807129 0.0171875 0.0322266 0.00411606
0 0.0536133 0.187988 0.0306641 0.0341797 0.00407028
0 0.284375 0.473145 0.0121094 0.0146484 0.00397491
0 0.601562 0.848145 0.0125 0.0136719 0.00397491
0 0.261523 0.286621 0.0121094 0.034668 0.0039444
0 0.496484 0.880371 0.0101562 0.0107422 0.00392914
0 0.778906 0.702637 0.0171875 0.0214844 0.00391388
0 0.681641 0.891602 0.0125 0.0175781 0.00388527
0 0.260547 0.524414 0.0199219 0.0244141 0.00388527
0 0.515625 0.679199 0.01875 0.0273438 0.00388527
0 0.353223 0.652344 0.0474609 0.0566406 0.00385475
0 0.14209 0.980957 0.0244141 0.0380859 0.00382423
0 0.152783 0.648926 0.0116211 0.0283203 0.00379562
0 0.864844 0.982422 0.0171875 0.015625 0.00379562
0 0.295508 0.264893 0.0390625 0.0927734 0.00376511
0 0.432422 0.0184326 0.0195312 0.0202637 0.00372124
0 0.393359 0.0349731 0.0484375 0.0672607 0.00370789
0 0.379297 0.0309143 0.053125 0.0618286 0.00367928
0 0.260156 0.274414 0.0199219 0.0620117 0.00367928
0 0.977344 0.0486755 0.0453125 0.031311 0.00365067
0 0.535156 0.191345 0.00625 0.0098877 0.0036068
0 0.155273 0.633789 0.00898437 0.0205078 0.0036068
0 0.612891 0.834961 0.0109375 0.0166016 0.00358009
0 0.118945 0.648438 0.0160156 0.015625 0.00356483
0 0.753125 0.557617 0.0171875 0.0175781 0.00355148
0 0.767187 0.401855 0.015625 0.0292969 0.00353813
0 0.33418 0.536133 0.0109375 0.0136719 0.00342941
0 0.283789 0.555664 0.0140625 0.0195312 0.00342941
0 0.764063 0.553223 0.0109375 0.0107422 0.00342941
0 0.193359 0.995605 0.0128906 0.00878906 0.00340271
0 0.40625 0.0280762 0.0203125 0.0358887 0.00338936
0 0.359375 0.038208 0.0257812 0.0404053 0.00338936
0 0.676172 0.862793 0.0148437 0.0117188 0.00336266
0 0.245117 0.624512 0.025 0.03125 0.00335121
0 0.326758 0.592773 0.0113281 0.0117188 0.00332451
0 0.705078 0.852051 0.0164062 0.0136719 0.00332451
0 0.474609 0.583984 0.0109375 0.0136719 0.00329781
0 0.339453 0.297607 0.00898437 0.0161133 0.00325966
0 0.361621 0.648438 0.0267578 0.0371094 0.00325966
0 0.146338 0.660645 0.00732422 0.015625 0.00324821
0 0.19707 0.844238 0.0136719 0.0136719 0.00322342
0 0.482031 0.600098 0.0164062 0.0205078 0.00321007
0 0.184961 0.614746 0.0144531 0.0146484 0.00314713
0 0.402734 0.0352783 0.0398437 0.0651855 0.00313568
0 0.718359 0.84668 0.0179687 0.0205078 0.00313568
0 0.266797 0.297363 0.025 0.0610352 0.00312424
0 0.467578 0.706543 0.0265625 0.0302734 0.00312424
0 0.281836 0.646484 0.0160156 0.03125 0.00307465
0 0.542188 0.883789 0.009375 0.0136719 0.00307465
0 0.288867 0.557617 0.0195312 0.0205078 0.00307465
0 0.591016 0.814453 0.0117188 0.0146484 0.00305176
0 0.330664 0.625977 0.0175781 0.0136719 0.00302696
0 0.396875 0.989258 0.0125 0.015625 0.00302696
0 0.555469 0.578613 0.0203125 0.0185547 0.00301552
0 0.359766 0.647949 0.046875 0.0673828 0.00300407
0 0.357812 0.655762 0.0226563 0.0361328 0.00298119
0 0.242578 0.548828 0.0164062 0.0253906 0.00298119
0 0.103711 0.171143 0.00917969 0.0144043 0.00291252
0 0.580859 0.67627 0.0117188 0.0146484 0.00290108
0 0.554688 0.727051 0.0109375 0.0126953 0.00288963
0 0.340039 0.988281 0.00859375 0.0234375 0.00288963
0 0.506641 0.516602 0.0203125 0.0244141 0.00288963
0 0.229297 0.110107 0.0152344 0.0253906 0.00287819
0 0.495703 0.253906 0.0257812 0.0214844 0.00286674
0 0.154346 0.431763 0.0135742 0.017334 0.00281143
0 0.318359 0.592773 0.0117188 0.0117188 0.00279045
0 0.592188 0.852539 0.0210938 0.0263672 0.00275803
