0 0.233008 0.02771 0.0480469 0.0432129 0.845703
0 0.852344 0.0237427 0.0234375 0.0367432 0.800781
0 0.883594 0.0198059 0.025 0.0396118 0.754883
0 0.260156 0.0584717 0.040625 0.0419922 0.600098
0 0.505469 0.379883 0.0585938 0.0527344 0.552734
0 0.26582 0.0587769 0.0363281 0.0352783 0.547852
0 0.528906 0.987305 0.0171875 0.0214844 0.492188
0 0.496484 0.380859 0.0375 0.0493164 0.439697
0 0.575 0.682617 0.01875 0.0205078 0.377441
0 0.884375 0.0233154 0.034375 0.0466309 0.311523
0 0.5375 0.92041 0.0179687 0.0214844 0.310791
0 0.145166 0.773926 0.0143555 0.0214844 0.272705
0 0.850781 0.026123 0.0359375 0.0435791 0.259033
0 0.510547 0.915039 0.0117188 0.0175781 0.24939
0 0.514844 0.384521 0.0445312 0.0498047 0.244385
0 0.583203 0.822754 0.0164062 0.0224609 0.229492
0 0.510938 0.9375 0.0234375 0.0253906 0.186523
0 0.583203 0.823242 0.0226563 0.0283203 0.160278
0 0.145166 0.775391 0.0198242 0.0263672 0.15564
0 0.574609 0.683594 0.0234375 0.0253906 0.154053
0 0.542969 0.922852 0.0195312 0.0273438 0.150513
0 0.852344 0.0195312 0.0296875 0.0354004 0.137085
0 0.508984 0.935791 0.0140625 0.0229492 0.122131
0 0.523828 0.387207 0.0164062 0.0283203 0.119995
0 0.527344 0.987305 0.0234375 0.0253906 0.118774
0 0.536328 0.917969 0.0132813 0.0175781 0.11676
0 0.573828 0.681641 0.015625 0.015625 0.112793
0 0.510938 0.915527 0.015625 0.0224609 0.0984497
0 0.653516 0.761719 0.0117188 0.0126953 0.0910645
0 0.555078 0.986328 0.01875 0.0214844 0.0897827
0 0.507031 0.372314 0.0335938 0.0307617 0.0856934
0 0.541797 0.922119 0.0273438 0.0307617 0.0853882
0 0.587109 0.822754 0.01875 0.0253906 0.0769653
0 0.238477 0.0332642 0.0386719 0.0510254 0.0734253
0 0.49375 0.373535 0.0289063 0.0302734 0.0720825
0 0.882031 0.0255127 0.0234375 0.0332031 0.0700684
0 0.771094 0.871582 0.0140625 0.0175781 0.0658569
0 0.690625 0.950195 0.0140625 0.0136719 0.0658569
0 0.0255371 0.990723 0.0217773 0.0185547 0.064209
0 0.361719 0.896973 0.0101562 0.0117188 0.0632324
0 0.706641 0.835449 0.0179687 0.015625 0.0616455
0 0.489062 0.382324 0.0257812 0.0532227 0.0609741
0 0.4625 0.903809 0.0171875 0.0136719 0.0592041
0 0.459375 0.90332 0.0164062 0.0117188 0.0534058
0 0.509375 0.935547 0.0273438 0.0429688 0.0531921
0 0.515625 0.934082 0.0148437 0.0244141 0.0501404
0 0.535937 0.919434 0.0226563 0.0263672 0.0467224
0 0.518359 0.387207 0.034375 0.0375977 0.0456848
0 0.0239746 0.989746 0.0297852 0.0205078 0.0440063
0 0.0603516 0.00915527 0.0109375 0.0123291 0.0432129
0 0.523047 0.387695 0.0210938 0.034668 0.0423889
0 0.142627 0.77832 0.019043 0.0205078 0.0396423
0 0.433984 0.805176 0.0101562 0.0126953 0.0396423
0 0.0766602 0.916016 0.0125 0.0117188 0.0393372
0 0.193555 0.00430298 0.0128906 0.00860596 0.0390625
0 0.5875 0.82373 0.0328125 0.0380859 0.0389099
0 0.170508 0.770996 0.0113281 0.0175781 0.0387573
0 0.230664 0.020752 0.0425781 0.0228271 0.0352783
0 0.174219 0.823242 0.00898437 0.0117188 0.0340881
0 0.0532227 0.514648 0.0169922 0.0166016 0.0333252
0 0.248633 0.0534668 0.034375 0.0463867 0.0321045
0 0.865625 0.0263672 0.0171875 0.0314941 0.0313721
0 0.537109 0.924805 0.0289063 0.0351562 0.0290833
0 0.249023 0.0541077 0.0171875 0.0289917 0.0288696
0 0.511328 0.374512 0.0460938 0.0493164 0.0266571
0 0.771094 0.873047 0.0234375 0.0263672 0.0261536
0 0.514063 0.93335 0.028125 0.0395508 0.0252686
0 0.525391 0.390381 0.0140625 0.0234375 0.0250854
0 0.673437 0.619629 0.0117188 0.0136719 0.0244293
0 0.0543945 0.55127 0.0123047 0.0117188 0.0236969
0 0.277148 0.43042 0.0105469 0.0141602 0.0231476
0 0.244727 0.623535 0.0183594 0.0146484 0.0224609
0 0.653516 0.762207 0.0164062 0.0146484 0.0204163
0 0.9 0.705566 0.009375 0.0146484 0.0201721
0 0.808594 0.86377 0.0109375 0.0117188 0.019165
0 0.348145 0.970703 0.0146484 0.015625 0.019165
0 0.154932 0.731934 0.0374023 0.03125 0.0189056
0 0.705469 0.834961 0.025 0.0224609 0.0189056
0 0.511328 0.916992 0.0203125 0.0273438 0.0185394
0 0.711328 0.960938 0.0148437 0.015625 0.0179901
0 0.864844 0.022644 0.0375 0.0447998 0.0178528
0 0.569922 0.68457 0.0179687 0.0136719 0.0174408
0 0.769531 0.875488 0.0171875 0.0205078 0.0174408
0 0.271094 0.0585022 0.0164062 0.0272827 0.0173035
0 0.582812 0.817383 0.0140625 0.0175781 0.016922
0 0.267969 0.0507812 0.01875 0.0179443 0.0162811
0 0.546875 0.926758 0.0171875 0.0185547 0.0160217
0 0.591406 0.82959 0.0171875 0.0214844 0.0159607
0 0.540234 0.988281 0.0171875 0.015625 0.0157776
0 0.660937 0.924316 0.009375 0.0107422 0.0156021
0 0.267578 0.748535 0.0125 0.0136719 0.0155411
0 0.448047 0.770996 0.0179687 0.0146484 0.0155411
0 0.169531 0.765625 0.0121094 0.0195312 0.0151901
0 0.426562 0.981445 0.015625 0.0136719 0.0151901
0 0.491797 0.390625 0.0148437 0.0429688 0.014061
0 0.508984 0.388428 0.0257812 0.0390625 0.0139542
0 0.458203 0.903809 0.0296875 0.0195312 0.0139542
0 0.407813 0.733887 0.0148437 0.0146484 0.0138474
0 0.455859 0.904785 0.0210938 0.0126953 0.0135345
0 0.5 0.231934 0.0117188 0.012207 0.0133286
0 0.848437 0.0175171 0.01875 0.0213623 0.0132217
0 0.473047 0.946289 0.0101562 0.015625 0.0132217
0 0.00771484 0.603516 0.0107422 0.0136719 0.0131683
0 0.514063 0.932617 0.0414063 0.046875 0.0130692
0 0.607031 0.799805 0.0203125 0.0185547 0.0129242
0 0.169922 0.771484 0.0210938 0.0302734 0.0123825
0 0.525 0.985352 0.0101562 0.0136719 0.0123367
0 0.966406 0.261719 0.0140625 0.0107422 0.0121918
0 0.251953 0.651855 0.00976562 0.0117188 0.0118713
0 0.0249023 0.521484 0.0119141 0.0117188 0.0114212
0 0.692187 0.952148 0.0195312 0.0175781 0.011116
0 0.0466309 0.516113 0.0147461 0.0107422 0.0108185
0 0.473828 0.942383 0.0125 0.0195312 0.0107346
0 0.140625 0.976562 0.0173828 0.0273438 0.0106506
0 0.059668 0.0101318 0.0189453 0.0197754 0.0103683
0 0.957812 0.852539 0.0109375 0.00976562 0.0103302
0 0.969531 0.310547 0.0171875 0.0136719 0.01017
0 0.155859 0.730957 0.0238281 0.0166016 0.01017
0 0.249023 0.0422974 0.0160156 0.0238037 0.00989532
0 0.85 0.0213623 0.040625 0.0427246 0.00978088
0 0.154883 0.733398 0.0292969 0.0253906 0.00971222
0 0.0210938 0.52002 0.0150391 0.00976562 0.00959778
0 0.192188 0.00650024 0.0195312 0.0130005 0.00955963
0 0.15332 0.783691 0.0101562 0.0136719 0.00948334
0 0.609766 0.768066 0.0132813 0.0126953 0.00933838
0 0.241602 0.624023 0.0257812 0.0253906 0.00930023
0 0.626172 0.76123 0.0109375 0.0107422 0.00908661
0 0.272656 0.501953 0.00976562 0.0107422 0.00898743
0 0.350781 0.97168 0.0148437 0.0175781 0.00871277
0 0.653125 0.761719 0.0210938 0.0185547 0.0085144
0 0.433594 0.806152 0.0179687 0.0283203 0.0085144
0 0.0833984 0.548828 0.01875 0.0146484 0.008255
0 0.792969 0.880859 0.01875 0.0185547 0.00818634
0 0.22832 0.955078 0.0167969 0.0175781 0.00818634
0 0.185156 0.786133 0.00976562 0.0126953 0.00812531
0 0.619531 0.800293 0.0179687 0.015625 0.00796509
0 0.360938 0.897949 0.015625 0.0195312 0.00769424
0 0.453516 0.769043 0.01875 0.015625 0.00766754
0 0.60625 0.800293 0.0359375 0.0292969 0.00757599
0 0.272852 0.0641174 0.0132813 0.0238647 0.00751877
0 0.878906 0.540527 0.015625 0.0107422 0.00751877
0 0.706641 0.958984 0.0195312 0.0175781 0.00740433
0 0.766406 0.945312 0.0140625 0.0136719 0.00734711
0 0.775781 0.871582 0.015625 0.0166016 0.00723267
0 0.447656 0.772461 0.03125 0.0273438 0.00717545
0 0.486719 0.372559 0.0195312 0.0219727 0.00712204
0 0.409766 0.731445 0.0117188 0.0146484 0.00706482
0 0.111328 0.884277 0.0105469 0.0136719 0.00703812
0 0.486719 0.39209 0.0195312 0.0493164 0.00682449
0 0.347754 0.97168 0.0232422 0.0234375 0.00679779
0 0.582812 0.817383 0.0242187 0.03125 0.00638962
0 0.761719 0.941406 0.0140625 0.0136719 0.00634003
0 0.419531 0.825195 0.01875 0.015625 0.00629044
0 0.899219 0.706543 0.0140625 0.0205078 0.00629044
0 0.0323242 0.785645 0.0150391 0.0224609 0.00624084
0 0.373437 0.802734 0.00859375 0.0126953 0.00624084
0 0.488281 0.395508 0.00859375 0.0351562 0.00621796
0 0.0109863 0.822754 0.00644531 0.0126953 0.00605011
0 0.695312 0.904297 0.009375 0.0126953 0.005867
0 0.136523 0.818848 0.00859375 0.0126953 0.00582123
0 0.577344 0.820312 0.0125 0.015625 0.00577545
0 0.0519775 0.513184 0.0224121 0.0263672 0.00577545
0 0.597656 0.802246 0.0140625 0.0175781 0.00572968
0 0.427734 0.820801 0.0125 0.0166016 0.00572968
0 0.60625 0.796875 0.015625 0.0166016 0.00564194
0 0.691797 0.952148 0.0296875 0.0253906 0.00564194
0 0.433984 0.804199 0.00859375 0.0185547 0.00561905
0 0.365625 0.69043 0.015625 0.00976562 0.0055542
0 0.780469 0.879395 0.0203125 0.0244141 0.00551224
0 0.267969 0.0520935 0.0328125 0.0357056 0.00547028
0 0.0183594 0.993164 0.0259766 0.0136719 0.00544739
0 0.705078 0.575684 0.0117188 0.0117188 0.0053215
0 0.409766 0.791016 0.00859375 0.0146484 0.00521851
0 0.0486084 0.511719 0.0141113 0.015625 0.00518036
0 0.316211 0.963867 0.0101562 0.00976562 0.00516129
0 0.0198242 0.990234 0.0366211 0.0195312 0.0051384
0 0.9125 0.125977 0.0125 0.0161133 0.00510025
0 0.139062 0.974609 0.0273438 0.0390625 0.0050621
0 0.693359 0.904297 0.0109375 0.0117188 0.00502014
0 0.407422 0.732422 0.01875 0.0224609 0.00502014
0 0.267578 0.410889 0.0128906 0.0151367 0.00479126
0 0.0320312 0.679199 0.0161133 0.0166016 0.00471878
0 0.541016 0.987793 0.0382813 0.0244141 0.00468063
0 0.875 0.013916 0.01875 0.0194092 0.00462723
0 0.145459 0.770508 0.0235352 0.0361328 0.00450516
0 0.225195 0.0319214 0.0277344 0.0333252 0.00448608
0 0.673437 0.619629 0.009375 0.00878906 0.00445175
0 0.864062 0.711914 0.0109375 0.0126953 0.00438309
0 0.611328 0.765137 0.0117188 0.0126953 0.00436401
0 0.742188 0.87207 0.0132813 0.0185547 0.00429916
0 0.246094 0.0286255 0.0160156 0.0233154 0.00416565
0 0.658594 0.866211 0.0117188 0.00878906 0.00416565
0 0.249609 0.0637207 0.0117188 0.0222168 0.0041008
0 0.419531 0.977539 0.0164062 0.0136719 0.0041008
0 0.116602 0.945312 0.0115234 0.00976562 0.00407028
0 0.488672 0.373535 0.0320312 0.0478516 0.00407028
0 0.819531 0.212158 0.015625 0.0136719 0.00403976
0 0.201367 0.619141 0.0136719 0.0107422 0.00400543
0 0.360938 0.688477 0.0117188 0.0107422 0.00397491
0 0.185742 0.787598 0.0125 0.0126953 0.00397491
0 0.296289 0.958984 0.0105469 0.0136719 0.00397491
0 0.547656 0.926514 0.0242187 0.0336914 0.0039444
0 0.239453 0.0188599 0.0257812 0.0177002 0.00392914
0 0.684375 0.947266 0.0140625 0.0175781 0.00388527
0 0.267773 0.0498962 0.046875 0.0530396 0.00388527
0 0.849219 0.0286255 0.03125 0.0321045 0.00379562
0 0.0152832 0.247314 0.0154297 0.0131836 0.00378036
0 0.907812 0.127686 0.0140625 0.0166016 0.0037365
0 0.203711 0.6875 0.0121094 0.0117188 0.00367928
0 0.139062 0.974609 0.0347656 0.0507812 0.00366402
0 0.917188 0.96875 0.0109375 0.0117188 0.00362206
0 0.992969 0.331543 0.0109375 0.0146484 0.00359344
0 0.249609 0.0428162 0.0261719 0.0432739 0.00359344
0 0.0833984 0.54834 0.0279297 0.0244141 0.00348282
0 0.608594 0.769531 0.0226563 0.0253906 0.00348282
0 0.471875 0.948486 0.021875 0.0327148 0.00346947
0 0.147461 0.727051 0.0171875 0.0117188 0.00345612
0 0.021582 0.473633 0.0219727 0.0273438 0.00338936
0 0.707031 0.657227 0.03125 0.0195312 0.00333786
0 0.977344 0.995605 0.015625 0.00878906 0.00329781
0 0.0347168 0.787598 0.00986328 0.0175781 0.00327301
0 0.80625 0.208252 0.0109375 0.0102539 0.00324821
0 0.978125 0.594727 0.01875 0.0146484 0.00324821
0 0.445703 0.907715 0.009375 0.00878906 0.00324821
0 0.170117 0.76709 0.028125 0.0400391 0.00322342
0 0.218359 0.0175781 0.0167969 0.0107422 0.00319672
0 0.661719 0.92627 0.009375 0.0136719 0.00317192
0 0.807813 0.866211 0.021875 0.0185547 0.00314713
0 0.758594 0.832031 0.01875 0.0166016 0.00309944
0 0.994141 0.182617 0.0117188 0.0126953 0.003088
0 0.148438 0.774902 0.03125 0.0390625 0.00307465
0 0.865625 0.0316162 0.009375 0.0164795 0.00305176
0 0.0318359 0.689941 0.0271484 0.03125 0.00305176
0 0.967188 0.311768 0.0296875 0.0273438 0.00301552
0 0.952344 0.899414 0.015625 0.0117188 0.00300407
0 0.00869141 0.604492 0.0173828 0.0273438 0.00300407
0 0.212891 0.755859 0.0105469 0.0136719 0.00298119
0 0.281055 0.306641 0.0140625 0.0102539 0.00296974
0 0.594922 0.661133 0.0140625 0.0117188 0.0029583
0 0.939062 0.936523 0.0109375 0.0136719 0.0029583
0 0.659375 0.925781 0.0179687 0.0224609 0.0029583
0 0.939062 0.938477 0.0140625 0.0136719 0.00291252
0 0.135645 0.974609 0.021875 0.0292969 0.00287819
0 0.0534424 0.55127 0.0188965 0.0224609 0.0028553
0 0.790625 0.881836 0.0328125 0.0332031 0.00284576
0 0.98125 0.591309 0.0171875 0.0175781 0.00283432
0 0.740625 0.875 0.015625 0.0146484 0.00279999
0 0.226953 0.955078 0.0257812 0.0273438 0.00279045
0 0.65 0.760742 0.0109375 0.0107422 0.00277901
0 0.394141 0.791992 0.0164062 0.0146484 0.00277901
0 0.825781 0.213867 0.0140625 0.0136719 0.00275803
0 0.668359 0.472168 0.015625 0.0107422 0.00275803
0 0.703125 0.840332 0.0304688 0.0341797 0.00274658
0 0.704297 0.958984 0.0335938 0.0332031 0.00273705
0 0.0441162 0.463379 0.0129395 0.00878906 0.0027256
0 0.410156 0.736328 0.0117188 0.015625 0.00271416
0 0.266992 0.747559 0.015625 0.0224609 0.00271416
0 0.0463135 0.516113 0.0265137 0.0244141 0.00270462
0 0.25 0.0621643 0.0207031 0.0338745 0.0026722
0 0.0769531 0.916992 0.0205078 0.0175781 0.0026722
0 0.617188 0.800781 0.034375 0.0283203 0.00261116
0 0.220508 0.949219 0.0191406 0.0195312 0.00259018
0 0.778906 0.879883 0.04375 0.0371094 0.00257111
0 0.632812 0.378662 0.0117188 0.00878906 0.00256157
0 0.598437 0.796387 0.0109375 0.0117188 0.00253105
0 0.17168 0.822266 0.0109375 0.0146484 0.00252151
0 0.356738 0.480957 0.0154297 0.0117188 0.00251198
0 0.900781 0.664551 0.0171875 0.0166016 0.00251198
0 0.908594 0.747559 0.0109375 0.015625 0.00251198
0 0.972656 0.313721 0.0140625 0.0146484 0.00250244
0 0.180273 0.974609 0.0179687 0.015625 0.00248146
0 0.277539 0.430298 0.0167969 0.026123 0.00243378
0 0.705859 0.652344 0.0164062 0.0107422 0.00242424
0 0.576953 0.823242 0.0242187 0.0283203 0.00242424
0 0.863281 0.572754 0.0125 0.0126953 0.00240517
0 0.135742 0.816895 0.00917969 0.0107422 0.00237846
0 0.132471 0.963379 0.0530273 0.0732422 0.00237846
0 0.842969 0.926758 0.0140625 0.0126953 0.00235939
0 0.285352 0.597656 0.0128906 0.00976562 0.00234985
0 0.0344727 0.688965 0.0365234 0.0595703 0.00234985
0 0.613672 0.768555 0.015625 0.015625 0.00234222
0 0.175781 0.774902 0.0136719 0.0224609 0.00232315
0 0.703125 0.841309 0.0234375 0.0224609 0.00232315
0 0.183594 0.00540161 0.0179687 0.0108032 0.00231361
0 0.875 0.0184937 0.046875 0.0369873 0.00230598
0 0.39375 0.722168 0.009375 0.00976562 0.00225258
0 0.241992 0.325195 0.0113281 0.0112305 0.00223351
0 0.971875 0.996094 0.015625 0.0078125 0.00223351
0 0.452344 0.769531 0.028125 0.0263672 0.00221634
0 0.380469 0.824707 0.0125 0.0136719 0.00220871
0 0.00732422 0.82666 0.00820312 0.0126953 0.00220871
0 0.0543945 0.550781 0.0253906 0.0185547 0.00219917
0 0.28457 0.0234375 0.0140625 0.019043 0.00219154
0 0.889844 0.117676 0.0125 0.0117188 0.00216484
0 0.280273 0.488281 0.00820312 0.0117188 0.00214958
0 0.21875 0.859375 0.0199219 0.0175781 0.00214958
0 0.020459 0.519531 0.0262695 0.0195312 0.00214958
0 0.0685547 0.916504 0.0203125 0.0146484 0.00213242
0 0.139941 0.774902 0.0152344 0.0175781 0.00210762
0 0.41875 0.984375 0.0226563 0.0195312 0.00210762
