0 0.43125 0.66748 0.0890625 0.0732422 0.813965
0 0.530469 0.183228 0.021875 0.026123 0.734863
0 0.503125 0.199707 0.0210938 0.0200195 0.725586
0 0.119043 0.205566 0.0261719 0.0268555 0.704102
0 0.469141 0.160889 0.015625 0.0202637 0.662598
0 0.557031 0.181458 0.0179687 0.0174561 0.65918
0 0.879687 0.261963 0.0296875 0.0180664 0.564941
0 0.158984 0.161499 0.0136719 0.0205078 0.553711
0 0.772656 0.209229 0.0203125 0.019043 0.53418
0 0.696875 0.245361 0.03125 0.0224609 0.527344
0 0.583203 0.166992 0.0171875 0.0200195 0.520508
0 0.6 0.185547 0.0164062 0.0175781 0.491211
0 0.950781 0.246826 0.0125 0.0209961 0.481445
0 0.425 0.776855 0.05625 0.132812 0.460938
0 0.975781 0.0292358 0.0171875 0.019043 0.393311
0 0.583984 0.168091 0.025 0.0219727 0.366699
0 0.528125 0.145996 0.0078125 0.015625 0.364746
0 0.0833252 0.959229 0.120068 0.081543 0.361084
0 0.878125 0.26123 0.0359375 0.027832 0.327637
0 0.423828 0.798828 0.0484375 0.134766 0.293457
0 0.596094 0.186768 0.025 0.0219727 0.277588
0 0.176953 0.974609 0.0183594 0.0410156 0.26123
0 0.9625 0.158936 0.015625 0.0141602 0.255371
0 0.104541 0.957031 0.147949 0.0859375 0.244385
0 0.925781 0.230469 0.009375 0.0151367 0.240723
0 0.596094 0.184326 0.0148437 0.0175781 0.203125
0 0.1125 0.961426 0.0953125 0.0771484 0.194336
0 0.467969 0.160889 0.021875 0.0256348 0.190063
0 0.0135742 0.173218 0.0147461 0.0219727 0.15564
0 0.959375 0.158569 0.015625 0.0151367 0.149048
0 0.630469 0.215576 0.009375 0.0117188 0.14563
0 0.558594 0.182068 0.0101562 0.0172119 0.139404
0 0.433594 0.675293 0.0570313 0.0722656 0.13208
0 0.554688 0.183838 0.021875 0.0161133 0.129395
0 0.176563 0.973633 0.0265625 0.046875 0.123352
0 0.173242 0.973633 0.0183594 0.0371094 0.119202
0 0.00429688 0.179871 0.00810547 0.0167236 0.112793
0 0.511328 0.848633 0.0125 0.0166016 0.107788
0 0.175977 0.967773 0.0148437 0.0292969 0.105591
0 0.0633789 0.128296 0.0113281 0.0202637 0.104858
0 0.655469 0.786621 0.0195312 0.0146484 0.100525
0 0.0138184 0.172729 0.0197266 0.0273438 0.0994873
0 0.183398 0.942627 0.0105469 0.0170898 0.0984497
0 0.534766 0.183533 0.0171875 0.0206299 0.0977173
0 0.600391 0.185181 0.0226563 0.0212402 0.0970459
0 0.954687 0.135498 0.009375 0.0141602 0.0894775
0 0.975781 0.0296021 0.021875 0.0247803 0.0856934
0 0.169141 0.0689697 0.0144531 0.0114746 0.078064
0 0.0422852 0.150635 0.0100586 0.0163574 0.0772095
0 0.978906 0.139893 0.015625 0.0170898 0.0753174
0 0.594531 0.184326 0.0375 0.03125 0.0742188
0 0.950781 0.246826 0.0203125 0.027832 0.0739746
0 0.0189453 0.171021 0.0111328 0.0197754 0.0736694
0 0.9625 0.158936 0.0203125 0.019043 0.0705566
0 0.422266 0.779297 0.05625 0.0849609 0.0665894
0 0.977344 0.137939 0.025 0.0231934 0.0639648
0 0.0771484 0.899902 0.0136719 0.0175781 0.0632324
0 0.885156 0.26123 0.01875 0.0180664 0.0614319
0 0.527734 0.146729 0.0109375 0.0222168 0.0603027
0 0.158594 0.160278 0.0210938 0.026123 0.0592041
0 0.948438 0.249756 0.0140625 0.0170898 0.0585632
0 0.0250488 0.162598 0.00810547 0.0148926 0.0535889
0 0.430078 0.763672 0.0492188 0.0810547 0.0522461
0 0.114648 0.964111 0.0621094 0.0717773 0.0486755
0 0.905469 0.158569 0.0171875 0.0180664 0.0465393
0 0.0648438 0.959961 0.0666016 0.0625 0.0446777
0 0.229102 0.0345459 0.025 0.0531006 0.0428772
0 0.995703 0.995117 0.00859375 0.00976562 0.0422363
0 0.972656 0.0308228 0.01875 0.0205078 0.0420837
0 0.0640625 0.128174 0.0181641 0.0292969 0.0420837
0 0.701172 0.248779 0.0242187 0.0195312 0.0419312
0 0.228906 0.036377 0.0183594 0.0406494 0.0396423
0 0.0813477 0.962646 0.0626953 0.0727539 0.0372009
0 0.807813 0.898438 0.0078125 0.0136719 0.0360718
0 0.655078 0.784668 0.0257812 0.0205078 0.0360718
0 0.683984 0.740234 0.00859375 0.0205078 0.0358276
0 0.182227 0.943604 0.0183594 0.0249023 0.0352783
0 0.926562 0.230713 0.0140625 0.0209961 0.0335999
0 0.0607422 0.134155 0.00957031 0.0214844 0.0334778
0 0.438672 0.674316 0.0546875 0.0488281 0.0330811
0 0.319727 0.0980225 0.0128906 0.0180664 0.0327148
0 0.00610352 0.179138 0.0120117 0.0255127 0.0323486
0 0.423828 0.666992 0.0585938 0.0644531 0.0316162
0 0.433984 0.771973 0.0507812 0.112305 0.0316162
0 0.122266 0.201904 0.0181641 0.0200195 0.0313721
0 0.415625 0.804688 0.0664062 0.0996094 0.0311432
0 0.633984 0.835449 0.0125 0.0166016 0.0311432
0 0.525781 0.145508 0.0117188 0.0166016 0.0305634
0 0.558984 0.177429 0.0148437 0.0211182 0.029541
0 0.0755859 0.114258 0.00917969 0.0151367 0.0288696
0 0.071875 0.122559 0.00957031 0.019043 0.0287628
0 0.0518555 0.141357 0.0121094 0.0178223 0.0284424
0 0.926562 0.233154 0.0109375 0.0175781 0.0278015
0 0.534766 0.862305 0.009375 0.0117188 0.0266571
0 0.536328 0.182983 0.0328125 0.0280762 0.0264587
0 0.0402832 0.154053 0.0125977 0.015625 0.0258636
0 0.559766 0.180542 0.0195312 0.0305176 0.0253754
0 0.699219 0.73877 0.009375 0.0263672 0.024704
0 0.544922 0.948242 0.0109375 0.0214844 0.0244293
0 0.905469 0.156006 0.021875 0.0234375 0.0228882
0 0.121289 0.205811 0.0330078 0.034668 0.0223694
0 0.857031 0.0231323 0.009375 0.0134277 0.0216217
0 0.01875 0.17041 0.0181641 0.0283203 0.0215302
0 0.180273 0.982422 0.0117188 0.0234375 0.0214539
0 0.173828 0.967773 0.0328125 0.0585938 0.0213623
0 0.99375 0.0255127 0.0078125 0.0130615 0.021286
0 0.953125 0.0511475 0.0125 0.0246582 0.0206451
0 0.529297 0.144775 0.0109375 0.0178223 0.0206451
0 0.426953 0.813965 0.06875 0.130859 0.0205688
0 0.0432129 0.150024 0.0155273 0.0275879 0.0199432
0 0.630859 0.215088 0.0125 0.0180664 0.0198669
0 0.948438 0.248535 0.0203125 0.0214844 0.0195007
0 0.536719 0.189453 0.015625 0.0180664 0.0194244
0 0.107617 0.970215 0.0666016 0.0595703 0.0193481
0 0.687891 0.786621 0.0125 0.0244141 0.0187683
0 0.43125 0.656738 0.053125 0.0439453 0.0172424
0 0.168555 0.0692139 0.0214844 0.0192871 0.0171051
0 0.471094 0.162842 0.015625 0.0253906 0.0166626
0 0.554688 0.867676 0.00859375 0.0126953 0.0165253
0 0.525 0.146973 0.0148437 0.0209961 0.0162201
0 0.116211 0.972656 0.0953125 0.0546875 0.0162201
0 0.423047 0.76416 0.0414063 0.0517578 0.0160217
0 0.659375 0.705566 0.021875 0.0966797 0.0158386
0 0.471875 0.959961 0.00859375 0.0117188 0.0154266
0 0.593359 0.775391 0.0140625 0.00976562 0.0152512
0 0.871875 0.26416 0.0375 0.0239258 0.0150146
0 0.114453 0.204102 0.0224609 0.0229492 0.0147324
0 0.536328 0.861328 0.0125 0.0126953 0.0146713
0 0.179688 0.980469 0.0175781 0.0351562 0.0142288
0 0.940625 0.020813 0.0140625 0.0233154 0.0140076
0 0.954687 0.136108 0.0140625 0.026123 0.0136337
0 0.0926758 0.956299 0.0921875 0.0698242 0.0136337
0 0.0410156 0.153687 0.0178711 0.026123 0.0134277
0 0.254687 0.0333252 0.015625 0.0119629 0.0133286
0 0.971875 0.145874 0.0140625 0.019043 0.0132217
0 0.446094 0.669922 0.0742188 0.0917969 0.0130692
0 0.512109 0.849121 0.0164062 0.0234375 0.0125275
0 0.0601562 0.13501 0.0195312 0.0349121 0.0124283
0 0.00783691 0.179016 0.0156738 0.0296631 0.0123367
0 0.0518555 0.141724 0.0207031 0.0319824 0.0122375
0 0.685156 0.791016 0.0117188 0.0205078 0.0121002
0 0.517969 0.191162 0.0117188 0.0209961 0.0117798
0 0.957812 0.145508 0.009375 0.0158691 0.0115967
0 0.532812 0.171265 0.0109375 0.0244141 0.0115509
0 0.407813 0.124268 0.05 0.0720215 0.0115051
0 0.700391 0.739258 0.0132813 0.0332031 0.0113297
0 0.0180664 0.169556 0.0274414 0.0317383 0.011116
0 0.629687 0.2146 0.01875 0.0175781 0.0110703
0 0.696875 0.737793 0.021875 0.0449219 0.0108185
0 0.689453 0.243408 0.0195312 0.0180664 0.0106506
0 0.657031 0.709473 0.0273438 0.0605469 0.0104523
0 0.319336 0.0987549 0.0222656 0.0322266 0.0103302
0 0.081543 0.952148 0.0513672 0.0449219 0.0102921
0 0.923437 0.230469 0.0125 0.0180664 0.0102081
0 0.656641 0.697266 0.021875 0.0556641 0.0100098
0 0.556641 0.176819 0.025 0.0291748 0.00993347
0 0.633594 0.834473 0.01875 0.0302734 0.00989532
0 0.683203 0.740234 0.015625 0.0380859 0.00945282
0 0.919531 0.234863 0.0171875 0.0161133 0.00905609
0 0.879687 0.988281 0.0078125 0.0234375 0.00898743
0 0.680859 0.796387 0.015625 0.015625 0.00891876
0 0.0432861 0.150146 0.0239746 0.0314941 0.00888062
0 0.134668 0.958984 0.0759766 0.0820312 0.00881195
0 0.0711914 0.123291 0.0181641 0.0297852 0.00878143
0 0.107715 0.966797 0.104102 0.0664062 0.00871277
0 0.0614502 0.960938 0.0493652 0.0507812 0.00857544
0 0.269922 0.0250854 0.0179687 0.0192871 0.0085144
0 0.320508 0.0938721 0.0113281 0.012207 0.0085144
0 0.941406 0.140869 0.009375 0.0107422 0.0085144
0 0.5375 0.185547 0.0414063 0.034668 0.00834656
0 0.582422 0.162109 0.015625 0.0144043 0.00831604
0 0.582031 0.814453 0.0195312 0.0136719 0.008255
0 0.0263672 0.163452 0.0147461 0.0270996 0.008255
0 0.417578 0.828613 0.0429688 0.0839844 0.00818634
0 0.651172 0.783203 0.0164062 0.0146484 0.00806427
0 0.885156 0.261719 0.028125 0.0253906 0.00806427
0 0.432813 0.685059 0.09375 0.0957031 0.00796509
0 0.435937 0.757812 0.0351562 0.0576172 0.00793457
0 0.560547 0.181396 0.0273438 0.0341797 0.00784302
0 0.953906 0.0498047 0.0140625 0.0371094 0.0078125
0 0.523828 0.14624 0.0226563 0.0234375 0.0078125
0 0.407422 0.122314 0.0320312 0.0439453 0.00769424
0 0.686719 0.729492 0.009375 0.0302734 0.00757599
0 0.177344 0.44873 0.0164062 0.0361328 0.00748825
0 0.541406 0.956055 0.0148437 0.0253906 0.00743103
0 0.105957 0.952148 0.0486328 0.0429688 0.00728989
0 0.660156 0.696777 0.0289063 0.103516 0.00728989
0 0.0743897 0.97168 0.0504395 0.0488281 0.00706482
0 0.691016 0.78125 0.00859375 0.0107422 0.00701141
0 0.926562 0.233154 0.0265625 0.0249023 0.00701141
0 0.803906 0.374756 0.0109375 0.0117188 0.00695801
0 0.970312 0.145142 0.0296875 0.0407715 0.0068512
0 0.0769531 0.898438 0.0181641 0.0214844 0.00682449
0 0.0927734 0.951904 0.0482422 0.043457 0.00679779
0 0.116699 0.952881 0.0480469 0.043457 0.00679779
0 0.814062 0.141235 0.009375 0.0129395 0.00677109
0 0.179297 0.454102 0.0125 0.0292969 0.00669098
0 0.125146 0.974609 0.0571289 0.0488281 0.00669098
0 0.114355 0.897461 0.0138672 0.0205078 0.00651169
0 0.530469 0.942383 0.0367187 0.0546875 0.00643921
0 0.994531 0.992188 0.0109375 0.015625 0.00638962
0 0.511719 0.848633 0.0226563 0.0263672 0.00638962
0 0.7625 0.775879 0.0125 0.00976562 0.00636292
0 0.919531 0.234131 0.0265625 0.03125 0.00634003
0 0.467187 0.165894 0.0179687 0.026123 0.00619125
0 0.122656 0.201416 0.0242187 0.0258789 0.00609589
0 0.41875 0.831543 0.0296875 0.0498047 0.00605011
0 0.471094 0.958008 0.0101562 0.0117188 0.00600433
0 0.425391 0.81543 0.0523437 0.0771484 0.00595856
0 0.53125 0.169678 0.025 0.0371094 0.00588989
0 0.11416 0.20166 0.0103516 0.0131836 0.00579834
0 0.99375 0.995605 0.0125 0.00878906 0.00575256
0 0.413672 0.671875 0.046875 0.0654297 0.00570679
0 0.680078 0.750488 0.0101562 0.0175781 0.00566483
0 0.523828 0.934082 0.0140625 0.0166016 0.00559998
0 0.469141 0.491211 0.0132813 0.0146484 0.00557709
0 0.933594 0.406738 0.0125 0.0136719 0.0055542
0 0.575781 0.169434 0.0140625 0.0163574 0.00548935
0 0.019043 0.934082 0.00810547 0.0126953 0.00547028
0 0.530469 0.943604 0.0234375 0.0366211 0.00544739
0 0.0839844 0.97168 0.0966797 0.0566406 0.00534439
0 0.723828 0.741211 0.0148437 0.0136719 0.00521851
0 0.657031 0.0505371 0.01875 0.0140381 0.0051384
0 0.475781 0.453125 0.0078125 0.0146484 0.0050621
0 0.119141 0.982422 0.0525391 0.0351562 0.0050621
0 0.536328 0.189697 0.0328125 0.0336914 0.0050621
0 0.0762695 0.115723 0.0189453 0.0292969 0.00488663
0 0.722266 0.738281 0.0109375 0.015625 0.00486755
0 0.228516 0.036499 0.0363281 0.072998 0.00486755
0 0.25332 0.0855713 0.0121094 0.027832 0.00482941
0 0.542188 0.949219 0.021875 0.0351562 0.00481033
0 0.319141 0.111084 0.0183594 0.0192871 0.00479126
0 0.556641 0.176086 0.0375 0.0404053 0.00479126
0 0.0337891 0.210205 0.0121094 0.0136719 0.00477219
0 0.941406 0.020874 0.021875 0.0344238 0.00475693
0 0.690625 0.244385 0.0296875 0.0263672 0.00475693
0 0.641406 0.0501709 0.0148437 0.0126953 0.00471878
0 0.4125 0.666016 0.0390625 0.0439453 0.00471878
0 0.182031 0.939453 0.0105469 0.015625 0.00471878
0 0.402734 0.483398 0.00546875 0.0126953 0.0046463
0 0.355469 0.672852 0.0210938 0.015625 0.00460815
0 0.533594 0.862305 0.0164062 0.0234375 0.00457382
0 0.447656 0.672363 0.0953125 0.110352 0.00457382
0 0.354297 0.453125 0.0078125 0.0166016 0.00450516
0 0.687109 0.788574 0.0195312 0.0361328 0.00450516
0 0.630859 0.772461 0.0078125 0.0136719 0.00443268
0 0.807031 0.898926 0.0171875 0.0224609 0.00441742
0 0.280664 0.100342 0.0230469 0.0368652 0.00439835
0 0.179688 0.45105 0.01875 0.0480957 0.00439835
0 0.492188 0.490723 0.015625 0.0166016 0.00436401
0 0.532031 0.169312 0.0382813 0.0515137 0.00434875
0 0.0707031 0.121582 0.0257812 0.0336914 0.00426483
0 0.530078 0.943115 0.05 0.0629883 0.00426483
0 0.179492 0.447388 0.021875 0.0651855 0.00419998
0 0.270117 0.0986328 0.0230469 0.0351562 0.0041008
0 0.35625 0.191711 0.0148437 0.0111084 0.00408554
0 0.416406 0.13208 0.0203125 0.0332031 0.00407028
0 0.106445 0.894531 0.0160156 0.015625 0.00405502
0 0.174609 0.446289 0.00976562 0.0302734 0.00402451
0 0.681641 0.739258 0.0234375 0.0390625 0.00400543
0 0.530078 0.143799 0.015625 0.0290527 0.00399017
0 0.707031 0.696289 0.0109375 0.0263672 0.00397491
0 0.483594 0.504883 0.0476562 0.0488281 0.0039444
0 0.517187 0.192871 0.034375 0.0351562 0.00388527
0 0.952344 0.0491333 0.025 0.0421143 0.00388527
0 0.362891 0.671875 0.015625 0.0146484 0.00387001
0 0.434766 0.6875 0.0296875 0.0517578 0.00382423
0 0.163477 0.0705566 0.0117188 0.0134277 0.00379562
0 0.853906 0.143188 0.0109375 0.0163574 0.00379562
0 0.257422 0.0288086 0.0132813 0.0177002 0.00370789
0 0.694531 0.730469 0.0140625 0.046875 0.00365067
0 0.268359 0.0957031 0.0511719 0.076416 0.00365067
0 0.971875 0.139282 0.0140625 0.0144043 0.00359344
0 0.224414 0.0383301 0.0234375 0.0412598 0.00358009
0 0.955469 0.0439453 0.0109375 0.0235596 0.00358009
0 0.522656 0.938232 0.0164062 0.0180664 0.00356483
0 0.359375 0.669922 0.0148437 0.0146484 0.00353813
0 0.540625 0.956299 0.021875 0.0405273 0.00353813
0 0.655078 0.782715 0.028125 0.0400391 0.00348282
0 0.682813 0.791016 0.0257812 0.0400391 0.00348282
0 0.534766 0.647461 0.0109375 0.0136719 0.00345612
0 0.482812 0.493652 0.0203125 0.0205078 0.00344276
0 0.936719 0.0215454 0.0109375 0.0181885 0.00342941
0 0.408984 0.129272 0.025 0.0380859 0.00342941
0 0.655859 0.719238 0.0242187 0.0400391 0.00340271
0 0.824219 0.976562 0.0078125 0.0195312 0.00340271
0 0.253125 0.076416 0.00742187 0.0148926 0.00336266
0 0.658203 0.716797 0.0179687 0.0703125 0.00336266
0 0.707422 0.683105 0.0078125 0.0166016 0.00335121
0 0.976562 0.722168 0.015625 0.0146484 0.00335121
0 0.433594 0.828613 0.0195312 0.0410156 0.00335121
0 0.287695 0.113525 0.00976562 0.0251465 0.00333786
0 0.680859 0.79541 0.0242187 0.0292969 0.00331116
0 0.175195 0.456543 0.00859375 0.0234375 0.00328636
0 0.483203 0.507324 0.0289063 0.03125 0.00327301
0 0.421094 0.899902 0.0234375 0.0302734 0.00327301
0 0.810156 0.897461 0.0109375 0.0146484 0.00327301
0 0.435156 0.784668 0.0382813 0.0654297 0.00321007
0 0.0400391 0.651367 0.0136719 0.0117188 0.00319672
0 0.657422 0.684082 0.015625 0.0351562 0.00318527
