0 0.727148 0.379883 0.0675781 0.0541992 0.901367
0 0.747461 0.235352 0.0394531 0.0385742 0.805664
0 0.796094 0.218262 0.0234375 0.0444336 0.789062
0 0.982813 0.579102 0.028125 0.0820312 0.760742
0 0.748438 0.234863 0.046875 0.0512695 0.162354
0 0.894531 0.506836 0.0171875 0.0185547 0.139404
0 0.722656 0.373291 0.0523437 0.0458984 0.0891113
0 0.886719 0.0881348 0.00625 0.0175781 0.0713501
0 0.805469 0.09021 0.0078125 0.0183105 0.0562439
0 0.678516 0.36377 0.0078125 0.0166016 0.0560303
0 0.89375 0.506836 0.025 0.0244141 0.0552063
0 0.867969 0.375732 0.0125 0.0146484 0.0549927
0 0.991406 0.789551 0.009375 0.0185547 0.0518494
0 0.982813 0.5625 0.021875 0.0322266 0.0313721
0 0.959375 0.0870361 0.009375 0.0161133 0.0280151
0 0.979688 0.591797 0.0328125 0.0605469 0.0253754
0 0.982813 0.564453 0.0328125 0.0664062 0.0230713
0 0.674219 0.355469 0.009375 0.0180664 0.0224609
0 0.673047 0.349854 0.0101562 0.0136719 0.0210419
0 0.927344 0.461426 0.009375 0.0107422 0.0191193
0 0.734961 0.376953 0.0675781 0.0751953 0.0184784
0 0.740234 0.232666 0.0351562 0.0332031 0.0175781
0 0.731641 0.388916 0.0429688 0.0458984 0.0173035
0 0.738281 0.230957 0.021875 0.0195312 0.0154266
0 0.542188 0.991211 0.0132813 0.015625 0.0119629
0 0.725 0.39209 0.0320312 0.0439453 0.011116
0 0.796094 0.208496 0.0203125 0.019043 0.0110703
0 0.594141 0.492676 0.009375 0.0117188 0.0104065
0 0.678125 0.364502 0.0140625 0.0258789 0.01017
0 0.696875 0.369385 0.00703125 0.0126953 0.00952148
0 0.805469 0.090332 0.0109375 0.0263672 0.00948334
0 0.992188 0.791016 0.015625 0.03125 0.00898743
0 0.737305 0.372803 0.0457031 0.0410156 0.00806427
0 0.886719 0.0883789 0.0109375 0.019043 0.00787354
0 0.958594 0.0872803 0.015625 0.0268555 0.00769424
0 0.867969 0.375977 0.015625 0.0239258 0.00763702
0 0.396875 0.629395 0.00703125 0.00976562 0.00740433
0 0.888281 0.0895996 0.009375 0.0229492 0.0069046
0 0.753906 0.392578 0.0125 0.0195312 0.00679779
0 0.419141 0.588867 0.00859375 0.0117188 0.00624084
0 0.978125 0.575195 0.0375 0.0673828 0.00605011
0 0.795313 0.208984 0.0328125 0.0390625 0.00598145
0 0.978125 0.574707 0.025 0.0400391 0.00572968
0 0.255273 0.988281 0.0136719 0.015625 0.00568771
0 0.170508 0.666992 0.0101562 0.0117188 0.00542831
0 0.677344 0.363525 0.0210938 0.0268555 0.00534439
0 0.989844 0.795898 0.0125 0.0214844 0.00527954
0 0.795313 0.207947 0.046875 0.0552979 0.0050621
0 0.89375 0.504395 0.028125 0.0439453 0.00498199
0 0.406641 0.615723 0.00859375 0.0136719 0.0049057
0 0.804688 0.0913086 0.01875 0.0214844 0.00468063
0 0.790625 0.215088 0.0328125 0.0488281 0.00438309
0 0.889063 0.506836 0.0140625 0.0146484 0.00434875
0 0.760156 0.225342 0.0125 0.0209961 0.00429916
0 0.803125 0.0893555 0.01875 0.0307617 0.0042305
0 0.750195 0.356445 0.0121094 0.0126953 0.00419998
0 0.74082 0.237305 0.0246094 0.0302734 0.00405502
0 0.737891 0.388428 0.0460938 0.0541992 0.00397491
0 0.73125 0.0906982 0.0109375 0.0205078 0.00391388
0 0.672656 0.351562 0.0203125 0.0258789 0.00391388
0 0.730859 0.0942383 0.0117188 0.0168457 0.00372124
0 0.366016 0.455078 0.0148437 0.0214844 0.00365067
0 0.790625 0.214355 0.01875 0.027832 0.00359344
0 0.8 0.20459 0.0140625 0.0146484 0.00358009
0 0.989844 0.789551 0.0203125 0.0371094 0.00356483
0 0.70625 0.405029 0.0078125 0.0112305 0.00341606
0 0.973437 0.611816 0.00625 0.0136719 0.00300407
0 0.741406 0.391602 0.0265625 0.0371094 0.00298119
0 0.9625 0.0870361 0.0140625 0.0163574 0.00286674
0 0.95625 0.0921631 0.0140625 0.015625 0.00283432
0 0.714453 0.379883 0.0296875 0.0351562 0.00282288
0 0.752344 0.391602 0.0171875 0.03125 0.00279045
0 0.238086 0.973633 0.0132813 0.0117188 0.00263214
0 0.883594 0.088501 0.01875 0.0327148 0.00259018
0 0.889844 0.512207 0.021875 0.0214844 0.00257111
0 0.754883 0.222656 0.0183594 0.0136719 0.00255013
0 0.416797 0.595215 0.0101562 0.0166016 0.0024147
0 0.0216309 0.982422 0.015918 0.0117188 0.00235939
0 0.889844 0.512207 0.028125 0.0332031 0.00227928
0 0.00932617 0.986328 0.0112305 0.0117188 0.00224304
0 0.984375 0.557617 0.0203125 0.0234375 0.00223351
0 0.674219 0.357666 0.0148437 0.0253906 0.00220871
0 0.989844 0.795898 0.015625 0.0361328 0.00219917
0 0.8875 0.0938721 0.009375 0.0180664 0.00218201
0 0.709375 0.371826 0.0304688 0.0170898 0.00218201
0 0.741211 0.360596 0.0191406 0.0131836 0.00215721
0 0.8875 0.0892334 0.0171875 0.0302734 0.0020752
0 0.789844 0.224854 0.0125 0.027832 0.00195694
0 0.984375 0.785156 0.0125 0.0166016 0.00194168
0 0.867969 0.375977 0.01875 0.034668 0.00188255
0 0.698828 0.375977 0.00625 0.0175781 0.00184631
0 0.0179199 0.985352 0.0203125 0.015625 0.00179577
0 0.747656 0.244385 0.0375 0.043457 0.00179577
0 0.711719 0.374512 0.0507812 0.0424805 0.00176811
0 0.606641 0.487305 0.0101562 0.0126953 0.00168705
0 0.592188 0.498535 0.0140625 0.0136719 0.00168705
0 0.9875 0.595703 0.0125 0.046875 0.00168705
0 0.64375 0.976562 0.0125 0.0136719 0.00159168
0 0.728906 0.362793 0.0257812 0.0117188 0.00153637
0 0.612109 0.489258 0.0109375 0.0146484 0.00152493
0 0.882031 0.0880127 0.028125 0.0358887 0.00151253
0 0.978125 0.416016 0.0109375 0.0161133 0.00150108
0 0.896875 0.503906 0.03125 0.0283203 0.00148392
0 0.789062 0.224854 0.03125 0.046875 0.00146675
0 0.985937 0.594238 0.021875 0.0673828 0.00145531
0 0.398438 0.624023 0.0117188 0.015625 0.00143814
0 0.542969 0.986816 0.0195312 0.0263672 0.00141048
0 0.794531 0.231934 0.0140625 0.0209961 0.00138855
0 0.867188 0.373779 0.0234375 0.0263672 0.00136662
0 0.505469 0.646484 0.0117188 0.0078125 0.00131512
0 0.751562 0.390381 0.034375 0.0390625 0.00130463
0 0.978125 0.601074 0.0078125 0.0400391 0.0012064
0 0.75625 0.802734 0.015625 0.0136719 0.00118828
0 0.0285156 0.979492 0.0189453 0.0117188 0.00118828
0 0.713672 0.397949 0.0078125 0.0253906 0.00117874
0 0.929688 0.440552 0.0078125 0.0124512 0.0011692
0 0.643359 0.913086 0.0125 0.00878906 0.00114727
0 0.00917969 0.703613 0.0135742 0.0126953 0.00113773
0 0.730469 0.0947266 0.0195312 0.0290527 0.0011158
0 0.760938 0.225098 0.021875 0.0283203 0.00110722
0 0.743359 0.223145 0.0257812 0.0146484 0.00109482
0 0.754687 0.247803 0.015625 0.0244141 0.00102425
0 0.957031 0.0913086 0.0265625 0.0307617 0.00102425
