0 0.853125 0.157715 0.0578125 0.0717773 0.422607
0 0.802344 0.135254 0.075 0.0610352 0.359375
0 0.825 0.194519 0.0375 0.0860596 0.339844
0 0.803906 0.135986 0.0515625 0.0551758 0.155029
0 0.847656 0.152222 0.0453125 0.0522461 0.124207
0 0.847656 0.157349 0.078125 0.0847168 0.11676
0 0.810156 0.0123291 0.021875 0.0197754 0.116333
0 0.796094 0.126465 0.0609375 0.0541992 0.102661
0 0.810156 0.0140381 0.0328125 0.0262451 0.0977173
0 0.825781 0.180664 0.04375 0.11377 0.0930176
0 0.825 0.184021 0.046875 0.0743408 0.0830078
0 0.846094 0.00842285 0.01875 0.0168457 0.0653687
0 0.794531 0.123535 0.0421875 0.0405273 0.0651245
0 0.417578 0.0396729 0.0789063 0.0793457 0.0520325
0 0.829687 0.113281 0.0125 0.0168457 0.0390625
0 0.803125 0.125 0.04375 0.0402832 0.0359497
0 0.845312 0.00964355 0.03125 0.0192871 0.033844
0 0.583984 0.5 0.009375 0.0126953 0.032959
0 0.814062 0.017334 0.046875 0.034668 0.0313721
0 0.846094 0.138672 0.0203125 0.0234375 0.0309143
0 0.409766 0.0454712 0.108594 0.0909424 0.0309143
0 0.814062 0.0174561 0.0296875 0.0255127 0.0297546
0 0.828125 0.204407 0.0265625 0.0462646 0.0270691
0 0.419141 0.0375977 0.0414063 0.0568848 0.0264587
0 0.813281 0.137085 0.0359375 0.0354004 0.0241394
0 0.832031 0.164795 0.0828125 0.11377 0.0238647
0 0.860937 0.163513 0.0390625 0.0596924 0.0213623
0 0.418359 0.0258179 0.0445312 0.045166 0.0197144
0 0.828125 0.108887 0.0109375 0.0151367 0.0196381
0 0.0814453 0.0246887 0.0402344 0.0493774 0.0175171
0 0.0816406 0.0203247 0.0289063 0.0384521 0.0171051
0 0.821875 0.205078 0.0359375 0.0517578 0.0152512
0 0.392969 0.0578613 0.015625 0.0209961 0.0139542
0 0.846094 0.14209 0.0390625 0.0449219 0.0137405
0 0.832812 0.163757 0.034375 0.0587158 0.0132217
0 0.798437 0.141357 0.040625 0.0424805 0.0130234
0 0.8625 0.169678 0.053125 0.0703125 0.0125275
0 0.814062 0.143921 0.0765625 0.0671387 0.012291
0 0.7875 0.122803 0.0453125 0.0490723 0.012146
0 0.380078 0.0690613 0.0164062 0.017395 0.0120544
0 0.142188 0.0332642 0.0574219 0.0665283 0.0115967
0 0.407422 0.0317993 0.0867188 0.0635986 0.0109863
0 0.851562 0.139282 0.025 0.0217285 0.0107346
0 0.827344 0.114136 0.0203125 0.0263672 0.0104065
0 0.409375 0.0388184 0.0453125 0.0571289 0.0100098
0 0.7875 0.131714 0.0359375 0.0378418 0.00963593
0 0.134473 0.0109253 0.0238281 0.0218506 0.00905609
0 0.135498 0.0206909 0.0325195 0.0377197 0.0088501
0 0.785156 0.121704 0.03125 0.0310059 0.0088501
0 0.389844 0.0638428 0.0195312 0.020752 0.0085144
0 0.815625 0.144897 0.0375 0.0385742 0.00847626
0 0.425 0.0307007 0.0820312 0.0614014 0.00834656
0 0.361328 0.464844 0.009375 0.0136719 0.00800323
0 0.144043 0.0238037 0.0361328 0.0476074 0.00793457
0 0.873438 0.177612 0.0109375 0.0275879 0.00793457
0 0.860156 0.15271 0.0328125 0.041748 0.00763702
0 0.235547 0.875488 0.0425781 0.117188 0.00757599
0 0.223633 0.845215 0.040625 0.115234 0.00740433
0 0.109766 0.0117188 0.0128906 0.0234375 0.00734711
0 0.842969 0.174316 0.0234375 0.0488281 0.00731659
0 0.248633 0.906494 0.0417969 0.108887 0.00720596
0 0.584375 0.502441 0.0117188 0.0136719 0.00714874
0 0.866406 0.172058 0.028125 0.0377197 0.00701141
0 0.0833008 0.469238 0.0433594 0.0888672 0.00695801
0 0.0710938 0.439453 0.0390625 0.100586 0.00664139
0 0.257422 0.922363 0.0414063 0.0986328 0.00643921
0 0.821875 0.164917 0.040625 0.0622559 0.00631332
0 0.108887 0.0231934 0.0152344 0.0361328 0.006073
0 0.832812 0.149658 0.0953125 0.081543 0.00579834
0 0.0811523 0.0136719 0.0234375 0.0273438 0.00566483
0 0.549609 0.427002 0.00859375 0.012207 0.00566483
0 0.408203 0.0250854 0.04375 0.0419922 0.00534439
0 0.851562 0.14209 0.0515625 0.059082 0.00526047
0 0.583203 0.501465 0.0140625 0.0214844 0.00518036
0 0.832812 0.146729 0.0375 0.0395508 0.00516129
0 0.350488 0.976562 0.0130859 0.0253906 0.0051384
0 0.621094 0.0388184 0.03125 0.0776367 0.00479126
0 0.841406 0.0150146 0.021875 0.0194092 0.00475693
0 0.620313 0.0368652 0.0242187 0.0450439 0.00475693
0 0.564062 0.975586 0.009375 0.00976562 0.00475693
0 0.839844 0.174072 0.075 0.0864258 0.00473785
0 0.134326 0.0164185 0.0485352 0.0328369 0.00471878
0 0.393359 0.0216675 0.05625 0.043335 0.00469971
0 0.244727 0.893066 0.0566406 0.125977 0.00452042
0 0.821094 0.214111 0.021875 0.0366211 0.00450516
0 0.842188 0.0144958 0.0359375 0.0289917 0.00445175
0 0.828125 0.137207 0.021875 0.0224609 0.00438309
0 0.254102 0.923584 0.0378906 0.0532227 0.00436401
0 0.383984 0.961914 0.0273438 0.0761719 0.00436401
0 0.272461 0.954346 0.0417969 0.0913086 0.00432968
0 0.617969 0.0250244 0.0171875 0.029541 0.0042305
0 0.0682861 0.441528 0.0376465 0.0544434 0.0042305
0 0.141846 0.0120239 0.0268555 0.0240479 0.00419998
0 0.623438 0.0527954 0.0335938 0.105591 0.00419998
0 0.383203 0.974609 0.0328125 0.0488281 0.0041008
0 0.0818359 0.47168 0.0339844 0.046875 0.00407028
0 0.207813 0.797852 0.0375 0.112305 0.00397491
0 0.626953 0.259521 0.0101562 0.012207 0.00392914
0 0.41875 0.0498047 0.0398437 0.048584 0.00387001
0 0.392969 0.0213013 0.0335938 0.0306396 0.00385475
0 0.343555 0.975586 0.0175781 0.0253906 0.00382423
0 0.795313 0.900879 0.009375 0.00878906 0.00379562
0 0.816406 0.122437 0.0265625 0.0236816 0.00378036
0 0.564844 0.307861 0.009375 0.0126953 0.00376511
0 0.246289 0.90918 0.0398437 0.0566406 0.00376511
0 0.280664 0.972656 0.0207031 0.0292969 0.00370789
0 0.220313 0.847656 0.0417969 0.0634766 0.00366402
0 0.108301 0.0284729 0.0238281 0.0569458 0.00362206
0 0.8125 0.197754 0.0109375 0.0327148 0.00356483
0 0.232031 0.877441 0.0441406 0.0634766 0.00353813
0 0.270312 0.957764 0.0289063 0.0454102 0.00348282
0 0.198242 0.767578 0.0355469 0.125 0.00348282
0 0.156982 0.00997925 0.0231445 0.0199585 0.00340271
0 0.515234 0.65918 0.0375 0.132812 0.00340271
0 0.878906 0.00952148 0.009375 0.0125732 0.00337601
0 0.380859 0.0678711 0.0273438 0.0371094 0.00337601
0 0.231445 0.862305 0.0535156 0.12207 0.00335121
0 0.428125 0.0238037 0.0421875 0.0401611 0.00332451
0 0.822656 0.2146 0.0328125 0.043457 0.00324821
0 0.585156 0.286377 0.0101562 0.012207 0.00321007
0 0.638281 0.490234 0.0101562 0.0136719 0.00319672
0 0.406641 0.0519104 0.0375 0.0460815 0.00316048
0 0.140967 0.0193481 0.0485352 0.0386963 0.00314713
0 0.393359 0.0556641 0.0367187 0.0537109 0.00314713
0 0.0792969 0.0216675 0.0529297 0.043335 0.00312424
0 0.108789 0.0176392 0.021875 0.0352783 0.00307465
0 0.834375 0.00854492 0.0203125 0.0170898 0.00302696
0 0.143115 0.0351868 0.0411133 0.0575562 0.00301552
0 0.0932617 0.488281 0.0279297 0.0341797 0.00298119
0 0.621875 0.053894 0.0296875 0.0535889 0.00294685
0 0.467578 0.145996 0.009375 0.0268555 0.00288963
0 0.810938 0.550781 0.009375 0.0117188 0.0028553
0 0.814844 0.124023 0.065625 0.0637207 0.00282288
0 0.390234 0.0622559 0.0296875 0.0368652 0.00279045
0 0.319531 0.923828 0.0421875 0.0996094 0.00277901
0 0.828125 0.217041 0.0171875 0.0263672 0.00274658
0 0.623828 0.0407104 0.0140625 0.0327148 0.00273705
0 0.073999 0.451782 0.0512207 0.105225 0.00273705
0 0.144922 0.0482178 0.0714844 0.0964355 0.00270462
0 0.44375 0.985352 0.0171875 0.0292969 0.00269318
0 0.988281 0.368652 0.0078125 0.0151367 0.00265312
0 0.211133 0.813965 0.0371094 0.118164 0.00265312
0 0.0730469 0.456177 0.0347656 0.0495605 0.00264168
0 0.24082 0.895996 0.0464844 0.0673828 0.00263214
0 0.562109 0.178345 0.00859375 0.0158691 0.00260162
0 0.0825195 0.0344849 0.0328125 0.0450439 0.00259018
0 0.455469 0.0944824 0.0101562 0.0197754 0.00259018
0 0.22832 0.864746 0.0441406 0.0644531 0.00256157
0 0.0945313 0.486328 0.0427734 0.0732422 0.00255013
0 0.273633 0.0722656 0.0101562 0.0168457 0.00251198
0 0.444141 0.979004 0.0203125 0.0419922 0.00251198
0 0.814062 0.12561 0.0515625 0.0490723 0.0024929
0 0.917969 0.37793 0.0328125 0.0268555 0.00248146
0 0.586328 0.287598 0.0140625 0.0131836 0.00246239
0 0.286523 0.976562 0.015625 0.0253906 0.00245285
0 0.113379 0.0100098 0.0152344 0.0200195 0.00242424
0 0.446484 0.967773 0.0289063 0.0644531 0.00239754
0 0.828125 0.215332 0.0296875 0.0390625 0.002388
0 0.305664 0.894287 0.0441406 0.104004 0.002388
0 0.296484 0.876465 0.0472656 0.119141 0.00235939
0 0.382031 0.985352 0.0210938 0.0292969 0.00234222
0 0.219727 0.831543 0.0507812 0.119141 0.00234222
0 0.204102 0.799805 0.0386719 0.0615234 0.00233269
0 0.316797 0.924561 0.0332031 0.0493164 0.00230598
0 0.418359 0.0135498 0.0289063 0.019165 0.00228691
0 0.0836914 0.0409546 0.0498047 0.0819092 0.00223351
0 0.383594 0.977539 0.0210938 0.0449219 0.00223351
0 0.203125 0.785645 0.0375 0.111328 0.00221634
0 0.811719 0.196838 0.03125 0.0692139 0.00219917
0 0.0340332 0.0244141 0.024707 0.0471191 0.00216484
0 0.28418 0.844727 0.04375 0.109375 0.00216484
0 0.317773 0.123901 0.0683594 0.0632324 0.00215721
0 0.608203 0.161987 0.0117188 0.0158691 0.00214005
0 0.343848 0.985352 0.0224609 0.0214844 0.00212479
0 0.91875 0.375 0.04375 0.0449219 0.00212479
0 0.625 0.06604 0.0273438 0.0996094 0.00211525
0 0.3875 0.949951 0.0328125 0.100098 0.00210762
0 0.195508 0.770508 0.0386719 0.0634766 0.00209999
0 0.382812 0.961914 0.0414063 0.0644531 0.00209999
0 0.0730469 0.0217896 0.0257812 0.0343018 0.00208282
0 0.28125 0.969238 0.0363281 0.0615234 0.00208282
0 0.439844 0.00994873 0.0164062 0.0169678 0.0020752
0 0.155469 0.0224609 0.0273438 0.0449219 0.00203514
0 0.303516 0.894531 0.0351562 0.0507812 0.00201988
0 0.623047 0.0675049 0.028125 0.0444336 0.00200272
0 0.318164 0.119629 0.0328125 0.0310059 0.00200272
0 0.618359 0.0282288 0.0257812 0.0564575 0.00199509
0 0.430469 0.0125732 0.0265625 0.0184326 0.00192642
0 0.107129 0.504883 0.0287109 0.0341797 0.00192642
0 0.216211 0.833496 0.0414063 0.0634766 0.00192642
0 0.281445 0.846191 0.0367187 0.0498047 0.00191212
0 0.261719 0.937256 0.040625 0.105957 0.00191212
0 0.344531 0.134155 0.0164062 0.0239258 0.00190449
0 0.4875 0.961914 0.0125 0.0136719 0.00189686
0 0.571094 0.334961 0.0078125 0.0166016 0.00186729
0 0.828906 0.110352 0.015625 0.0263672 0.00183868
0 0.344141 0.142578 0.01875 0.0180664 0.00182438
0 0.332031 0.957031 0.0242187 0.0371094 0.00182438
0 0.11416 0.0224609 0.0173828 0.0323486 0.00181007
0 0.807031 0.910156 0.0109375 0.00878906 0.00181007
0 0.826563 0.139526 0.05625 0.0510254 0.00179577
0 0.155859 0.0161438 0.0410156 0.0322876 0.00178242
0 0.417969 0.017334 0.0695312 0.034668 0.00178242
0 0.844531 0.00753784 0.0234375 0.0150757 0.00177479
0 0.0712891 0.0105591 0.0257812 0.0211182 0.00176811
0 0.193555 0.737305 0.0347656 0.123047 0.00175476
0 0.308008 0.909668 0.0363281 0.0488281 0.00174141
0 0.483594 0.0090332 0.0195312 0.0167236 0.0017271
0 0.201172 0.786133 0.0367187 0.0585938 0.0017004
0 0.208594 0.816406 0.0359375 0.0576172 0.00167465
0 0.396875 0.0392761 0.03125 0.0474243 0.0016489
0 0.371484 0.680664 0.009375 0.0166016 0.00164223
0 0.109277 0.0304871 0.0339844 0.0609741 0.00164223
0 0.464063 0.178467 0.0117188 0.0297852 0.00163555
0 0.487109 0.990234 0.009375 0.0136719 0.00163555
0 0.834375 0.277832 0.071875 0.108887 0.00163555
0 0.873438 0.178467 0.0171875 0.0395508 0.00161648
0 0.371875 0.785156 0.009375 0.0205078 0.00161076
0 0.333301 0.956055 0.0427734 0.0878906 0.00161076
0 0.293359 0.878906 0.0417969 0.0566406 0.0015974
0 0.355176 0.0686035 0.0146484 0.0273438 0.00158501
0 0.429688 0.0362549 0.04375 0.0576172 0.00157928
0 0.0327637 0.0513916 0.0461914 0.102783 0.00157356
0 0.580078 0.144409 0.015625 0.0163574 0.00156689
0 0.278125 0.83252 0.0308594 0.0449219 0.00156689
0 0.940625 0.0164185 0.025 0.0216064 0.00156116
0 0.614062 0.127319 0.0125 0.012207 0.00155449
0 0.838281 0.194885 0.021875 0.036499 0.00152493
0 0.314063 0.911621 0.0289063 0.0458984 0.00152493
0 0.382422 0.0192261 0.0265625 0.0251465 0.0015192
0 0.841406 0.980469 0.015625 0.015625 0.0015192
0 0.192188 0.753906 0.0371094 0.0644531 0.0014782
0 0.342871 0.972656 0.0353516 0.0546875 0.00146675
0 0.108398 0.50293 0.0560547 0.0771484 0.00145531
0 0.282422 0.984375 0.0238281 0.0234375 0.00144958
0 0.269531 0.0695496 0.0144531 0.024231 0.00144386
0 0.259766 0.939453 0.0308594 0.0527344 0.00143242
0 0.255664 0.646484 0.0460938 0.130859 0.00143242
0 0.925781 0.377686 0.0265625 0.0288086 0.0014267
0 0.94375 0.0109558 0.0203125 0.0219116 0.00142097
0 0.646875 0.461426 0.00859375 0.0136719 0.00142097
0 0.437891 0.987305 0.0078125 0.0195312 0.00141048
0 0.840625 0.983398 0.0203125 0.015625 0.00141048
0 0.780469 0.110596 0.0171875 0.0136719 0.00139904
0 0.316797 0.130981 0.0351562 0.0336914 0.00139904
0 0.830469 0.0363159 0.0203125 0.0301514 0.00138283
0 0.557031 0.196472 0.0101562 0.0201416 0.00138283
0 0.826563 0.107666 0.0234375 0.0290527 0.00137806
0 0.162305 0.00952148 0.0183594 0.019043 0.00137234
0 0.0325195 0.0394287 0.0328125 0.0598145 0.00136662
0 0.153955 0.0355225 0.0592773 0.0710449 0.00136185
0 0.439844 0.024292 0.021875 0.0350342 0.00135612
0 0.353516 0.398438 0.0179687 0.0351562 0.00134563
0 0.189648 0.73877 0.0382813 0.0615234 0.00134087
0 0.0720459 0.0298462 0.0625488 0.0596924 0.00133514
0 0.827344 0.139648 0.0734375 0.0637207 0.00132465
0 0.314258 0.913818 0.0394531 0.0981445 0.00131512
0 0.279687 0.832031 0.0398437 0.100586 0.00130463
0 0.395312 0.612793 0.0203125 0.0273438 0.00129986
0 0.32793 0.119019 0.0800781 0.0803223 0.00128937
0 0.670703 0.0175171 0.0203125 0.0180664 0.0012846
0 0.0605469 0.408203 0.0355469 0.125977 0.0012846
0 0.119531 0.520996 0.0322266 0.0341797 0.00127411
0 0.267578 0.799805 0.0402344 0.106445 0.00125504
0 0.344922 0.979492 0.0304688 0.0410156 0.00125504
0 0.512891 0.661621 0.0523437 0.0839844 0.00124931
0 0.276953 0.962891 0.0257812 0.0429688 0.00124931
0 0.626562 0.0698242 0.0265625 0.0581055 0.00123501
0 0.940625 0.0161438 0.0296875 0.0322876 0.00123501
0 0.264844 0.800293 0.0351562 0.0488281 0.00123024
0 0.508594 0.661133 0.0460938 0.0644531 0.00122547
0 0.316016 0.129272 0.0929687 0.0803223 0.00122547
0 0.289844 0.86377 0.0378906 0.0556641 0.0012207
0 0.392578 0.0133667 0.021875 0.0169678 0.00121593
0 0.454688 0.00653076 0.0117188 0.0130615 0.00121117
0 0.5125 0.645996 0.0445312 0.0771484 0.00121117
0 0.835156 0.0144348 0.0484375 0.0288696 0.00121117
0 0.618359 0.0306396 0.0351562 0.0612793 0.00120163
0 0.223438 0.861816 0.0320312 0.0537109 0.00119686
0 0.516406 0.688965 0.0351562 0.152344 0.00119209
0 0.292383 0.0343018 0.0109375 0.0194092 0.00118828
0 0.595703 0.13208 0.0132813 0.0170898 0.00118828
0 0.991406 0.00958252 0.0171875 0.019165 0.00118351
0 0.376172 0.680176 0.00859375 0.0146484 0.00117874
0 0.45625 0.0856934 0.00546875 0.0251465 0.00117397
0 0.466406 0.0965576 0.0109375 0.0246582 0.0011692
0 0.306641 0.332031 0.0308594 0.0522461 0.00116062
0 0.998828 0.986328 0.00234375 0.0195312 0.00116062
0 0.566406 0.344482 0.0125 0.015625 0.00115585
0 0.874219 0.166382 0.0109375 0.0292969 0.00114727
0 0.438281 0.0274048 0.0507812 0.0548096 0.00114727
0 0.135449 0.0354004 0.0318359 0.0443115 0.00113773
0 0.470313 0.972656 0.015625 0.0253906 0.00112915
0 0.379687 0.0803223 0.025 0.0288086 0.00111198
0 0.346973 0.0181274 0.00996094 0.0140381 0.00110722
0 0.471484 0.31543 0.0710938 0.152344 0.00110722
0 0.352051 0.987305 0.0154297 0.0234375 0.0011034
0 0.516406 0.686523 0.0453125 0.113281 0.00109863
0 0.257031 0.76709 0.0398437 0.115234 0.00109005
0 0.389062 0.929443 0.0265625 0.125488 0.00106907
