0 0.366797 0.0675049 0.0523437 0.043457 0.895508
0 0.628516 0.178833 0.0679687 0.0646973 0.890137
0 0.959375 0.0339966 0.059375 0.0455322 0.88623
0 0.573047 0.177795 0.0453125 0.043335 0.877441
0 0.834375 0.0200806 0.0375 0.0401611 0.804199
0 0.0452637 0.0657959 0.046582 0.0444336 0.788086
0 0.846094 0.305176 0.078125 0.0703125 0.775879
0 0.159961 0.501953 0.0925781 0.103516 0.740234
0 0.885938 0.126953 0.0703125 0.0556641 0.72168
0 0.288867 0.759277 0.0675781 0.0683594 0.662109
0 0.903125 0.310547 0.046875 0.0742188 0.616699
0 0.985937 0.643555 0.028125 0.104492 0.464844
0 0.409375 0.059845 0.0148437 0.027771 0.421631
0 0.212695 0.45752 0.0339844 0.0322266 0.342529
0 0.322949 0.813965 0.0939453 0.125 0.331055
0 0.120312 0.886719 0.065625 0.109375 0.308105
0 0.883594 0.122925 0.053125 0.0461426 0.256104
0 0.210938 0.458984 0.0386719 0.0458984 0.250244
0 0.105371 0.909424 0.107617 0.126465 0.24292
0 0.410156 0.0606689 0.0195312 0.0327148 0.228149
0 0.328809 0.791016 0.0720703 0.15918 0.223389
0 0.344141 0.76416 0.0554687 0.101562 0.196777
0 0.98125 0.637207 0.0375 0.0830078 0.183594
0 0.308789 0.531738 0.0148437 0.0175781 0.182983
0 0.0735596 0.928467 0.0935059 0.102051 0.178345
0 0.573438 0.87207 0.0125 0.0175781 0.172729
0 0.110937 0.89917 0.0808594 0.111816 0.165649
0 0.340527 0.773438 0.0642578 0.141602 0.153564
0 0.332227 0.972656 0.0128906 0.0195312 0.148071
0 0.308398 0.53125 0.0203125 0.0234375 0.142212
0 0.157031 0.499023 0.065625 0.0839844 0.141235
0 0.623047 0.169434 0.0507812 0.0444336 0.117981
0 0.12002 0.886719 0.0529297 0.0830078 0.111267
0 0.984375 0.991211 0.0140625 0.0136719 0.108948
0 0.845312 0.296143 0.053125 0.0507812 0.104492
0 0.0414551 0.915527 0.0231445 0.0419922 0.0939941
0 0.343457 0.760742 0.0482422 0.0742188 0.0910645
0 0.28457 0.749023 0.053125 0.0644531 0.0838623
0 0.726953 0.589844 0.0140625 0.0185547 0.081543
0 0.214648 0.455078 0.0222656 0.0234375 0.0792236
0 0.328906 0.970703 0.0125 0.0195312 0.078064
0 0.577344 0.184448 0.040625 0.0456543 0.0736694
0 0.329102 0.863281 0.00976562 0.0175781 0.0700684
0 0.612109 0.949219 0.009375 0.0117188 0.0687866
0 0.249414 0.690918 0.0121094 0.0214844 0.0680542
0 0.331445 0.972656 0.0203125 0.0273438 0.0678101
0 0.835938 0.0215149 0.046875 0.0430298 0.0648804
0 0.706641 0.821289 0.0109375 0.0166016 0.0614319
0 0.0615234 0.0751953 0.0136719 0.0270996 0.055603
0 0.875781 0.750488 0.0125 0.0195312 0.0549927
0 0.8375 0.30542 0.053125 0.0566406 0.0534058
0 0.110547 0.902344 0.0570313 0.0673828 0.0499573
0 0.0416992 0.914795 0.0330078 0.0473633 0.0474243
0 0.986719 0.989746 0.0171875 0.0205078 0.0472412
0 0.373437 0.941406 0.0117188 0.0136719 0.0456848
0 0.318848 0.820312 0.0662109 0.0761719 0.0445251
0 0.0717529 0.930176 0.054541 0.0673828 0.0441895
0 0.576172 0.172363 0.0375 0.027832 0.0440063
0 0.290234 0.534668 0.0101562 0.0117188 0.0423889
0 0.103223 0.913818 0.0646484 0.074707 0.0419312
0 0.898438 0.313232 0.0390625 0.0532227 0.0401001
0 0.632812 0.186035 0.0445312 0.0463867 0.0380249
0 0.847656 0.312744 0.0453125 0.0541992 0.0380249
0 0.566016 0.178711 0.0414063 0.0537109 0.0377502
0 0.0541016 0.0749817 0.0390625 0.0365601 0.0372009
0 0.311719 0.828125 0.0890625 0.106445 0.036499
0 0.321875 0.791016 0.0664062 0.0878906 0.0363464
0 0.333691 0.776855 0.0599609 0.0849609 0.0351562
0 0.926562 0.364258 0.0078125 0.0131836 0.0350037
0 0.124316 0.773438 0.0144531 0.0136719 0.0346069
0 0.293359 0.765625 0.0476562 0.0576172 0.0346069
0 0.580078 0.186951 0.0257812 0.0372314 0.0342407
0 0.0700195 0.919434 0.0490234 0.0517578 0.0342407
0 0.301367 0.693848 0.0203125 0.0175781 0.0339661
0 0.0473633 0.063446 0.0582031 0.0596313 0.0337219
0 0.0345703 0.629883 0.0134766 0.0166016 0.0321045
0 0.122266 0.873047 0.0435547 0.0527344 0.0314941
0 0.871094 0.755371 0.0140625 0.0205078 0.0313721
0 0.0488525 0.0617981 0.0401855 0.0336304 0.0306702
0 0.158252 0.484863 0.0549805 0.0527344 0.0304413
0 0.112988 0.886719 0.0486328 0.0625 0.0302124
0 0.247852 0.688477 0.0179687 0.0273438 0.0293121
0 0.0658203 0.0782471 0.0103516 0.0170898 0.0290833
0 0.896875 0.125366 0.0640625 0.0629883 0.028656
0 0.6375 0.184937 0.0609375 0.0690918 0.0282135
0 0.202539 0.449219 0.0199219 0.0185547 0.0272675
0 0.377344 0.0632629 0.0320312 0.024353 0.0271759
0 0.142285 0.935547 0.00957031 0.015625 0.0271759
0 0.891406 0.136963 0.0515625 0.0517578 0.0270691
0 0.358594 0.0627441 0.0359375 0.026123 0.0259552
0 0.367578 0.0743408 0.04375 0.0449219 0.0258636
0 0.898438 0.129395 0.04375 0.0480957 0.0258636
0 0.764063 0.717773 0.0109375 0.0175781 0.0258636
0 0.727344 0.510742 0.0125 0.0126953 0.0257568
0 0.85 0.928711 0.0140625 0.015625 0.0255585
0 0.325586 0.614746 0.0109375 0.0136719 0.0253754
0 0.302734 0.769043 0.0699219 0.078125 0.0253754
0 0.571875 0.869141 0.0242187 0.0361328 0.0252686
0 0.129395 0.872559 0.0478516 0.0683594 0.0249939
0 0.276758 0.333984 0.0125 0.0180664 0.0247955
0 0.248047 0.687012 0.0128906 0.0195312 0.0246124
0 0.875781 0.750977 0.0171875 0.0263672 0.0239563
0 0.107422 0.456543 0.00820312 0.0136719 0.0238647
0 0.191406 0.560547 0.00898437 0.0126953 0.0236053
0 0.574609 0.872559 0.0171875 0.0253906 0.0236053
0 0.572656 0.875488 0.0171875 0.0205078 0.0234222
0 0.766406 0.714355 0.009375 0.0185547 0.0232391
0 0.375391 0.0640564 0.0523437 0.0442505 0.0227966
0 0.131348 0.54541 0.0103516 0.0175781 0.0224609
0 0.85625 0.312744 0.03125 0.0473633 0.0223694
0 0.903906 0.298828 0.0546875 0.0683594 0.0222931
0 0.905469 0.294434 0.034375 0.0356445 0.02211
0 0.383203 0.68457 0.0125 0.0136719 0.0215302
0 0.910156 0.306885 0.0328125 0.0576172 0.0210419
0 0.2375 0.990234 0.009375 0.0136719 0.0210419
0 0.0963867 0.90332 0.0525391 0.0458984 0.0209656
0 0.186914 0.637207 0.0140625 0.0195312 0.0208893
0 0.485156 0.925293 0.0117188 0.0146484 0.0207214
0 0.398828 0.812988 0.0140625 0.0185547 0.0206451
0 0.214258 0.964844 0.0105469 0.015625 0.0204926
0 0.728125 0.592773 0.015625 0.0224609 0.0200195
0 0.0372559 0.905762 0.0145508 0.0166016 0.0199432
0 0.304492 0.772461 0.0382813 0.0439453 0.0198669
0 0.707031 0.820312 0.0140625 0.0283203 0.0198669
0 0.329297 0.861328 0.0136719 0.0244141 0.0197906
0 0.558984 0.550781 0.0125 0.0136719 0.0197144
0 0.318164 0.989258 0.0117188 0.0136719 0.0197144
0 0.299023 0.692383 0.0152344 0.015625 0.0195618
0 0.964844 0.0426331 0.040625 0.0421753 0.0191956
0 0.158643 0.51709 0.0538086 0.0712891 0.0190887
0 0.94375 0.611328 0.0234375 0.0195312 0.0189819
0 0.515234 0.967773 0.0117188 0.0117188 0.0189362
0 0.866406 0.289795 0.028125 0.0244141 0.0189056
0 0.172461 0.491333 0.0996094 0.116943 0.0187683
0 0.0811523 0.889648 0.0138672 0.0126953 0.018692
0 0.910156 0.31543 0.040625 0.0756836 0.0186157
0 0.0552734 0.0771484 0.0242187 0.0288086 0.0185852
0 0.32207 0.77832 0.108984 0.109375 0.0184021
0 0.337305 0.760254 0.0402344 0.0390625 0.0182648
0 0.746875 0.629395 0.0109375 0.0136719 0.0179138
0 0.0366211 0.916992 0.0210938 0.0341797 0.0177765
0 0.122852 0.893555 0.0859375 0.132812 0.0177155
0 0.321094 0.830566 0.0523437 0.0576172 0.0171814
0 0.0828125 0.918701 0.0535156 0.0551758 0.0171814
0 0.310742 0.820312 0.0582031 0.0595703 0.0171051
0 0.964844 0.0436401 0.05625 0.0491943 0.0167847
0 0.410156 0.0653076 0.0132813 0.0292969 0.0165253
0 0.151367 0.51709 0.0847656 0.113281 0.0165253
0 0.0916992 0.928223 0.0646484 0.0771484 0.0164032
0 0.17207 0.491211 0.0789063 0.0957031 0.0158386
0 0.863281 0.599609 0.0109375 0.0117188 0.0157776
0 0.864844 0.292725 0.046875 0.0410156 0.0156021
0 0.984375 0.624023 0.028125 0.0458984 0.0154266
0 0.0391602 0.0609131 0.0460938 0.0454102 0.0154266
0 0.501562 0.725586 0.0101562 0.0146484 0.0153046
0 0.776563 0.915527 0.0109375 0.0117188 0.0150757
0 0.840625 0.0279541 0.0265625 0.0335693 0.0150757
0 0.310937 0.532227 0.0183594 0.0292969 0.0148392
0 0.871094 0.756348 0.021875 0.0371094 0.0148392
0 0.894531 0.140259 0.025 0.0383301 0.0147324
0 0.564062 0.853516 0.0117188 0.0214844 0.0145569
0 0.131836 0.543945 0.0144531 0.0253906 0.0143356
0 0.388672 0.0599976 0.0125 0.0142822 0.0142288
0 0.286523 0.480957 0.0117188 0.0146484 0.0141754
0 0.343848 0.749023 0.0357422 0.0322266 0.0141144
0 0.0748047 0.709961 0.0123047 0.0126953 0.0139542
0 0.142578 0.930664 0.00976562 0.0175781 0.0139542
0 0.0928711 0.9375 0.109961 0.125 0.0134811
0 0.841406 0.0300903 0.0171875 0.0266113 0.0131226
0 0.604297 0.916016 0.0164062 0.0263672 0.0131226
0 0.779688 0.967773 0.0140625 0.0136719 0.0131226
0 0.914062 0.252197 0.0078125 0.0107422 0.012825
0 0.320312 0.774414 0.0433594 0.0439453 0.012825
0 0.0433838 0.92041 0.0429199 0.0517578 0.0127258
0 0.376172 0.0758972 0.0359375 0.0374146 0.0122375
0 0.302148 0.694336 0.0257812 0.0273438 0.0122375
0 0.815625 0.800781 0.009375 0.0126953 0.0120544
0 0.94375 0.608398 0.015625 0.0146484 0.0120087
0 0.065625 0.726562 0.0107422 0.0195312 0.0117798
0 0.378516 0.0782471 0.0179687 0.0314941 0.0116882
0 0.22168 0.458496 0.0152344 0.0205078 0.0114212
0 0.399609 0.80957 0.0125 0.0166016 0.0113297
0 0.710547 0.912598 0.0132813 0.015625 0.0113297
0 0.942969 0.609863 0.03125 0.0322266 0.0113297
0 0.986719 0.988281 0.021875 0.0234375 0.0113297
0 0.0444092 0.0746155 0.0373535 0.0455933 0.011116
0 0.286523 0.76709 0.0402344 0.0488281 0.0110321
0 0.27793 0.748047 0.0589844 0.0898438 0.0109863
0 0.574609 0.874023 0.0265625 0.0283203 0.0109482
0 0.899219 0.121826 0.0515625 0.0402832 0.0108185
0 0.334961 0.749512 0.0226563 0.0175781 0.0108185
0 0.0621094 0.919678 0.0828125 0.0688477 0.0106964
0 0.206055 0.468262 0.0542969 0.0615234 0.0106506
0 0.686719 0.0720215 0.0101562 0.0126953 0.0105667
0 0.946094 0.834961 0.0140625 0.0166016 0.0104065
0 0.728125 0.59082 0.0179687 0.0302734 0.0104065
0 0.861719 0.300049 0.065625 0.0600586 0.0103302
0 0.910156 0.253662 0.0109375 0.012207 0.0102463
0 0.310937 0.831055 0.0417969 0.0507812 0.0102463
0 0.641016 0.187927 0.0421875 0.0465088 0.01017
0 0.298047 0.818359 0.0492188 0.0634766 0.0101318
0 0.309766 0.808105 0.0621094 0.0654297 0.0100937
0 0.294531 0.819824 0.0292969 0.0361328 0.0100937
0 0.0657227 0.0777588 0.0164062 0.0234375 0.00997162
0 0.08125 0.94043 0.0472656 0.0507812 0.00985718
0 0.329297 0.861816 0.0234375 0.0283203 0.00985718
0 0.871094 0.774902 0.0125 0.0234375 0.00978088
0 0.226562 0.369629 0.0136719 0.0126953 0.00971222
0 0.198828 0.443359 0.009375 0.0117188 0.00971222
0 0.639063 0.660156 0.0109375 0.0117188 0.00959778
0 0.839844 0.0279541 0.040625 0.0407715 0.00959778
0 0.842188 0.581055 0.01875 0.0146484 0.00955963
0 0.396875 0.816895 0.0132813 0.0234375 0.00955963
0 0.0835937 0.896973 0.0271484 0.0224609 0.00952148
0 0.0719727 0.939453 0.0412109 0.046875 0.00952148
0 0.34375 0.408691 0.0121094 0.0131836 0.00948334
0 0.516797 0.96875 0.0132813 0.015625 0.00948334
0 0.828125 0.0227051 0.028125 0.0367432 0.00941467
0 0.274219 0.333008 0.0140625 0.0170898 0.00941467
0 0.131836 0.544434 0.0238281 0.0283203 0.00898743
0 0.205469 0.46875 0.0257812 0.0390625 0.00891876
0 0.957031 0.973633 0.0140625 0.0234375 0.00891876
0 0.764844 0.717773 0.0125 0.0253906 0.0088501
0 0.967188 0.045166 0.028125 0.0393066 0.00878143
0 0.0376953 0.0585632 0.0335938 0.0247192 0.00871277
0 0.247852 0.6875 0.0210938 0.0390625 0.00871277
0 0.203906 0.453491 0.0347656 0.0334473 0.00854492
0 0.489453 0.682129 0.0125 0.0146484 0.0085144
0 0.633594 0.171509 0.0664062 0.0480957 0.00844574
0 0.143359 0.935547 0.00957031 0.0214844 0.00841522
0 0.380859 0.686035 0.0148437 0.015625 0.00837708
0 0.70625 0.821289 0.0210938 0.03125 0.00831604
0 0.599219 0.916504 0.0140625 0.0195312 0.00828552
0 0.876562 0.129028 0.0390625 0.0461426 0.008255
0 0.376563 0.0766296 0.053125 0.0457153 0.00821686
0 0.883594 0.345947 0.0125 0.0151367 0.00815582
0 0.959375 0.977539 0.0109375 0.0175781 0.00809479
0 0.0600586 0.915527 0.0388672 0.0371094 0.00800323
0 0.835938 0.135376 0.00625 0.0153809 0.00793457
0 0.0333984 0.629883 0.0181641 0.0253906 0.00793457
0 0.311133 0.532715 0.0277344 0.0302734 0.00784302
0 0.0621094 0.92627 0.0441406 0.0537109 0.0078125
0 0.29043 0.535156 0.0191406 0.0244141 0.00775528
0 0.564453 0.180664 0.0351562 0.0410156 0.00757599
0 0.847656 0.926758 0.0140625 0.0175781 0.00757599
0 0.0424805 0.923584 0.0273438 0.0375977 0.00754929
0 0.757031 0.964844 0.0109375 0.0136719 0.00754929
0 0.971094 0.0358887 0.0390625 0.0444336 0.00751877
0 0.605469 0.154907 0.0132813 0.0112305 0.00746155
0 0.9125 0.316406 0.025 0.0463867 0.00746155
0 0.0694336 0.193848 0.0138672 0.0151367 0.00731659
0 0.949219 0.380127 0.0140625 0.0161133 0.00725937
0 0.949219 0.0288086 0.040625 0.0263672 0.00723267
0 0.659375 0.19458 0.009375 0.0258789 0.00712204
0 0.614844 0.165894 0.0421875 0.0471191 0.00709534
0 0.588281 0.183655 0.015625 0.0252686 0.00706482
0 0.322852 0.978516 0.0125 0.0195312 0.00706482
0 0.333594 0.975586 0.0117188 0.0195312 0.00706482
0 0.953125 0.379883 0.01875 0.0205078 0.00701141
0 0.312402 0.788574 0.0986328 0.146484 0.00695801
0 0.225977 0.978516 0.00976562 0.015625 0.0069046
0 0.603516 0.916016 0.025 0.0429688 0.0069046
0 0.188281 0.480469 0.0714844 0.100586 0.0069046
0 0.799219 0.974609 0.0125 0.0136719 0.0068512
0 0.374219 0.943359 0.0148437 0.0214844 0.0068512
0 0.135986 0.869629 0.0561523 0.0996094 0.0068512
0 0.875 0.121948 0.04375 0.0339355 0.00679779
0 0.971875 0.0364685 0.053125 0.0545044 0.00671768
0 0.850781 0.806152 0.0140625 0.0185547 0.00664139
0 0.864062 0.300537 0.0328125 0.0395508 0.00656509
0 0.898438 0.293213 0.021875 0.0273438 0.0064888
0 0.817187 0.580078 0.0078125 0.0107422 0.0064888
0 0.560938 0.851074 0.009375 0.0195312 0.0064621
0 0.125781 0.773438 0.0162109 0.0244141 0.00643921
0 0.408203 0.0518799 0.0132813 0.0164795 0.00638962
0 0.873438 0.773926 0.0109375 0.0185547 0.00638962
0 0.939844 0.263428 0.015625 0.0136719 0.00636292
0 0.883594 0.302734 0.0234375 0.0273438 0.00634003
0 0.649609 0.19043 0.0351562 0.0595703 0.00634003
0 0.140088 0.508789 0.0588867 0.111328 0.00629044
0 0.313867 0.462402 0.0113281 0.0146484 0.00624084
0 0.187695 0.64502 0.0207031 0.0244141 0.00614548
0 0.592578 0.190186 0.0125 0.0170898 0.00605011
0 0.329102 0.970703 0.0226563 0.0351562 0.00598145
0 0.649219 0.189209 0.0515625 0.0717773 0.00595856
0 0.532031 0.963867 0.0109375 0.015625 0.00591278
0 0.106738 0.458008 0.0117188 0.0244141 0.00591278
0 0.176367 0.480957 0.0445312 0.0488281 0.00582123
0 0.655078 0.201904 0.0148437 0.019043 0.00577545
0 0.986719 0.618164 0.0265625 0.0449219 0.00577545
0 0.0646484 0.0775146 0.0273438 0.0275879 0.00577545
0 0.986719 0.986816 0.0265625 0.0263672 0.00577545
0 0.98125 0.088623 0.009375 0.0131836 0.00572968
0 0.882812 0.303955 0.0625 0.0634766 0.00570679
0 0.673047 0.912109 0.0101562 0.0136719 0.00568771
0 0.523047 0.64502 0.0148437 0.015625 0.00564194
0 0.603516 0.921875 0.015625 0.0244141 0.00564194
0 0.510938 0.315186 0.0125 0.0126953 0.00561905
0 0.984375 0.622559 0.03125 0.078125 0.00561905
0 0.839844 0.791992 0.0140625 0.015625 0.00559998
