0 0.0487061 0.223633 0.0740723 0.0576172 0.791992
0 0.782812 0.323242 0.0859375 0.0727539 0.778809
0 0.960156 0.0717468 0.0265625 0.0332642 0.642578
0 0.794531 0.442383 0.0828125 0.0703125 0.583008
0 0.791992 0.434448 0.0972656 0.0969238 0.29834
0 0.796094 0.44519 0.0546875 0.0588379 0.186523
0 0.370313 0.945312 0.0117188 0.015625 0.162964
0 0.217969 0.970703 0.0128906 0.0273438 0.143188
0 0.0451172 0.218018 0.0542969 0.046875 0.1427
0 0.75 0.617188 0.021875 0.0214844 0.139893
0 0.792969 0.417847 0.0875 0.0598145 0.125122
0 0.784375 0.331787 0.0578125 0.0717773 0.112793
0 0.190625 0.974609 0.0238281 0.0234375 0.106689
0 0.216211 0.966797 0.00976562 0.0195312 0.103027
0 0.211719 0.853027 0.0269531 0.0224609 0.0930176
0 0.8 0.412598 0.071875 0.046875 0.0907593
0 0.0125488 0.940186 0.0115234 0.0180664 0.0900879
0 0.805469 0.0472412 0.0140625 0.0157471 0.0783691
0 0.158789 0.574707 0.0105469 0.0126953 0.072876
0 0.00654297 0.283447 0.00869141 0.0151367 0.0723877
0 0.749219 0.618164 0.015625 0.0175781 0.0723877
0 0.00922852 0.942383 0.0114258 0.0175781 0.0703125
0 0.188672 0.974609 0.0339844 0.03125 0.0687866
0 0.208008 0.861328 0.0378906 0.0478516 0.0675659
0 0.20957 0.855957 0.03125 0.0341797 0.0656128
0 0.132422 0.555664 0.00976562 0.0136719 0.0544128
0 0.4 0.648438 0.0140625 0.0195312 0.0520325
0 0.556641 0.939697 0.0101562 0.0131836 0.0490417
0 0.217187 0.969727 0.0171875 0.0332031 0.0476074
0 0.749414 0.615723 0.0277344 0.0263672 0.0455322
0 0.964063 0.0749817 0.03125 0.0394897 0.0441895
0 0.173438 0.865234 0.009375 0.0175781 0.0440063
0 0.207227 0.861816 0.0292969 0.0322266 0.0435181
0 0.432422 0.688477 0.009375 0.0126953 0.0420837
0 0.792969 0.41626 0.0515625 0.0483398 0.0405273
0 0.785156 0.432495 0.0546875 0.0725098 0.0399475
0 0.369922 0.94458 0.0171875 0.0229492 0.0393372
0 0.0583984 0.231445 0.0785156 0.0673828 0.0379028
0 0.774414 0.32373 0.0558594 0.0571289 0.0367737
0 0.180078 0.941406 0.0121094 0.0117188 0.0367737
0 0.805469 0.0477295 0.0171875 0.0211182 0.0328369
0 0.802344 0.412842 0.046875 0.0356445 0.0325928
0 0.953906 0.85498 0.0125 0.0126953 0.0325928
0 0.804688 0.434692 0.0453125 0.0456543 0.0322266
0 0.00957031 0.942383 0.015625 0.0253906 0.03125
0 0.4 0.650879 0.021875 0.0283203 0.0309143
0 0.201172 0.735352 0.0242187 0.0234375 0.029541
0 0.0161133 0.970703 0.0100586 0.015625 0.0289764
0 0.157227 0.577148 0.0109375 0.0166016 0.0283356
0 0.964844 0.0640869 0.0171875 0.0175781 0.0279083
0 0.784375 0.417725 0.0515625 0.0561523 0.0275879
0 0.283203 0.84375 0.0140625 0.0126953 0.0270691
0 0.199414 0.734863 0.0289063 0.0302734 0.0268555
0 0.262891 0.897461 0.009375 0.0117188 0.0247955
0 0.195508 0.738281 0.0222656 0.0205078 0.0246124
0 0.788281 0.330322 0.053125 0.0463867 0.0240479
0 0.460938 0.961914 0.0078125 0.00976562 0.0231476
0 0.28125 0.843262 0.015625 0.0166016 0.0225372
0 0.603125 0.957031 0.0109375 0.0117188 0.0220337
0 0.199609 0.975586 0.0113281 0.0195312 0.0211182
0 0.116504 0.565918 0.015625 0.015625 0.0204163
0 0.241211 0.913574 0.00976562 0.00976562 0.02034
0 0.810938 0.415039 0.0796875 0.0722656 0.0197144
0 0.0546143 0.232422 0.0474121 0.0463867 0.0190582
0 0.797656 0.454224 0.03125 0.0456543 0.0184784
0 0.796875 0.324707 0.06875 0.0893555 0.0182648
0 0.0203125 0.706543 0.0200195 0.0244141 0.0177155
0 0.00681152 0.283936 0.013623 0.0224609 0.0177155
0 0.0463379 0.232422 0.0416992 0.0410156 0.0171814
0 0.809375 0.445801 0.0734375 0.0771484 0.0171051
0 0.0128906 0.941406 0.0172852 0.0234375 0.0162201
0 0.368359 0.593262 0.0234375 0.0166016 0.0161591
0 0.650781 0.912109 0.00859375 0.0146484 0.016098
0 0.129199 0.375732 0.0125 0.0141602 0.0153046
0 0.396875 0.715332 0.0101562 0.0126953 0.0150757
0 0.422266 0.722168 0.0101562 0.0107422 0.0150757
0 0.667969 0.884277 0.0132813 0.0107422 0.014389
0 0.78125 0.342041 0.104687 0.090332 0.0138474
0 0.332031 0.580566 0.0101562 0.0136719 0.0137405
0 0.194141 0.603027 0.00976562 0.0126953 0.0131226
0 0.369531 0.591309 0.0304688 0.0234375 0.0130692
0 0.804688 0.406494 0.0328125 0.0253906 0.012825
0 0.638281 0.77002 0.0117188 0.0136719 0.0125275
0 0.172266 0.865723 0.0171875 0.0273438 0.0125275
0 0.158398 0.574219 0.0160156 0.0224609 0.0124817
0 0.953906 0.533691 0.0140625 0.0136719 0.0123825
0 0.204688 0.732422 0.01875 0.0234375 0.0123367
0 0.348633 0.570801 0.00976562 0.0166016 0.012146
0 0.238477 0.873047 0.0109375 0.0146484 0.012146
0 0.396094 0.655762 0.0195312 0.0185547 0.0113297
0 0.369922 0.59082 0.015625 0.0117188 0.0112457
0 0.779688 0.313232 0.046875 0.0375977 0.0110703
0 0.467578 0.635254 0.0179687 0.0136719 0.0109863
0 0.0391113 0.226074 0.047168 0.0444336 0.0109024
0 0.738672 0.65332 0.0117188 0.0107422 0.0109024
0 0.352637 0.525391 0.0126953 0.00976562 0.0105667
0 0.732031 0.606445 0.0148437 0.00976562 0.0102921
0 0.132617 0.556152 0.0144531 0.0253906 0.00985718
0 0.900781 0.803711 0.009375 0.0107422 0.00981903
0 0.397656 0.655273 0.0242187 0.0292969 0.00971222
0 0.0206055 0.706055 0.0289063 0.0419922 0.00971222
0 0.763477 0.322754 0.0605469 0.0649414 0.00926971
0 0.414844 0.689453 0.0125 0.0136719 0.00901794
0 0.401172 0.649902 0.0289063 0.0341797 0.00888062
0 0.192969 0.97168 0.0164062 0.0175781 0.0088501
0 0.114355 0.995605 0.0115234 0.00878906 0.00871277
0 0.116504 0.565918 0.0246094 0.0273438 0.00867462
0 0.0653076 0.236816 0.0369629 0.0385742 0.00854492
0 0.0858398 0.226807 0.0078125 0.0131836 0.0085144
0 0.367578 0.915527 0.0140625 0.0126953 0.00831604
0 0.66875 0.773438 0.0179687 0.0136719 0.00828552
0 0.959375 0.0679932 0.01875 0.0163574 0.00818634
0 0.953906 0.856934 0.015625 0.015625 0.00806427
0 0.557031 0.94043 0.0140625 0.0214844 0.00803375
0 0.561328 0.446289 0.0117188 0.0107422 0.00787354
0 0.80625 0.453125 0.0328125 0.0351562 0.00763702
0 0.122168 0.785645 0.00957031 0.0146484 0.00763702
0 0.830469 0.413208 0.025 0.048584 0.00760651
0 0.3375 0.958008 0.0152344 0.0175781 0.00751877
0 0.346875 0.568359 0.0140625 0.0136719 0.00748825
0 0.279687 0.84375 0.0265625 0.0244141 0.00743103
0 0.784375 0.345215 0.0359375 0.0522461 0.00712204
0 0.100195 0.976562 0.00976562 0.0117188 0.0068779
0 0.832031 0.4021 0.0203125 0.0214844 0.0068512
0 0.965625 0.0648499 0.0234375 0.0270386 0.0068512
0 0.811719 0.445312 0.046875 0.0458984 0.00682449
0 0.00644531 0.281006 0.00625 0.0180664 0.00674438
0 0.0387207 0.218018 0.0594727 0.0615234 0.00674438
0 0.8125 0.413818 0.0421875 0.0449219 0.00669098
0 0.21582 0.863281 0.0238281 0.0322266 0.00651169
0 0.0132324 0.366943 0.00634766 0.0126953 0.0064888
0 0.15625 0.576172 0.0210938 0.0244141 0.00643921
0 0.982813 0.955078 0.015625 0.0117188 0.00619125
0 0.828125 0.415039 0.040625 0.0673828 0.00616837
0 0.293164 0.565918 0.0125 0.0117188 0.00614548
0 0.430859 0.687988 0.0171875 0.0195312 0.00609589
0 0.764063 0.330811 0.075 0.0771484 0.00609589
0 0.370703 0.702637 0.0109375 0.0146484 0.00602722
0 0.401563 0.656738 0.0195312 0.0292969 0.00582123
0 0.461328 0.960938 0.0132813 0.0117188 0.00572968
0 0.206641 0.880371 0.0523437 0.0888672 0.00561905
0 0.735156 0.65332 0.0101562 0.00976562 0.00559998
0 0.794531 0.406738 0.0328125 0.019043 0.00547028
0 0.762695 0.322754 0.0355469 0.0366211 0.0053215
0 0.129395 0.560547 0.0113281 0.0146484 0.00521851
0 0.685156 0.880859 0.0101562 0.00976562 0.00511932
0 0.797656 0.32373 0.053125 0.0561523 0.00510025
0 0.0164062 0.97168 0.0158203 0.0253906 0.00510025
0 0.516797 0.75 0.0164062 0.015625 0.00508118
0 0.797852 0.328369 0.0964844 0.101074 0.00492477
0 0.153906 0.917969 0.0121094 0.0126953 0.00486755
0 0.964844 0.0637207 0.03125 0.0332031 0.00481033
0 0.0223145 0.700195 0.0129883 0.0175781 0.00475693
0 0.775 0.427002 0.0390625 0.0522461 0.00471878
0 0.636328 0.769531 0.009375 0.00976562 0.00471878
0 0.366406 0.879395 0.0171875 0.0146484 0.00471878
0 0.214258 0.86377 0.0546875 0.0585938 0.0046463
0 0.444141 0.949219 0.0109375 0.00976562 0.00453949
0 0.0111328 0.9375 0.00673828 0.0214844 0.00450516
0 0.567969 0.891602 0.0117188 0.0078125 0.00436401
0 0.152881 0.364014 0.0149414 0.0131836 0.00434875
0 0.814844 0.407959 0.0796875 0.0507812 0.00434875
0 0.235156 0.735352 0.0109375 0.015625 0.00431442
0 0.207031 0.879395 0.0273438 0.0488281 0.00419998
0 0.313672 0.839844 0.0113281 0.0117188 0.00408554
0 0.334375 0.957031 0.015625 0.015625 0.00407028
0 0.409766 0.692871 0.009375 0.0146484 0.00402451
0 0.814844 0.403809 0.0328125 0.0244141 0.00400543
0 0.357031 0.582031 0.0101562 0.0146484 0.00399017
0 0.260938 0.580566 0.00976562 0.0107422 0.0039444
0 0.784375 0.470215 0.00625 0.0175781 0.00391388
0 0.433203 0.949219 0.0117188 0.0117188 0.00385475
0 0.0986328 0.975586 0.00898437 0.00976562 0.00382423
0 0.199414 0.975586 0.025 0.0292969 0.00382423
0 0.0217285 0.725586 0.0425781 0.0810547 0.00379562
0 0.0369141 0.21582 0.0476562 0.0351562 0.00376511
0 0.366797 0.707031 0.0148437 0.0136719 0.00376511
0 0.429688 0.954102 0.0132813 0.0136719 0.00376511
0 0.366016 0.949219 0.0179687 0.015625 0.00372124
0 0.517969 0.748047 0.0132813 0.0117188 0.00370789
0 0.75 0.653809 0.009375 0.0117188 0.00369263
0 0.202539 0.731934 0.0308594 0.0410156 0.00366402
0 0.7625 0.332275 0.034375 0.0415039 0.00365067
0 0.814844 0.43042 0.0375 0.0385742 0.00358009
0 0.842969 0.635742 0.0171875 0.0136719 0.00358009
0 0.786719 0.456055 0.059375 0.0722656 0.00352478
0 0.138965 0.994141 0.0132813 0.00976562 0.00346947
0 0.111133 0.566895 0.0162109 0.015625 0.00345612
0 0.0278809 0.372559 0.015918 0.0126953 0.00342941
0 0.0757812 0.236328 0.0199219 0.0258789 0.00337601
0 0.381641 0.914551 0.015625 0.0166016 0.00337601
0 0.180078 0.940186 0.015625 0.0219727 0.00337601
0 0.744336 0.624512 0.0175781 0.0195312 0.00336266
0 0.231836 0.870605 0.0113281 0.0185547 0.00335121
0 0.258203 0.930664 0.0125 0.00976562 0.00333786
0 0.66875 0.75293 0.0171875 0.0136719 0.00332451
0 0.830469 0.404297 0.040625 0.0410156 0.00331116
0 0.835156 0.400635 0.0140625 0.0195312 0.00329781
0 0.718359 0.422607 0.0179687 0.012207 0.00329781
0 0.243359 0.727539 0.0257812 0.0341797 0.00329781
0 0.169727 0.87793 0.0105469 0.0185547 0.00329781
0 0.0861328 0.632812 0.0109375 0.0166016 0.00327301
0 0.224023 0.909668 0.0109375 0.0136719 0.00325966
0 0.367578 0.94751 0.0179687 0.0249023 0.00324821
0 0.788281 0.458496 0.015625 0.0361328 0.00323486
0 0.017334 0.966797 0.00771484 0.015625 0.00318527
0 0.811719 0.431152 0.0921875 0.102539 0.00316048
0 0.0207031 0.724609 0.0240234 0.0449219 0.00314713
0 0.259961 0.583496 0.0101562 0.0107422 0.00305176
0 0.955469 0.889648 0.0140625 0.0126953 0.00305176
0 0.242773 0.725098 0.0382813 0.0634766 0.00304031
0 0.460156 0.960938 0.0164062 0.0214844 0.00304031
0 0.964844 0.55957 0.0140625 0.0117188 0.00301552
0 0.197656 0.881348 0.0257812 0.0390625 0.00300407
0 0.0211914 0.287354 0.00859375 0.0170898 0.00299263
0 0.835938 0.413818 0.01875 0.0429688 0.00298119
0 0.0119141 0.972656 0.009375 0.015625 0.0029583
0 0.0750977 0.235107 0.0310547 0.034668 0.00293541
0 0.7375 0.608398 0.0132813 0.0107422 0.00288963
0 0.170703 0.860352 0.0105469 0.0166016 0.00288963
0 0.73125 0.609863 0.01875 0.0126953 0.00287819
0 0.396094 0.71582 0.01875 0.0332031 0.00287819
0 0.960938 0.415771 0.0109375 0.0141602 0.00286674
0 0.396094 0.72168 0.0125 0.0146484 0.00286674
0 0.21875 0.908691 0.0171875 0.015625 0.00286674
0 0.161719 0.727051 0.0078125 0.0136719 0.0028553
0 0.160938 0.571289 0.0101562 0.015625 0.00279999
0 0.0169434 0.970703 0.0232422 0.0234375 0.00276756
0 0.83125 0.657715 0.0171875 0.0107422 0.00275803
0 0.190234 0.46875 0.0121094 0.0117188 0.0027256
0 0.763281 0.524902 0.009375 0.0107422 0.00271416
0 0.165234 0.681641 0.01875 0.0263672 0.00271416
0 0.744727 0.62207 0.0324219 0.0380859 0.00270462
0 0.150195 0.363281 0.0109375 0.0117188 0.0026722
0 0.0788086 0.741211 0.00996094 0.0126953 0.00265312
0 0.991406 0.680176 0.009375 0.0117188 0.00263214
0 0.953125 0.855469 0.01875 0.0244141 0.00263214
0 0.770312 0.311523 0.0375 0.0209961 0.00261116
0 0.978906 0.083252 0.0140625 0.0175781 0.00259018
0 0.661719 0.77002 0.0117188 0.0107422 0.00257111
0 0.774219 0.344727 0.025 0.0395508 0.00251198
0 0.465625 0.633301 0.0328125 0.0263672 0.00251198
0 0.261133 0.848633 0.009375 0.0146484 0.0024929
0 0.128906 0.373779 0.0166016 0.0224609 0.00248146
0 0.40625 0.730469 0.0109375 0.0136719 0.00247192
0 0.815625 0.452637 0.01875 0.0341797 0.00246239
0 0.13125 0.705566 0.0169922 0.0107422 0.0024147
0 0.206836 0.847168 0.01875 0.0146484 0.00234985
0 0.133691 0.699707 0.0140625 0.0126953 0.00234222
0 0.332031 0.57959 0.0167969 0.0253906 0.00233269
0 0.0254883 0.70752 0.0198242 0.0292969 0.00232315
0 0.720312 0.119751 0.0125 0.0119629 0.00230598
0 0.775195 0.418701 0.0574219 0.0629883 0.00229645
0 0.16582 0.929199 0.0109375 0.0126953 0.00228691
0 0.794531 0.120728 0.0125 0.0153809 0.00226974
0 0.773438 0.418213 0.040625 0.0366211 0.00225258
0 0.241406 0.73584 0.0238281 0.0263672 0.00225258
0 0.249609 0.724609 0.021875 0.0302734 0.00224304
0 0.0432129 0.706055 0.00957031 0.0146484 0.00221634
0 0.0676758 0.866211 0.00996094 0.0175781 0.00219917
0 0.960156 0.0670471 0.04375 0.0492554 0.00217438
0 0.415625 0.599609 0.0109375 0.0107422 0.00209999
0 0.199023 0.868164 0.0214844 0.0263672 0.00208282
0 0.242578 0.877441 0.00976562 0.0185547 0.00208282
0 0.13125 0.371826 0.0105469 0.0146484 0.0020752
0 0.603125 0.959961 0.0171875 0.0214844 0.00206757
0 0.229492 0.876953 0.00976562 0.0185547 0.0020504
0 0.136035 0.556641 0.0117188 0.015625 0.00203514
0 0.0950195 0.727539 0.0105469 0.0117188 0.00203514
0 0.0749023 0.233887 0.0421875 0.0454102 0.00203514
0 0.800781 0.0521851 0.0125 0.0167236 0.00202751
0 0.267188 0.850586 0.0148437 0.0166016 0.00201988
0 0.0571289 0.862793 0.0144531 0.015625 0.00200272
0 0.198242 0.884277 0.0753906 0.0898438 0.00198746
0 0.0155273 0.935059 0.00771484 0.0166016 0.00197983
0 0.648047 0.912598 0.0101562 0.0117188 0.00194931
0 0.415234 0.69043 0.025 0.0263672 0.00194931
0 0.456641 0.688965 0.0234375 0.0136719 0.00193405
0 0.78125 0.405762 0.028125 0.0170898 0.00191879
0 0.0310059 0.368652 0.00976562 0.0151367 0.00188923
0 0.666797 0.74707 0.015625 0.0107422 0.00188923
0 0.828906 0.424683 0.0234375 0.0471191 0.00188255
0 0.373828 0.700684 0.0109375 0.0126953 0.00186062
0 0.751367 0.623047 0.0128906 0.0224609 0.00185299
0 0.0740234 0.230225 0.0238281 0.0336914 0.00183868
0 0.174609 0.866211 0.0269531 0.0351562 0.00182438
0 0.816406 0.345459 0.0125 0.019043 0.00181007
0 0.747266 0.33374 0.0101562 0.0268555 0.00178909
0 0.369141 0.927979 0.0117188 0.0229492 0.00178242
0 0.559375 0.442993 0.0101562 0.0134277 0.00177479
0 0.953906 0.0734863 0.0140625 0.020752 0.00176811
0 0.180078 0.67627 0.0144531 0.0185547 0.00176811
0 0.147949 0.849609 0.0103516 0.0136719 0.00174141
0 0.212305 0.963867 0.0101562 0.0195312 0.00172043
0 0.218164 0.900879 0.015625 0.0185547 0.0017004
0 0.444141 0.954102 0.0101562 0.00976562 0.0017004
0 0.129102 0.560059 0.0189453 0.0283203 0.0017004
0 0.985156 0.955078 0.0171875 0.015625 0.00168133
0 0.466406 0.63916 0.0234375 0.0195312 0.00166798
0 0.0293945 0.744141 0.024707 0.0361328 0.00166798
