0 0.165674 0.894531 0.0397461 0.0761719 0.689453
0 0.168701 0.953125 0.0446289 0.0839844 0.511719
0 0.554688 0.246582 0.0648438 0.0654297 0.359375
0 0.00712891 0.445312 0.0116211 0.0175781 0.214722
0 0.532812 0.512695 0.028125 0.0253906 0.178345
0 0.532031 0.51416 0.0398437 0.0341797 0.166138
0 0.00908203 0.712402 0.0136719 0.0175781 0.116333
0 0.560938 0.518555 0.0140625 0.0205078 0.0820923
0 0.00625 0.388184 0.00839844 0.0180664 0.0794678
0 0.00751953 0.445435 0.0150391 0.0212402 0.0731812
0 0.538281 0.511719 0.0257812 0.0205078 0.0692749
0 0.0095459 0.712402 0.0190918 0.0244141 0.0690308
0 0.525781 0.675293 0.0164062 0.0253906 0.0598755
0 0.471875 0.247559 0.046875 0.0473633 0.0549927
0 0.478906 0.245361 0.0351562 0.0361328 0.0534058
0 0.548437 0.244873 0.046875 0.0522461 0.0503235
0 0.562891 0.244141 0.0484375 0.0463867 0.0484924
0 0.472266 0.246582 0.0304688 0.0317383 0.0469055
0 0.557031 0.251709 0.0367187 0.0527344 0.0433655
0 0.537891 0.51709 0.0289063 0.0273438 0.0394897
0 0.903906 0.599121 0.0203125 0.0224609 0.0377502
0 0.174609 0.957275 0.0324219 0.0600586 0.0370483
0 0.557813 0.518555 0.0265625 0.0263672 0.0304413
0 0.485547 0.298584 0.0476562 0.0654297 0.0303345
0 0.523047 0.677734 0.015625 0.0224609 0.0301056
0 0.154639 0.386963 0.0168945 0.015625 0.0289764
0 0.992188 0.541016 0.0125 0.015625 0.0284424
0 0.433203 0.24292 0.0171875 0.0273438 0.0280151
0 0.00712891 0.388916 0.0132813 0.019043 0.0279083
0 0.525781 0.675293 0.0226563 0.03125 0.0270691
0 0.00395508 0.292969 0.00722656 0.0224609 0.0268555
0 0.167187 0.873047 0.0273438 0.0322266 0.0268555
0 0.358984 0.227783 0.015625 0.0234375 0.0266571
0 0.614844 0.371094 0.0164062 0.0131836 0.0263519
0 0.00515137 0.298828 0.0103027 0.027832 0.0227203
0 0.569922 0.32373 0.0132813 0.0146484 0.0222931
0 0.173633 0.895996 0.0292969 0.0556641 0.0222931
0 0.00766602 0.388672 0.0126953 0.027832 0.0216217
0 0.938281 0.609863 0.0140625 0.0234375 0.0212097
0 0.491406 0.301758 0.0578125 0.0810547 0.0198669
0 0.0232422 0.346924 0.0134766 0.0332031 0.0197144
0 0.624219 0.257324 0.00859375 0.0234375 0.0196381
0 0.492188 0.303467 0.03125 0.0473633 0.0196381
0 0.481641 0.250977 0.0570313 0.0615234 0.0194244
0 0.473047 0.992188 0.0117188 0.0117188 0.019165
0 0.0226074 0.344727 0.0183594 0.0507812 0.0191193
0 0.484375 0.29126 0.0328125 0.0390625 0.0189056
0 0.897656 0.599121 0.0203125 0.0244141 0.0189056
0 0.168359 0.964111 0.0363281 0.0717773 0.0181274
0 0.902344 0.597656 0.034375 0.0322266 0.0179138
0 0.166064 0.876465 0.0385742 0.0527344 0.0176392
0 0.484766 0.300537 0.0328125 0.0449219 0.0166626
0 0.547656 0.251465 0.08125 0.0917969 0.0158997
0 0.933594 0.610352 0.0203125 0.0205078 0.0154266
0 0.505859 0.318115 0.0234375 0.0288086 0.0146179
0 0.171875 0.887207 0.0394531 0.0771484 0.0144501
0 0.161133 0.949463 0.0257812 0.0424805 0.0143356
0 0.9625 0.224609 0.0140625 0.027832 0.0142288
0 0.0226563 0.34082 0.0263672 0.0712891 0.0137939
0 0.329297 0.219238 0.0109375 0.0117188 0.0137405
0 0.0162598 0.791992 0.0107422 0.0126953 0.0134277
0 0.432422 0.243408 0.0375 0.0449219 0.0133743
0 0.555078 0.513672 0.0148437 0.0185547 0.0130692
0 0.00610352 0.297363 0.012207 0.0380859 0.0127716
0 0.442187 0.251221 0.01875 0.0288086 0.0126266
0 0.358984 0.228516 0.025 0.0390625 0.0126266
0 0.177539 0.934082 0.0210938 0.0341797 0.0123367
0 0.00849609 0.387695 0.0169922 0.0219727 0.011734
0 0.567578 0.327148 0.0257812 0.0195312 0.0111618
0 0.934375 0.609375 0.028125 0.0341797 0.0110321
0 0.523047 0.677246 0.0335938 0.0380859 0.0107346
0 0.443359 0.246826 0.0179687 0.0229492 0.0104065
0 0.481641 0.252686 0.0367187 0.0473633 0.0103302
0 0.529688 0.671875 0.0140625 0.0175781 0.0102463
0 0.566016 0.25293 0.028125 0.0400391 0.00993347
0 0.953125 0.287842 0.015625 0.0136719 0.00963593
0 0.163086 0.958984 0.0324219 0.0449219 0.00963593
0 0.426953 0.159546 0.0164062 0.015625 0.00901794
0 0.933594 0.604492 0.01875 0.0175781 0.00898743
0 0.00800781 0.387207 0.0160156 0.0327148 0.00898743
0 0.515234 0.315674 0.0234375 0.0268555 0.0088501
0 0.441797 0.249512 0.040625 0.0449219 0.0088501
0 0.356543 0.233887 0.0189453 0.0209961 0.00857544
0 0.505078 0.315186 0.0484375 0.0556641 0.00847626
0 0.928125 0.543945 0.015625 0.0136719 0.00837708
0 0.621484 0.257324 0.0164062 0.0224609 0.00809479
0 0.492578 0.256104 0.0296875 0.050293 0.00793457
0 0.904688 0.594238 0.01875 0.0146484 0.00775528
0 0.866406 0.586426 0.0140625 0.0136719 0.00763702
0 0.491016 0.255615 0.0546875 0.0668945 0.00757599
0 0.548437 0.253174 0.0335938 0.0463867 0.00754929
0 0.0298828 0.318848 0.0166992 0.0351562 0.00751877
0 0.957812 0.224121 0.015625 0.03125 0.00746155
0 0.575781 0.321533 0.0125 0.0151367 0.00746155
0 0.00825195 0.715332 0.0165039 0.0185547 0.00746155
0 0.555859 0.681152 0.0148437 0.0126953 0.00740433
0 0.318359 0.247803 0.0109375 0.0141602 0.00701141
0 0.361328 0.225342 0.0179687 0.0283203 0.0068512
0 0.202344 0.991211 0.0144531 0.015625 0.00677109
0 0.00795898 0.297119 0.015918 0.0419922 0.00674438
0 0.169141 0.966797 0.03125 0.0488281 0.00671768
0 0.539062 0.32959 0.0109375 0.0185547 0.00653839
0 0.585156 0.241943 0.009375 0.0175781 0.00643921
0 0.555078 0.234863 0.034375 0.0273438 0.00641251
0 0.608203 0.369141 0.0164062 0.0117188 0.00638962
0 0.473828 0.992188 0.015625 0.0136719 0.00624084
0 0.433203 0.250244 0.021875 0.0292969 0.00614548
0 0.318555 0.250977 0.0132813 0.0151367 0.00609589
0 0.578906 0.243652 0.0226563 0.0288086 0.00598145
0 0.421484 0.158569 0.0132813 0.0151367 0.005867
0 0.629297 0.265625 0.0125 0.0234375 0.00577545
0 0.16001 0.905762 0.0342773 0.0488281 0.00572968
0 0.523047 0.510254 0.021875 0.0185547 0.00568771
0 0.792969 0.986328 0.0125 0.0117188 0.00551224
0 0.0261719 0.335938 0.0174805 0.0410156 0.00526047
0 0.154687 0.173584 0.0203125 0.0202637 0.00518036
0 0.522656 0.515625 0.04375 0.0361328 0.00518036
0 0.363672 0.216064 0.0132813 0.0126953 0.0050621
0 0.491016 0.292236 0.0289063 0.0410156 0.0050621
0 0.578906 0.329346 0.0171875 0.0166016 0.0050621
0 0.178125 0.9375 0.0300781 0.0800781 0.00492477
0 0.213867 0.887207 0.0136719 0.0117188 0.00479126
0 0.0285156 0.303711 0.0199219 0.0395508 0.00475693
0 0.614453 0.373047 0.0210938 0.0161133 0.00475693
0 0.580469 0.253418 0.0125 0.0229492 0.00473785
0 0.522266 0.517578 0.0265625 0.0253906 0.00473785
0 0.152344 0.384277 0.0257812 0.0185547 0.00468063
0 0.462109 0.254883 0.015625 0.0317383 0.00466537
0 0.359375 0.218994 0.015625 0.0136719 0.0046463
0 0.169727 0.931396 0.0621094 0.123535 0.0046463
0 0.963281 0.226562 0.021875 0.0415039 0.00460815
0 0.832812 0.313721 0.0203125 0.0161133 0.00453949
0 0.495703 0.315918 0.0265625 0.0395508 0.00450516
0 0.575391 0.666016 0.0125 0.0136719 0.00439835
0 0.999219 0.0405884 0.0015625 0.0811768 0.00436401
0 0.35625 0.23291 0.0257812 0.0351562 0.00432968
0 0.607813 0.276123 0.0203125 0.0327148 0.00426483
0 0.16167 0.873047 0.0254883 0.0224609 0.00424957
0 0.138086 0.92627 0.00585938 0.015625 0.0042305
0 0.938281 0.97168 0.0109375 0.00976562 0.00416565
0 0.516016 0.316406 0.0570313 0.0561523 0.0041008
0 0.989844 0.830566 0.0109375 0.015625 0.00405502
0 0.991016 0.541992 0.0179687 0.0292969 0.00388527
0 0.419141 0.157104 0.015625 0.0107422 0.00383949
0 0.0219238 0.30127 0.0231445 0.0385742 0.00382423
0 0.670703 0.197327 0.0976562 0.0765381 0.00382423
0 0.409766 0.242676 0.0164062 0.0283203 0.00370789
0 0.0268555 0.335449 0.0257812 0.0673828 0.00367928
0 0.5375 0.243896 0.0671875 0.0605469 0.00365067
0 0.619531 0.259033 0.03125 0.0424805 0.00365067
0 0.0305176 0.320557 0.0274414 0.0654297 0.00353813
0 0.375 0.895996 0.0117188 0.0107422 0.00349617
0 0.916406 0.599121 0.025 0.0224609 0.00342941
0 0.958594 0.224365 0.0296875 0.0556641 0.00335121
0 0.894531 0.591309 0.015625 0.0136719 0.00332451
0 0.569141 0.323242 0.03125 0.0258789 0.00328636
0 0.536719 0.240967 0.0328125 0.0361328 0.00327301
0 0.652734 0.27002 0.0179687 0.0161133 0.00319672
0 0.473047 0.990234 0.01875 0.0195312 0.00319672
0 0.433984 0.249023 0.0460938 0.0493164 0.00317192
0 0.194922 0.240723 0.0132813 0.0249023 0.00314713
0 0.459766 0.245605 0.0265625 0.0263672 0.00312424
0 0.171289 0.931152 0.0382813 0.0712891 0.00307465
0 0.73125 0.179688 0.0148437 0.0136719 0.00305176
0 0.529297 0.304443 0.0273438 0.0385742 0.00305176
0 0.178906 0.936768 0.0433594 0.0893555 0.00304031
0 0.529688 0.333496 0.0179687 0.0214844 0.00302696
0 0.428906 0.157837 0.0171875 0.0117188 0.00300407
0 0.0223389 0.302002 0.0446777 0.065918 0.00296974
0 0.669531 0.196533 0.034375 0.0410156 0.00291252
0 0.932813 0.604492 0.0390625 0.0400391 0.00286674
0 0.153955 0.172485 0.0295898 0.0273438 0.00283432
0 0.783594 0.210693 0.021875 0.0200195 0.00282288
0 0.919531 0.546875 0.0140625 0.0117188 0.00282288
0 0.647266 0.269287 0.0132813 0.0151367 0.00281143
0 0.407031 0.62207 0.0148437 0.0146484 0.00277901
0 0.460156 0.254639 0.0625 0.0668945 0.00273705
0 0.147412 0.384521 0.0165039 0.0117188 0.00268364
0 0.493359 0.273682 0.025 0.0454102 0.00264168
0 0.607031 0.276367 0.0398437 0.0625 0.00263214
0 0.563672 0.234375 0.0289063 0.0195312 0.00257111
0 0.00986328 0.707031 0.0136719 0.0224609 0.00257111
0 0.939062 0.606934 0.0203125 0.03125 0.00257111
0 0.605469 0.284668 0.0195312 0.0224609 0.00255013
0 0.81875 0.212158 0.0359375 0.0307617 0.00254059
0 0.529688 0.30542 0.0414063 0.0732422 0.00251198
0 0.625391 0.261475 0.015625 0.0327148 0.00250244
0 0.79375 0.211182 0.0265625 0.0239258 0.0024929
0 0.617578 0.272949 0.015625 0.0249023 0.0024929
0 0.196484 0.990234 0.015625 0.0175781 0.0024929
0 0.215625 0.88916 0.01875 0.0166016 0.00248146
0 0.429688 0.234863 0.015625 0.0166016 0.00247192
0 0.00754395 0.441895 0.0150879 0.0341797 0.00244331
0 0.0704102 0.332275 0.0123047 0.0200195 0.00243378
0 0.523047 0.512207 0.0617188 0.0390625 0.00242424
0 0.075293 0.330811 0.0152344 0.0234375 0.0024147
0 0.575781 0.245117 0.0382813 0.0390625 0.0024147
0 0.0134277 0.709961 0.0268555 0.03125 0.0024147
0 0.992969 0.547363 0.0125 0.0195312 0.00239754
0 0.644922 0.19635 0.0273438 0.0350342 0.00237846
0 0.00849609 0.44873 0.0169922 0.0283203 0.00237846
0 0.614062 0.369873 0.0289063 0.015625 0.00237846
0 0.535937 0.255127 0.0273438 0.0410156 0.00236893
0 0.18418 0.360107 0.0242187 0.0166016 0.00235939
0 0.00712891 0.449707 0.0142578 0.0195312 0.00235939
0 0.554297 0.515625 0.0367187 0.0371094 0.00234222
0 0.921875 0.544922 0.0171875 0.0166016 0.00233269
0 1 0.0388794 0 0.0484619 0.00232315
0 0.0180664 0.979492 0.0146484 0.00976562 0.00229645
0 0.530078 0.303467 0.0554687 0.0849609 0.00226974
0 0.669531 0.210693 0.021875 0.0253906 0.00226021
0 0.964063 0.54834 0.0234375 0.0214844 0.00224304
0 0.817187 0.212402 0.0578125 0.0415039 0.00223351
0 0.155859 0.169678 0.0210938 0.0253906 0.00219917
0 0.504297 0.303223 0.0234375 0.034668 0.00219154
0 0.328516 0.219482 0.01875 0.0224609 0.00218201
0 0.578516 0.252686 0.0273438 0.0419922 0.00218201
0 0.484766 0.276611 0.025 0.0424805 0.00217438
0 0.356641 0.403564 0.0171875 0.0170898 0.00216484
0 0.642969 0.183533 0.0164062 0.0137939 0.00215721
0 0.41875 0.243652 0.0195312 0.0288086 0.00214958
0 0.493359 0.276123 0.0460938 0.0922852 0.00214958
0 0.955469 0.253662 0.0109375 0.015625 0.00214005
0 0.644922 0.197266 0.05625 0.0551758 0.00209999
0 0.459375 0.27002 0.00859375 0.0224609 0.00199509
0 0.576172 0.673828 0.0164062 0.0234375 0.00199509
0 0.64375 0.208008 0.0210938 0.0258789 0.00198746
0 0.195898 0.229248 0.0117188 0.0170898 0.00198746
0 0.939062 0.605469 0.0328125 0.0351562 0.00197983
0 0.0301758 0.318848 0.0359375 0.0776367 0.0019722
0 0.494141 0.36499 0.0171875 0.0170898 0.00196457
0 0.4875 0.245361 0.0296875 0.0317383 0.00195694
0 0.967188 0.543945 0.01875 0.0214844 0.00195694
0 0.408984 0.241943 0.0289063 0.0551758 0.00194931
0 0.35625 0.13269 0.0179687 0.0246582 0.00194168
0 0.0328613 0.70752 0.0166016 0.0146484 0.00194168
0 0.794336 0.303955 0.0941406 0.0742188 0.00194168
0 0.192578 0.363281 0.0335938 0.0234375 0.00192642
0 0.79375 0.305908 0.0328125 0.0302734 0.00191879
0 0.179102 0.969727 0.0160156 0.0292969 0.00191879
0 0.458984 0.283691 0.0078125 0.0146484 0.00189686
0 0.519922 0.307129 0.0257812 0.0307617 0.00186729
0 0.579297 0.713867 0.0109375 0.0146484 0.00186729
0 0.0270996 0.334717 0.0348633 0.0830078 0.00185299
0 0.192773 0.359375 0.025 0.0151367 0.00183868
0 0.990625 0.572754 0.009375 0.0136719 0.00183868
0 0.426562 0.160645 0.0289063 0.0253906 0.00183868
0 0.0638672 0.305664 0.00917969 0.019043 0.00182438
0 0.557422 0.69043 0.0203125 0.0253906 0.00179577
0 0.567969 0.678223 0.0210938 0.0234375 0.00176811
0 0.13457 0.924805 0.00976562 0.0117188 0.00176811
0 0.542578 0.233887 0.03125 0.0209961 0.00176144
0 0.607031 0.259277 0.0171875 0.0224609 0.00176144
0 0.176172 0.967773 0.0367187 0.0625 0.00174141
0 0.627734 0.265381 0.0242187 0.0390625 0.0017271
0 0.852344 0.628418 0.0203125 0.0185547 0.0017004
0 0.529297 0.672852 0.0210938 0.0351562 0.0017004
0 0.017334 0.79541 0.0198242 0.015625 0.00168705
0 0.828906 0.21167 0.0375 0.0327148 0.0016613
0 0.0267578 0.976562 0.0130859 0.00976562 0.0016613
0 0.402734 0.624023 0.0171875 0.015625 0.00162888
0 0.0217285 0.358643 0.00908203 0.0170898 0.00162315
0 0.565234 0.514648 0.0125 0.0205078 0.00162315
0 0.419141 0.160767 0.028125 0.0251465 0.00162315
0 0.657812 0.19696 0.0328125 0.0372314 0.00161076
0 1 0.0253296 0 0.0454102 0.00160408
0 0.614844 0.372559 0.0335938 0.0185547 0.00159168
0 0.029541 0.302979 0.0420898 0.0771484 0.00158501
0 0.540234 0.286377 0.0164062 0.0161133 0.00156689
0 0.79375 0.303955 0.06875 0.0654297 0.00156116
0 0.503516 0.254883 0.0195312 0.0288086 0.00154877
0 0.994922 0.0357056 0.0101562 0.0714111 0.00152493
0 0.441797 0.976562 0.0148437 0.0136719 0.0015192
0 0.607422 0.368408 0.0398437 0.0200195 0.0015192
0 0.503125 0.291016 0.0171875 0.0214844 0.00151253
0 0.916406 0.601074 0.0578125 0.0439453 0.00151253
0 0.499609 0.364746 0.0179687 0.0161133 0.00150108
0 0.49375 0.662109 0.0179687 0.0195312 0.00149536
0 0.562891 0.236572 0.0648438 0.0649414 0.00148964
0 0.90625 0.594238 0.0515625 0.0322266 0.00148964
0 0.00629883 0.447388 0.0125977 0.0222168 0.0014782
0 0.408594 0.230957 0.015625 0.0205078 0.00146675
0 0.613281 0.37207 0.0265625 0.0253906 0.00145531
0 0.927344 0.546875 0.0171875 0.0166016 0.00143242
0 0.140918 0.962891 0.00488281 0.015625 0.00143242
0 0.530859 0.318359 0.021875 0.0322266 0.00142097
0 0.521875 0.671387 0.0164062 0.0175781 0.00142097
0 0.860156 0.585938 0.0140625 0.0136719 0.00141621
0 0.473828 0.301025 0.01875 0.0307617 0.00141048
0 0.827344 0.212891 0.065625 0.0463867 0.00138283
0 0.577344 0.328125 0.0289063 0.0258789 0.00136662
0 0.717188 0.130371 0.0195312 0.0256348 0.00136185
0 0.834375 0.312256 0.0296875 0.0273438 0.00136185
0 0.417188 0.243896 0.046875 0.0605469 0.00135612
0 0.483984 0.274414 0.0757812 0.107422 0.00134563
0 0.568359 0.266113 0.0148437 0.0205078 0.00134087
0 0.120215 0.993164 0.0107422 0.0117188 0.00134087
0 0.0174316 0.793457 0.0185547 0.0263672 0.00134087
0 0.807031 0.211182 0.0328125 0.0268555 0.00133514
0 0.95625 0.21582 0.025 0.0361328 0.00133038
