0 0.290625 0.197266 0.0199219 0.019043 0.737793
0 0.317773 0.180603 0.0246094 0.0211182 0.70166
0 0.262891 0.20166 0.0265625 0.0253906 0.661133
0 0.23457 0.221436 0.0210938 0.0214844 0.65332
0 0.196094 0.176941 0.01875 0.0220947 0.648926
0 0.448438 0.266602 0.0375 0.0239258 0.565918
0 0.7125 0.161865 0.0210938 0.0175781 0.547852
0 0.8125 0.217773 0.025 0.0209961 0.53418
0 0.336133 0.201416 0.0199219 0.0175781 0.463867
0 0.509766 0.990723 0.0117188 0.0185547 0.462891
0 0.162305 0.893799 0.121484 0.0932617 0.443604
0 0.258008 0.158936 0.0101562 0.015625 0.44165
0 0.520312 0.222656 0.0203125 0.0146484 0.435791
0 0.714063 0.259521 0.0132813 0.0224609 0.433105
0 0.686328 0.241455 0.0117188 0.0175781 0.399902
0 0.642578 0.277588 0.0359375 0.0209961 0.388672
0 0.333594 0.201416 0.0269531 0.0229492 0.386719
0 0.655078 0.161499 0.01875 0.0229492 0.228882
0 0.538672 0.946533 0.0234375 0.0854492 0.223389
0 0.507812 0.989258 0.0171875 0.0214844 0.191284
0 0.313672 0.181213 0.0320312 0.0272217 0.15979
0 0.372266 0.234619 0.0101562 0.0136719 0.156128
0 0.712891 0.259033 0.0203125 0.0253906 0.156128
0 0.560938 0.981445 0.0132813 0.0195312 0.151489
0 0.451562 0.267578 0.028125 0.0185547 0.149536
0 0.699219 0.137207 0.00859375 0.012207 0.143677
0 0.841406 0.131348 0.0140625 0.0129395 0.141724
0 0.733984 0.022522 0.01875 0.0144043 0.137573
0 0.321289 0.181885 0.0195312 0.0268555 0.134277
0 0.654297 0.160034 0.0265625 0.0302734 0.126831
0 0.234766 0.220703 0.0265625 0.027832 0.125977
0 0.258398 0.15918 0.0144531 0.0195312 0.113953
0 0.320898 0.183594 0.0320312 0.0283203 0.113953
0 0.473047 0.931396 0.0375 0.137207 0.100525
0 0.686719 0.24292 0.01875 0.0219727 0.0950317
0 0.539453 0.934326 0.0195312 0.0493164 0.0812378
0 0.593359 0.982422 0.015625 0.0175781 0.0806274
0 0.0295898 0.660156 0.0181641 0.0107422 0.0783691
0 0.179688 0.900391 0.0652344 0.0712891 0.0753174
0 0.235938 0.218506 0.0152344 0.015625 0.0734253
0 0.18457 0.895996 0.109375 0.108398 0.0731812
0 0.6125 0.957031 0.0179687 0.0195312 0.072876
0 0.537891 0.95166 0.0296875 0.0966797 0.0703125
0 0.636719 0.278076 0.025 0.019043 0.0663452
0 0.15 0.890625 0.0960938 0.0732422 0.0646362
0 0.559375 0.982422 0.0195312 0.0195312 0.0637207
0 0.769531 0.0240479 0.0171875 0.0126953 0.0618896
0 0.475391 0.942627 0.0273438 0.108887 0.0616455
0 0.639453 0.278076 0.0695312 0.101562 0.0587769
0 0.738281 0.022583 0.021875 0.0146484 0.0577087
0 0.733984 0.022583 0.0289063 0.019165 0.0539856
0 0.560547 0.982422 0.0242187 0.0253906 0.053009
0 0.259766 0.160156 0.0128906 0.0134277 0.0516663
0 0.371875 0.234619 0.0148437 0.0200195 0.049408
0 0.0990234 0.290039 0.00664063 0.0136719 0.0484924
0 0.521094 0.222656 0.0226563 0.0258789 0.0481262
0 0.690625 0.141968 0.00625 0.0109863 0.0456848
0 0.214648 0.543457 0.009375 0.0185547 0.0441895
0 0.65625 0.155518 0.01875 0.0327148 0.0413208
0 0.162891 0.980469 0.00976562 0.03125 0.0413208
0 0.721094 0.145142 0.0125 0.0146484 0.0406799
0 0.182227 0.949219 0.0160156 0.0117188 0.0397949
0 0.509766 0.987305 0.0140625 0.0253906 0.0396423
0 0.728516 0.451172 0.0148437 0.0136719 0.0393372
0 0.725 0.138794 0.015625 0.0126953 0.0391846
0 0.158789 0.897461 0.0664062 0.0722656 0.0379028
0 0.532031 0.981934 0.021875 0.0361328 0.0360718
0 0.186523 0.949219 0.0140625 0.00976562 0.0350037
0 0.36875 0.0519409 0.0148437 0.0119629 0.033844
0 0.650781 0.161133 0.0210938 0.0192871 0.0327148
0 0.392578 0.794434 0.0125 0.0195312 0.0327148
0 0.593359 0.983398 0.021875 0.0195312 0.0327148
0 0.532812 0.985352 0.0164062 0.0273438 0.0323486
0 0.939062 0.0135498 0.0109375 0.0130615 0.0322266
0 0.317773 0.184814 0.0308594 0.0195312 0.0321045
0 0.710938 0.260986 0.0328125 0.0981445 0.0311432
0 0.389453 0.79834 0.0171875 0.0253906 0.0309143
0 0.859375 0.128662 0.0125 0.0109863 0.0304413
0 0.6125 0.957031 0.0234375 0.0253906 0.0302124
0 0.318164 0.17804 0.0300781 0.0281982 0.0301056
0 0.533203 0.976562 0.0265625 0.046875 0.0298767
0 0.610937 0.958984 0.0132813 0.015625 0.0292053
0 0.0336426 0.107788 0.0136719 0.0163574 0.028656
0 0.533203 0.968506 0.0234375 0.0629883 0.0276947
0 0.0320312 0.113281 0.0168945 0.0256348 0.0267639
0 0.302148 0.838867 0.0125 0.0136719 0.0267639
0 0.908594 0.835938 0.015625 0.0146484 0.0254669
0 0.521094 0.22168 0.03125 0.03125 0.0250854
0 0.469531 0.916504 0.0375 0.100586 0.024231
0 0.167529 0.88916 0.0676758 0.0712891 0.0238647
0 0.65625 0.154785 0.025 0.0510254 0.0232391
0 0.140674 0.89502 0.0616211 0.0771484 0.0231476
0 0.728906 0.138916 0.0148437 0.0175781 0.0227203
0 0.725391 0.138062 0.0242187 0.0214844 0.0225372
0 0.927344 0.0390625 0.0109375 0.0111084 0.02211
0 0.840625 0.131104 0.021875 0.0197754 0.0215302
0 0.934375 0.800781 0.0140625 0.0107422 0.0205688
0 0.029834 0.661133 0.0237305 0.0185547 0.0198669
0 0.00219727 0.148315 0.00439453 0.0249023 0.0196381
0 0.164844 0.986328 0.0125 0.0234375 0.0195618
0 0.196289 0.181763 0.0242187 0.026123 0.0189056
0 0.472266 0.932617 0.05625 0.101562 0.0188293
0 0.766406 0.131958 0.0109375 0.0163574 0.0182953
0 0.701172 0.143921 0.00859375 0.0151367 0.0178528
0 0.213477 0.545898 0.0109375 0.0166016 0.0177155
0 0.1 0.808105 0.0130859 0.0126953 0.0177155
0 0.00517578 0.0748291 0.00917969 0.0183105 0.0164032
0 0.723437 0.0216675 0.0148437 0.0136719 0.0162201
0 0.0716797 0.214111 0.0152344 0.0117188 0.0162201
0 0.0894531 0.695801 0.0140625 0.0175781 0.0161591
0 0.719922 0.144775 0.0242187 0.0290527 0.0158997
0 0.752344 0.0230103 0.0203125 0.012207 0.0156708
0 0.0763672 0.211914 0.0185547 0.0117188 0.0155411
0 0.767969 0.0234375 0.0234375 0.0184326 0.0155411
0 0.0249512 0.659668 0.0148437 0.0126953 0.0154266
0 0.580859 0.417969 0.0125 0.0131836 0.0153046
0 0.317187 0.17749 0.0414063 0.0380859 0.0151901
0 0.789844 0.668945 0.0140625 0.0136719 0.0150757
0 0.191211 0.178406 0.0222656 0.0274658 0.0147858
0 0.507812 0.991211 0.0132813 0.0175781 0.0147858
0 0.510156 0.986816 0.0234375 0.0263672 0.0146713
0 0.423438 0.652832 0.009375 0.0117188 0.0142822
0 0.738672 0.0224609 0.0351562 0.0230713 0.0141754
0 0.05 0.676758 0.00976562 0.0117188 0.0141144
0 0.785937 0.0804443 0.0078125 0.0119629 0.0137405
0 0.384375 0.803711 0.0132813 0.0185547 0.0136871
0 0.648438 0.278076 0.0367187 0.0322266 0.0136337
0 0.00559082 0.120605 0.0111816 0.0280762 0.013588
0 0.467969 0.916504 0.0351562 0.0615234 0.0135345
0 0.0314453 0.114136 0.0318359 0.0383301 0.0133743
0 0.535547 0.961914 0.034375 0.0742188 0.0133286
0 0.282813 0.20459 0.0109375 0.019043 0.0131226
0 0.271484 0.737305 0.0105469 0.0166016 0.0130234
0 0.0751953 0.551758 0.0101562 0.0224609 0.0126266
0 0.301758 0.780273 0.00742187 0.015625 0.0126266
0 0.237305 0.217285 0.0242187 0.0244141 0.0124283
0 0.700781 0.137451 0.0125 0.0212402 0.0123825
0 0.182031 0.949219 0.0238281 0.0214844 0.0123825
0 0.436719 0.263184 0.0101562 0.0112305 0.0122375
0 0.439063 0.265625 0.0210938 0.0209961 0.012146
0 0.537891 0.946533 0.0234375 0.0541992 0.0120544
0 0.0970703 0.289062 0.00976562 0.0170898 0.0119171
0 0.505469 0.883301 0.0195312 0.015625 0.0118713
0 0.658203 0.162109 0.0140625 0.0214844 0.0117798
0 0.108203 0.839355 0.0109375 0.0136719 0.011734
0 0.539844 0.921387 0.0125 0.0175781 0.0116882
0 0.164062 0.97998 0.0179687 0.0400391 0.0116882
0 0.749219 0.991211 0.0109375 0.0136719 0.0115051
0 0.727344 0.454102 0.0171875 0.0146484 0.0113297
0 0.788281 0.130493 0.0109375 0.0192871 0.0111618
0 0.799219 0.470703 0.0171875 0.015625 0.0110321
0 0.506641 0.993652 0.0148437 0.0126953 0.0109863
0 0.270898 0.400879 0.00546875 0.0141602 0.0108566
0 0.0179687 0.120117 0.0211914 0.0251465 0.0108185
0 0.716016 0.706543 0.0101562 0.0107422 0.0107803
0 0.186328 0.888672 0.0585938 0.0703125 0.0107346
0 0.695312 0.0502319 0.0109375 0.0174561 0.0105667
0 0.460938 0.914551 0.0101562 0.0283203 0.0102463
0 0.863281 0.128052 0.0140625 0.0129395 0.01017
0 0.182031 0.947266 0.0316406 0.0214844 0.0100555
0 0.536719 0.98584 0.0109375 0.0283203 0.0100098
0 0.308398 0.190918 0.0078125 0.0185547 0.00963593
0 0.729688 0.450684 0.01875 0.0253906 0.00955963
0 0.591406 0.981445 0.0273438 0.0253906 0.00955963
0 0.475 0.916992 0.0359375 0.0742188 0.00952148
0 0.0985352 0.291992 0.0121094 0.0229492 0.00919342
0 0.785156 0.130371 0.009375 0.0178223 0.00905609
0 0.121387 0.595215 0.00703125 0.0166016 0.00898743
0 0.298047 0.84082 0.0109375 0.015625 0.00881195
0 0.390234 0.797363 0.0242187 0.0351562 0.00871277
0 0.636719 0.280029 0.0695312 0.0600586 0.00867462
0 0.472656 0.956787 0.0390625 0.0629883 0.0085144
0 0.165625 0.983887 0.0136719 0.0322266 0.00831604
0 0.521094 0.945312 0.0101562 0.0175781 0.00818634
0 0.260547 0.161133 0.0164062 0.0224609 0.00815582
0 0.721875 0.141235 0.0125 0.0129395 0.00812531
0 0.990625 0.020874 0.0125 0.0126953 0.0078125
0 0.496875 0.316162 0.0117188 0.0112305 0.0078125
0 0.116504 0.539062 0.0164062 0.0332031 0.00769424
0 0.0554932 0.25708 0.0151855 0.0322266 0.00766754
0 0.0785156 0.895996 0.0199219 0.0224609 0.00757599
0 0.216016 0.544434 0.0125 0.0283203 0.00757599
0 0.708594 0.262695 0.0679687 0.0708008 0.00751877
0 0.538281 0.974609 0.0195312 0.0507812 0.00746155
0 0.509375 0.959961 0.0132813 0.0253906 0.00740433
0 0.0708008 0.302734 0.0111328 0.0175781 0.00728989
0 0.00822754 0.120972 0.0164551 0.0456543 0.00723267
0 0.392578 0.0529785 0.0210938 0.012207 0.00720596
0 0.256445 0.627441 0.0230469 0.0234375 0.00712204
0 0.907812 0.835938 0.0265625 0.0234375 0.00709534
0 0.0671875 0.55127 0.0125 0.0224609 0.00701141
0 0.583203 0.0216675 0.0109375 0.0119629 0.0069046
0 0.639063 0.280273 0.0429688 0.03125 0.0069046
0 0.0201172 0.122437 0.0402344 0.0495605 0.0068512
0 0.475781 0.955322 0.0273438 0.0522461 0.00682449
0 0.179102 0.878418 0.105859 0.0644531 0.00674438
0 0.407031 0.644043 0.0210938 0.0185547 0.00669098
0 0.158984 0.906738 0.0515625 0.0546875 0.00666809
0 0.691406 0.14209 0.0148437 0.0239258 0.0064888
0 0.00566406 0.081665 0.0110352 0.0219727 0.00643921
0 0.9375 0.800293 0.01875 0.0107422 0.00636292
0 0.477344 0.918457 0.0398437 0.110352 0.00636292
0 0.213672 0.54541 0.0125 0.0244141 0.006073
0 0.803906 0.472656 0.021875 0.0205078 0.00605011
0 0.00639648 0.132812 0.0100586 0.0380859 0.00600433
0 0.729688 0.450073 0.0273438 0.0314941 0.00600433
0 0.0255371 0.662598 0.0203125 0.0205078 0.00591278
0 0.910937 0.833496 0.021875 0.0166016 0.00582123
0 0.475391 0.900879 0.015625 0.0224609 0.00582123
0 0.723828 0.0235596 0.0226563 0.020874 0.00577545
0 0.181055 0.952148 0.0347656 0.0292969 0.00577545
0 0.294336 0.192627 0.0160156 0.0166016 0.00572968
0 0.0333984 0.108154 0.0243164 0.0258789 0.00572968
0 0.0992187 0.538574 0.0142578 0.0273438 0.00568771
0 0.181055 0.906738 0.0558594 0.0449219 0.00568771
0 0.226953 0.220459 0.0125 0.019043 0.00564194
0 0.180469 0.952148 0.0234375 0.015625 0.00564194
0 0.597656 0.985352 0.0140625 0.0136719 0.00564194
0 0.753906 0.129272 0.0125 0.0214844 0.00559998
0 0.274609 0.377686 0.0101562 0.0263672 0.0055542
0 0.274609 0.370605 0.0078125 0.0253906 0.00551224
0 0.368359 0.0514526 0.0265625 0.0133057 0.00551224
0 0.858594 0.128784 0.0234375 0.0205078 0.00548935
0 0.0978516 0.297363 0.00761719 0.015625 0.00544739
0 0.384766 0.803223 0.021875 0.0361328 0.00544739
0 0.00300293 0.104004 0.00600586 0.0200195 0.00542831
0 0.0666016 0.293701 0.00859375 0.0141602 0.00542831
0 0.408203 0.640625 0.0164062 0.0136719 0.00542831
0 0.163477 0.975586 0.0285156 0.0488281 0.0053215
0 0.679688 0.0247803 0.0226563 0.0195312 0.00526047
0 0.0466797 0.831543 0.0144531 0.0136719 0.0051384
0 0.191797 0.183228 0.0304688 0.020752 0.0050621
0 0.00366211 0.147461 0.00722656 0.0383301 0.00503922
0 0.681641 0.248047 0.0210938 0.0166016 0.00502014
0 0.125879 0.595703 0.00644531 0.0136719 0.00502014
0 0.682813 0.144043 0.0078125 0.0124512 0.0049057
0 0.616406 0.991211 0.0117188 0.0117188 0.00488663
0 0.694531 0.250488 0.0125 0.0200195 0.00479126
0 0.514453 0.221436 0.015625 0.0161133 0.00477219
0 0.833594 0.659668 0.0140625 0.0136719 0.00477219
0 0.19707 0.890381 0.0753906 0.10791 0.00475693
0 0.00834961 0.13147 0.0166992 0.0549316 0.00473785
0 0.137109 0.896484 0.0460938 0.0517578 0.00468063
0 0.158008 0.960938 0.0113281 0.0292969 0.00460815
0 0.728125 0.138306 0.025 0.029541 0.00460815
0 0.803125 0.130737 0.0109375 0.0185547 0.00457382
0 0.508594 0.97998 0.034375 0.0400391 0.00455475
0 0.63125 0.148438 0.0101562 0.0144043 0.00452042
0 0.700781 0.137451 0.0195312 0.0231934 0.00450516
0 0.237891 0.216553 0.0355469 0.0327148 0.00448608
0 0.731641 0.0206299 0.0195312 0.0146484 0.00446701
0 0.110937 0.836914 0.0107422 0.0126953 0.00445175
0 0.799219 0.47168 0.021875 0.0214844 0.00445175
0 0.0671875 0.216064 0.0232422 0.0117188 0.00439835
0 0.383203 0.0518799 0.0195312 0.0125732 0.00436401
0 0.300195 0.772461 0.00820312 0.0253906 0.00436401
0 0.0700195 0.212646 0.0324219 0.0234375 0.00436401
0 0.702344 0.142578 0.0203125 0.032959 0.00432968
0 0.257031 0.625977 0.0351562 0.0449219 0.00428009
0 0.878906 0.127563 0.00625 0.0192871 0.00426483
0 0.0494629 0.831055 0.0166992 0.015625 0.00426483
0 0.471484 0.96582 0.0226563 0.0488281 0.00426483
0 0.836719 0.130615 0.0125 0.015625 0.0042305
0 0.536328 0.982422 0.0210938 0.0351562 0.00418091
0 0.632812 0.974609 0.0140625 0.015625 0.00416565
0 0.461719 0.914307 0.0164062 0.0581055 0.00416565
0 0.564062 0.772949 0.009375 0.0107422 0.00415039
0 0.207227 0.469238 0.0078125 0.0166016 0.00407028
0 0.0795898 0.45459 0.0162109 0.0205078 0.00403976
0 0.683594 0.247559 0.0296875 0.0317383 0.00403976
0 0.366797 0.565918 0.0125 0.0166016 0.00402451
0 0.0738281 0.73877 0.009375 0.0117188 0.00399017
0 0.160156 0.986328 0.0101562 0.015625 0.00397491
0 0.202344 0.340576 0.0125 0.0195312 0.00395966
0 0.807813 0.681152 0.0171875 0.0166016 0.0039444
0 0.555469 0.932373 0.0164062 0.0239258 0.0039444
0 0.0102539 0.120361 0.0205078 0.0593262 0.00385475
0 0.281445 0.206787 0.0292969 0.0336914 0.00383949
0 0.0223633 0.90918 0.0125977 0.00976562 0.00382423
0 0.938281 0.0140381 0.0171875 0.024292 0.00379562
0 0.090332 0.697754 0.0191406 0.0283203 0.00379562
0 0.116211 0.527344 0.0132813 0.0185547 0.0037365
0 0.226562 0.22168 0.0207031 0.0263672 0.0037365
0 0.821094 0.804688 0.0171875 0.0146484 0.00370789
0 0.220508 0.630859 0.021875 0.0292969 0.00362206
0 0.05625 0.256348 0.0246094 0.0615234 0.00362206
0 0.283594 0.491211 0.0144531 0.0166016 0.0036068
0 0.905469 0.097168 0.0171875 0.0175781 0.00359344
0 0.877344 0.118652 0.009375 0.0332031 0.00359344
0 0.671484 0.0236206 0.0171875 0.0157471 0.00356483
0 0.169727 0.836426 0.00859375 0.0126953 0.00356483
0 0.271484 0.737305 0.0195312 0.0351562 0.00353813
0 0.734766 0.988281 0.0101562 0.0136719 0.00352478
0 0.257031 0.620117 0.0175781 0.0263672 0.00351143
0 0.0967773 0.253174 0.0126953 0.0161133 0.00345612
0 0.213281 0.509277 0.00976562 0.015625 0.00342941
0 0.116309 0.539551 0.0242187 0.0585938 0.00337601
0 0.799219 0.808105 0.009375 0.0126953 0.00336266
0 0.5 0.882812 0.0132813 0.0126953 0.00335121
0 0.533594 0.268799 0.0117188 0.0136719 0.00333786
