0 0.227148 0.682617 0.0320312 0.0253906 0.743164
0 0.684375 0.781738 0.0242187 0.0361328 0.684082
0 0.178516 0.508789 0.0152344 0.0292969 0.664551
0 0.638672 0.713379 0.0320312 0.0371094 0.651367
0 0.739844 0.920898 0.01875 0.0546875 0.638672
0 0.730859 0.769043 0.0210938 0.0361328 0.569824
0 0.175195 0.320068 0.0101562 0.019043 0.561035
0 0.599219 0.59082 0.0117188 0.0253906 0.555664
0 0.703906 0.765625 0.0125 0.0214844 0.553711
0 0.707031 0.765625 0.0132813 0.0234375 0.513672
0 0.168359 0.392578 0.0226563 0.0253906 0.504883
0 0.491406 0.206543 0.00859375 0.015625 0.448486
0 0.240039 0.0676575 0.0152344 0.0128784 0.44458
0 0.598437 0.361328 0.015625 0.0209961 0.430176
0 0.551562 0.206543 0.00859375 0.0175781 0.419678
0 0.569141 0.429321 0.0109375 0.0270996 0.413086
0 0.538672 0.169861 0.0117188 0.0362549 0.403564
0 0.689844 0.785645 0.01875 0.0263672 0.393311
0 0.728125 0.764648 0.0117188 0.0322266 0.38501
0 0.705469 0.765137 0.0203125 0.0273438 0.357666
0 0.204102 0.125854 0.00976562 0.0151367 0.345947
0 0.639063 0.744141 0.0179687 0.0253906 0.323486
0 0.688672 0.784668 0.0273438 0.0332031 0.320801
0 0.635938 0.712402 0.025 0.0263672 0.308105
0 0.246094 0.152588 0.0148437 0.019043 0.29834
0 0.251172 0.0656433 0.0109375 0.0120239 0.294189
0 0.175391 0.320557 0.0144531 0.0224609 0.287842
0 0.792188 0.89502 0.009375 0.0136719 0.281494
0 0.560547 0.443359 0.0109375 0.0214844 0.269043
0 0.250586 0.149048 0.0167969 0.0178223 0.268066
0 0.685938 0.776855 0.0179687 0.0302734 0.250977
0 0.641797 0.718262 0.034375 0.0488281 0.23938
0 0.639063 0.742676 0.0242187 0.0292969 0.222656
0 0.166797 0.908203 0.0175781 0.046875 0.210815
0 0.245898 0.152344 0.0207031 0.0224609 0.210083
0 0.269922 0.147705 0.00820312 0.0153809 0.204956
0 0.196875 0.129883 0.0105469 0.0153809 0.201782
0 0.166992 0.899414 0.01875 0.0429688 0.19873
0 0.560156 0.443359 0.0148437 0.0263672 0.193115
0 0.738867 0.917725 0.0285156 0.059082 0.174438
0 0.5625 0.440552 0.0148437 0.0290527 0.173828
0 0.599609 0.589844 0.0179687 0.0292969 0.173828
0 0.647266 0.699219 0.0109375 0.0195312 0.171631
0 0.733594 0.774902 0.0140625 0.0283203 0.166138
0 0.240625 0.0679932 0.0222656 0.0178223 0.165039
0 0.568359 0.431396 0.0195312 0.0317383 0.154053
0 0.537109 0.173157 0.0171875 0.0374756 0.139893
0 0.20332 0.126831 0.0136719 0.0200195 0.118408
0 0.176953 0.51123 0.0210938 0.03125 0.108215
0 0.241016 0.153687 0.0144531 0.0161133 0.0994873
0 0.250586 0.149048 0.0238281 0.0249023 0.0980835
0 0.592969 0.518066 0.0078125 0.0136719 0.0966797
0 0.165625 0.891602 0.0179687 0.0175781 0.0953369
0 0.233008 0.94043 0.0101562 0.0234375 0.0907593
0 0.19707 0.130371 0.0148437 0.0195312 0.0863037
0 0.164453 0.394531 0.01875 0.0214844 0.0853882
0 0.739062 0.90625 0.0132813 0.0263672 0.0847778
0 0.241797 0.153076 0.01875 0.0217285 0.0820923
0 0.647266 0.700195 0.0210938 0.0273438 0.0703125
0 0.236133 0.930664 0.00820312 0.0371094 0.0682983
0 0.56875 0.426514 0.0109375 0.0170898 0.0665894
0 0.563281 0.439819 0.0203125 0.036377 0.0665894
0 0.232812 0.939209 0.0140625 0.0317383 0.0632324
0 0.699219 0.760254 0.0109375 0.0175781 0.0630493
0 0.71875 0.77002 0.0148437 0.0224609 0.0600891
0 0.23457 0.929932 0.0140625 0.0444336 0.0594177
0 0.791406 0.895996 0.0125 0.0185547 0.0589905
0 0.598047 0.363037 0.021875 0.0253906 0.0572815
0 0.179297 0.505371 0.0132813 0.0205078 0.0554199
0 0.250977 0.0666504 0.0160156 0.019043 0.0552063
0 0.490234 0.20752 0.0164062 0.0200195 0.0538025
0 0.16333 0.897949 0.0276367 0.0429688 0.0518494
0 0.269336 0.148315 0.0132813 0.0214844 0.0507202
0 0.550781 0.20752 0.0125 0.019043 0.0483093
0 0.60625 0.45752 0.00859375 0.0107422 0.0481262
0 0.172461 0.389648 0.0152344 0.0151367 0.0423889
0 0.732031 0.776855 0.0226563 0.0302734 0.0401001
0 0.166211 0.89209 0.0203125 0.0253906 0.0372009
0 0.648438 0.699707 0.0140625 0.0253906 0.0362244
0 0.71875 0.770508 0.03125 0.0332031 0.0352783
0 0.584766 0.474121 0.009375 0.0166016 0.0342407
0 0.223438 0.686035 0.0304688 0.0263672 0.0335999
0 0.738281 0.928223 0.0234375 0.0576172 0.0318604
0 0.598047 0.360596 0.0140625 0.0141602 0.0317383
0 0.236328 0.920898 0.00820312 0.0214844 0.0317383
0 0.739844 0.90918 0.0179687 0.0419922 0.0303345
0 0.203516 0.124634 0.0210938 0.0197754 0.0297546
0 0.234375 0.679688 0.0195312 0.0214844 0.0272675
0 0.232031 0.939697 0.0199219 0.034668 0.0272675
0 0.233789 0.930176 0.0214844 0.0517578 0.0227966
0 0.699609 0.762695 0.021875 0.0234375 0.0226288
0 0.740234 0.9375 0.0125 0.0351562 0.0204926
0 0.163477 0.921875 0.00859375 0.0214844 0.0193024
0 0.740625 0.935303 0.0164062 0.043457 0.0189819
0 0.180859 0.504883 0.0164062 0.0273438 0.0189056
0 0.571094 0.431274 0.0109375 0.017334 0.0187988
0 0.235156 0.921387 0.00859375 0.015625 0.0181885
0 0.548828 0.206787 0.0210938 0.0268555 0.0180511
0 0.161328 0.922852 0.0105469 0.0175781 0.0167847
0 0.553906 0.203369 0.0148437 0.0219727 0.0164642
0 0.243555 0.067627 0.0140625 0.0114746 0.0156708
0 0.649219 0.707031 0.0148437 0.0351562 0.0156021
0 0.569531 0.426392 0.0140625 0.0241699 0.0153046
0 0.636328 0.722168 0.0257812 0.0410156 0.0149536
0 0.721484 0.761719 0.0140625 0.0195312 0.0145035
0 0.592578 0.519531 0.0109375 0.0185547 0.0141754
0 0.161914 0.888184 0.0140625 0.0166016 0.0124283
0 0.492188 0.205078 0.0117188 0.0214844 0.0121918
0 0.174219 0.515137 0.01875 0.0341797 0.0116882
0 0.584766 0.476074 0.0171875 0.0253906 0.0115967
0 0.175586 0.515625 0.0144531 0.0244141 0.0110703
0 0.602344 0.552734 0.00703125 0.015625 0.0107346
0 0.648828 0.728516 0.0109375 0.0234375 0.0102463
0 0.272656 0.148438 0.009375 0.0112305 0.00985718
0 0.564453 0.438354 0.0101562 0.0266113 0.00905609
0 0.235156 0.921875 0.0140625 0.0332031 0.0088501
0 0.184766 0.509277 0.0148437 0.0175781 0.008255
0 0.738281 0.939453 0.0109375 0.0273438 0.00784302
0 0.179102 0.503906 0.0285156 0.0351562 0.0078125
0 0.159961 0.921875 0.0121094 0.0263672 0.00769424
0 0.749023 0.918945 0.0207031 0.0302734 0.00763702
0 0.591406 0.519043 0.0179687 0.0185547 0.00748825
0 0.635547 0.706055 0.0125 0.015625 0.00740433
0 0.637109 0.747559 0.0210938 0.0302734 0.00728989
0 0.741016 0.935547 0.0257812 0.0507812 0.00728989
0 0.2375 0.157837 0.0101562 0.0153809 0.00706482
0 0.551953 0.203125 0.0296875 0.0283203 0.00695801
0 0.164648 0.920898 0.0113281 0.0283203 0.00674438
0 0.234766 0.680176 0.0273438 0.0292969 0.00671768
0 0.567578 0.425049 0.0234375 0.0288086 0.00653839
0 0.172266 0.393555 0.0222656 0.0292969 0.0064621
0 0.60625 0.459961 0.015625 0.0185547 0.00629044
0 0.589453 0.472656 0.009375 0.0146484 0.00600433
0 0.16167 0.888672 0.0262695 0.03125 0.00561905
0 0.648438 0.70752 0.03125 0.046875 0.00540543
0 0.735547 0.938477 0.0148437 0.0390625 0.00538635
0 0.721094 0.76416 0.0375 0.0361328 0.00536346
0 0.685156 0.770996 0.0125 0.0136719 0.00530243
0 0.488281 0.208496 0.0171875 0.027832 0.00526047
0 0.490234 0.204102 0.0257812 0.027832 0.00521851
0 0.702344 0.783691 0.009375 0.0214844 0.00511932
0 0.593359 0.466797 0.0125 0.0126953 0.00502014
0 0.173633 0.388672 0.0203125 0.0219727 0.00498199
0 0.788281 0.895996 0.0140625 0.0175781 0.00496292
0 0.229883 0.677246 0.0195312 0.0166016 0.00482941
0 0.235352 0.939453 0.0078125 0.0214844 0.00473785
0 0.649219 0.738281 0.0101562 0.0195312 0.0046463
0 0.599609 0.358887 0.0203125 0.0224609 0.00457382
0 0.158594 0.920898 0.0214844 0.0283203 0.00438309
0 0.161572 0.913086 0.0303711 0.0664062 0.0042305
0 0.244141 0.0666809 0.0246094 0.0221558 0.00402451
0 0.254492 0.154663 0.0132813 0.0144043 0.0039444
0 0.546094 0.191223 0.00703125 0.0194092 0.0039444
0 0.738281 0.783203 0.00859375 0.015625 0.00392914
0 0.572266 0.431274 0.0132813 0.032959 0.00391388
0 0.749414 0.918457 0.0371094 0.0615234 0.00391388
0 0.233203 0.919922 0.0214844 0.0390625 0.00388527
0 0.161133 0.887695 0.0402344 0.0361328 0.00385475
0 0.749805 0.928955 0.0175781 0.0327148 0.00383949
0 0.237109 0.157837 0.0171875 0.0270996 0.00370789
0 0.60625 0.458008 0.021875 0.015625 0.00359344
0 0.173828 0.327881 0.0101562 0.019043 0.00348282
0 0.17207 0.393311 0.0359375 0.0366211 0.00338936
0 0.487109 0.207764 0.0257812 0.0292969 0.00313568
0 0.239453 0.154663 0.0101562 0.0144043 0.00309944
0 0.164453 0.916016 0.0160156 0.0361328 0.00309944
0 0.164844 0.921631 0.021875 0.0336914 0.00307465
0 0.720703 0.763184 0.05 0.0429688 0.00301552
0 0.735156 0.936768 0.0234375 0.0405273 0.00293541
0 0.786719 0.896484 0.021875 0.0283203 0.00273705
0 0.173633 0.899414 0.0125 0.0195312 0.00258064
0 0.635938 0.706543 0.028125 0.0361328 0.00258064
0 0.173242 0.38916 0.0308594 0.0258789 0.00230598
0 0.172852 0.327148 0.0164062 0.0336914 0.00226021
0 0.236133 0.15686 0.0253906 0.0270996 0.00221634
0 0.792969 0.892578 0.009375 0.0126953 0.00219917
0 0.599219 0.358887 0.0359375 0.0297852 0.00218201
0 0.185742 0.509766 0.0222656 0.0351562 0.00214005
0 0.24375 0.0649109 0.0484375 0.0322876 0.00213242
0 0.649219 0.727051 0.0179687 0.0410156 0.00209999
0 0.163672 0.390869 0.009375 0.0131836 0.00208282
0 0.230664 0.676758 0.0339844 0.0322266 0.00197983
0 0.237891 0.920898 0.0109375 0.0273438 0.00192642
0 0.677734 0.77832 0.0148437 0.0185547 0.00191212
0 0.558203 0.451172 0.0109375 0.0166016 0.00187492
0 0.562109 0.436035 0.0289063 0.0458984 0.00185299
0 0.177344 0.326172 0.0113281 0.0175781 0.00184631
0 0.253906 0.153687 0.0289063 0.0280762 0.00178242
0 0.677344 0.785156 0.0140625 0.0234375 0.00176811
0 0.872656 0.87793 0.0109375 0.015625 0.0017004
0 0.676953 0.78418 0.0304688 0.0419922 0.00168705
0 0.252539 0.0636902 0.0148437 0.022522 0.00168133
0 0.999219 0.601562 0.0015625 0.0957031 0.00158501
0 0.17832 0.315918 0.009375 0.0136719 0.00156116
0 0.736914 0.90625 0.0292969 0.0429688 0.00152493
0 0.546094 0.188721 0.0195312 0.0327148 0.00150681
0 0.589844 0.474121 0.0234375 0.0302734 0.00147247
0 0.691406 0.793945 0.015625 0.0185547 0.00146103
0 0.603516 0.552734 0.009375 0.0244141 0.00139904
0 0.17207 0.325928 0.0238281 0.0332031 0.00139427
0 0.635938 0.70459 0.0421875 0.0478516 0.00131512
0 0.200586 0.126465 0.00898437 0.0126953 0.00129986
0 0.236328 0.938477 0.0128906 0.0332031 0.00129414
0 0.683984 0.770996 0.0257812 0.0361328 0.00127411
0 0.229102 0.675293 0.0535156 0.0517578 0.00127411
0 0.701563 0.782715 0.0289063 0.0371094 0.00126457
0 0.736719 0.905762 0.0421875 0.0605469 0.00122547
0 0.174805 0.912598 0.0109375 0.0175781 0.00117874
0 0.255273 0.144897 0.0113281 0.0119629 0.00117397
0 0.646094 0.69043 0.009375 0.0117188 0.00115108
0 0.573047 0.432495 0.025 0.036377 0.0011158
0 0.593359 0.467773 0.021875 0.0292969 0.0011034
0 0.691406 0.79248 0.0359375 0.0361328 0.00107288
0 0.649609 0.738281 0.0164062 0.0361328 0.00105667
0 0.274609 0.148804 0.0136719 0.0241699 0.00103188
0 0.550391 0.183777 0.0109375 0.0157471 0.00102043
