0 0.623828 0.0914307 0.0484375 0.0515137 0.850098
0 0.100586 0.153198 0.0556641 0.052002 0.847168
0 0.15376 0.148804 0.0366211 0.0344238 0.799316
0 0.644141 0.536133 0.0929687 0.0751953 0.779785
0 0.846094 0.0152588 0.0453125 0.0305176 0.774414
0 0.682031 0.21698 0.0390625 0.06604 0.746094
0 0.742969 0.297607 0.0921875 0.0771484 0.679199
0 0.305859 0.553223 0.0828125 0.103516 0.647949
0 0.689453 0.114014 0.0226563 0.0444336 0.609375
0 0.878906 0.0435791 0.028125 0.0341797 0.549805
0 0.874219 0.0457764 0.0296875 0.0383301 0.53125
0 0.778711 0.775879 0.0925781 0.0693359 0.331055
0 0.703516 0.552246 0.0273438 0.0634766 0.294922
0 0.741406 0.295898 0.059375 0.0654297 0.231567
0 0.644141 0.541016 0.0617188 0.0771484 0.217285
0 0.155273 0.145386 0.0320312 0.0246582 0.213379
0 0.871094 0.0487671 0.021875 0.0316162 0.193726
0 0.304297 0.556152 0.0597656 0.0810547 0.171631
0 0.7625 0.773926 0.05625 0.0654297 0.16394
0 0.343262 0.541016 0.0181641 0.0244141 0.163452
0 0.791406 0.298828 0.0140625 0.0205078 0.130249
0 0.154883 0.152588 0.0460938 0.0439453 0.0987549
0 0.778906 0.775879 0.0546875 0.0625 0.0977173
0 0.337305 0.546875 0.0355469 0.0517578 0.0863037
0 0.383203 0.94043 0.0109375 0.00976562 0.0769653
0 0.343359 0.542969 0.0226563 0.0332031 0.0753174
0 0.752344 0.303223 0.053125 0.0639648 0.0750122
0 0.108008 0.147583 0.0503906 0.0480957 0.072876
0 0.790625 0.299072 0.0171875 0.027832 0.0713501
0 0.792188 0.297363 0.0109375 0.0166016 0.0705566
0 0.686719 0.107666 0.0195312 0.0341797 0.0700684
0 0.325977 0.555664 0.0714844 0.0957031 0.0690308
0 0.691797 0.120728 0.0195312 0.0412598 0.0658569
0 0.642969 0.531738 0.0554687 0.0556641 0.0651245
0 0.728711 0.294189 0.0644531 0.0629883 0.0639648
0 0.8375 0.0131226 0.03125 0.0262451 0.0579224
0 0.78125 0.78418 0.0421875 0.0527344 0.0534058
0 0.851562 0.0167236 0.03125 0.0316162 0.0512695
0 0.620703 0.0828857 0.0453125 0.0466309 0.0512695
0 0.316406 0.564941 0.0507812 0.0664062 0.0484924
0 0.705469 0.54541 0.0210938 0.0585938 0.0453491
0 0.298047 0.544922 0.0578125 0.0664062 0.0451965
0 0.147559 0.152954 0.0365234 0.0361328 0.044342
0 0.772656 0.783691 0.046875 0.0625 0.0433655
0 0.15874 0.149902 0.0329102 0.041748 0.0427246
0 0.682813 0.205078 0.0445312 0.0566406 0.0401001
0 0.8 0.770508 0.0671875 0.0566406 0.0380249
0 0.0882813 0.151489 0.0335938 0.0476074 0.0367737
0 0.814844 0.764648 0.0421875 0.0410156 0.036499
0 0.8625 0.0511475 0.0125 0.0197754 0.0363464
0 0.791406 0.783203 0.08125 0.0810547 0.0354004
0 0.682422 0.201233 0.0351562 0.0374756 0.0350037
0 0.701172 0.553711 0.0414063 0.0839844 0.0343628
0 0.690625 0.220703 0.021875 0.0458984 0.0340881
0 0.703516 0.52002 0.0164062 0.0244141 0.033844
0 0.883594 0.0387573 0.0125 0.0250244 0.0333252
0 0.625781 0.534668 0.071875 0.0683594 0.0327148
0 0.70625 0.546875 0.0289063 0.0869141 0.0324707
0 0.761133 0.301758 0.0730469 0.0761719 0.03125
0 0.618359 0.0800781 0.0359375 0.0283203 0.0305634
0 0.326953 0.554199 0.0476562 0.0673828 0.0303345
0 0.616016 0.0901794 0.0414063 0.0613403 0.0292053
0 0.8625 0.0498047 0.01875 0.0266113 0.028656
0 0.792188 0.774902 0.046875 0.0517578 0.0279083
0 0.106152 0.143066 0.0429688 0.0305176 0.0264587
0 0.99375 0.560547 0.0125 0.015625 0.025177
0 0.634766 0.0863037 0.0289063 0.0290527 0.0250854
0 0.146924 0.813477 0.012793 0.0175781 0.0250854
0 0.834375 0.0160522 0.0234375 0.0230713 0.0247955
0 0.658984 0.541992 0.0867188 0.0966797 0.0232391
0 0.14585 0.155151 0.0239258 0.0283203 0.0227966
0 0.345801 0.537598 0.0138672 0.0185547 0.0224609
0 0.313867 0.54248 0.0488281 0.0712891 0.0212097
0 0.905469 0.580566 0.021875 0.0205078 0.0212097
0 0.794531 0.785156 0.0296875 0.046875 0.0209656
0 0.726562 0.961914 0.0101562 0.0136719 0.0204926
0 0.783594 0.345215 0.0109375 0.012207 0.0199432
0 0.289648 0.552246 0.0519531 0.0859375 0.0197906
0 0.763477 0.30249 0.0402344 0.0463867 0.0195007
0 0.542188 0.924316 0.0101562 0.0126953 0.0191193
0 0.701172 0.515137 0.0132813 0.015625 0.0188293
0 0.700391 0.556152 0.0328125 0.046875 0.0180511
0 0.653906 0.547363 0.0515625 0.0507812 0.0177155
0 0.148096 0.811523 0.00966797 0.0175781 0.0175781
0 0.803125 0.770996 0.0390625 0.0410156 0.0170441
0 0.763086 0.782227 0.0628906 0.0908203 0.016922
0 0.0860352 0.151123 0.0255859 0.0351562 0.0164642
0 0.634766 0.530762 0.0507812 0.0429688 0.0161591
0 0.703125 0.5625 0.0226563 0.0449219 0.0161591
0 0.817187 0.762695 0.0328125 0.0234375 0.0157776
0 0.702734 0.520996 0.0226563 0.0351562 0.0156021
0 0.685938 0.199951 0.034375 0.0283203 0.0149536
0 0.675781 0.224854 0.028125 0.043457 0.0146179
0 0.991016 0.5625 0.0179687 0.0224609 0.0135345
0 0.30332 0.533691 0.0816406 0.0683594 0.0128708
0 0.0936523 0.142334 0.0347656 0.0200195 0.012825
0 0.700781 0.519531 0.0109375 0.0214844 0.0125275
0 0.163086 0.822266 0.0101562 0.015625 0.0123367
0 0.905469 0.578613 0.025 0.0283203 0.0121918
0 0.779883 0.768066 0.0746094 0.0595703 0.0112
0 0.307031 0.576172 0.0679687 0.0878906 0.0107346
0 0.976562 0.616699 0.0109375 0.0117188 0.0106125
0 0.382422 0.939697 0.0164062 0.019043 0.01017
0 0.0955078 0.144287 0.0621094 0.0510254 0.01017
0 0.633984 0.088623 0.0414063 0.0458984 0.0101318
0 0.16582 0.15918 0.0128906 0.0236816 0.00989532
0 0.624219 0.538086 0.0429688 0.046875 0.00978088
0 0.13584 0.898926 0.00917969 0.0175781 0.00967407
0 0.14624 0.813965 0.0196289 0.0302734 0.00945282
0 0.778906 0.30249 0.046875 0.0571289 0.00933838
0 0.779688 0.303223 0.0265625 0.0351562 0.00930023
0 0.651953 0.199707 0.00703125 0.0117188 0.00926971
0 0.614062 0.0887451 0.0375 0.0412598 0.0091629
0 0.458203 0.10083 0.0109375 0.0136719 0.00898743
0 0.628516 0.0810547 0.0335938 0.0236816 0.00894928
0 0.792969 0.76123 0.0375 0.0244141 0.00874329
0 0.990234 0.5625 0.0195312 0.0351562 0.00871277
0 0.3875 0.977539 0.0101562 0.0117188 0.0086441
0 0.114258 0.140381 0.0271484 0.0224609 0.00854492
0 0.0852539 0.161987 0.0160156 0.0402832 0.00844574
0 0.671484 0.986328 0.0148437 0.0136719 0.00844574
0 0.626172 0.0820312 0.059375 0.0678711 0.00844574
0 0.779688 0.76416 0.040625 0.0263672 0.00818634
0 0.85 0.755859 0.0078125 0.0136719 0.00793457
0 0.114551 0.159302 0.0212891 0.0339355 0.00787354
0 0.858594 0.0101013 0.0125 0.0202026 0.00766754
0 0.698828 0.212158 0.0101562 0.0302734 0.00757599
0 0.680469 0.229736 0.0351562 0.0507812 0.00748825
0 0.645312 0.955078 0.0109375 0.0136719 0.00740433
0 0.110937 0.157471 0.0427734 0.0510254 0.00740433
0 0.15293 0.818848 0.015625 0.0263672 0.00725937
0 0.326172 0.5625 0.0386719 0.0585938 0.00723267
0 0.636719 0.54834 0.0351562 0.0478516 0.00720596
0 0.312305 0.481934 0.0105469 0.0117188 0.00717545
0 0.301172 0.566406 0.0460938 0.0625 0.00664139
0 0.365625 0.936035 0.00859375 0.0107422 0.00658798
0 0.790625 0.766113 0.0640625 0.0478516 0.00658798
0 0.308594 0.484863 0.0101562 0.0117188 0.00656509
0 0.692187 0.23584 0.0140625 0.0229492 0.00629044
0 0.75625 0.312744 0.028125 0.0390625 0.00629044
0 0.761523 0.785645 0.0378906 0.0605469 0.00612259
0 0.775 0.278076 0.0125 0.0136719 0.00605011
0 0.741211 0.2854 0.0816406 0.0532227 0.00595856
0 0.677734 0.988281 0.0148437 0.0117188 0.00593567
0 0.842188 0.00701904 0.0328125 0.0140381 0.00591278
0 0.68125 0.22998 0.0484375 0.0576172 0.00575256
0 0.163867 0.15686 0.0210938 0.032959 0.00568771
0 0.31543 0.484375 0.009375 0.0117188 0.00559998
0 0.0807617 0.141602 0.0142578 0.0119629 0.00551224
0 0.0806641 0.17041 0.0109375 0.0214844 0.00551224
0 0.310547 0.578613 0.0257812 0.046875 0.00551224
0 0.305664 0.530273 0.0417969 0.0322266 0.00547028
0 0.985156 0.77002 0.0109375 0.0205078 0.00540543
0 0.408203 0.964844 0.015625 0.0117188 0.00540543
0 0.112109 0.141846 0.0359375 0.0378418 0.00526047
0 0.696875 0.314453 0.00703125 0.0146484 0.00524139
0 0.652344 0.529785 0.05 0.0449219 0.00521851
0 0.747852 0.313232 0.0324219 0.0410156 0.00518036
0 0.660547 0.541504 0.05625 0.0625 0.00518036
0 0.79375 0.799316 0.0140625 0.0253906 0.00510025
0 0.385156 0.939209 0.0101562 0.012207 0.00510025
0 0.76875 0.763672 0.0390625 0.0332031 0.0050621
0 0.697266 0.119263 0.0171875 0.0273438 0.00503922
0 0.725781 0.299805 0.0421875 0.0512695 0.00492477
0 0.110937 0.157715 0.0677734 0.0605469 0.00477219
0 0.125391 0.13269 0.0103516 0.0166016 0.00471878
0 0.295898 0.530762 0.0425781 0.0322266 0.00468063
0 0.0755859 0.149048 0.00605469 0.0217285 0.00462723
0 0.164453 0.696289 0.0125 0.0166016 0.00457382
0 0.879687 0.0366821 0.0203125 0.0152588 0.00445175
0 0.15293 0.696777 0.0152344 0.015625 0.00436401
0 0.699609 0.511719 0.00859375 0.00976562 0.00419998
0 0.761523 0.291992 0.0441406 0.0449219 0.00416565
0 0.801562 0.762695 0.0390625 0.0263672 0.00413513
0 0.312891 0.528809 0.0566406 0.0615234 0.00413513
0 0.853125 0.00668335 0.021875 0.0133667 0.0041008
0 0.824219 0.760254 0.021875 0.0253906 0.00408554
0 0.608203 0.549316 0.0125 0.0273438 0.00407028
0 0.366016 0.94043 0.0101562 0.0136719 0.00407028
0 0.286719 0.554688 0.0382813 0.0585938 0.00402451
0 0.757031 0.764648 0.0359375 0.0273438 0.0039444
0 0.850781 0.766602 0.0125 0.0175781 0.0039444
0 0.161328 0.139771 0.0160156 0.0141602 0.00388527
0 0.0816406 0.168335 0.0150391 0.029541 0.00382423
0 0.699609 0.523438 0.0164062 0.0341797 0.00382423
0 0.682031 0.232422 0.0242187 0.0341797 0.00379562
0 0.84375 0.0155334 0.065625 0.0310669 0.00379562
0 0.296875 0.595703 0.00859375 0.0195312 0.0037365
0 0.690625 0.23291 0.021875 0.0371094 0.0037365
0 0.807031 0.832031 0.01875 0.0253906 0.00367928
0 0.804688 0.783203 0.0234375 0.0371094 0.00353813
0 0.317676 0.575195 0.0943359 0.0976562 0.00346947
0 0.730469 0.282959 0.040625 0.027832 0.00345612
0 0.782812 0.345459 0.0171875 0.0185547 0.00342941
0 0.318164 0.219238 0.0105469 0.0102539 0.00338936
0 0.756836 0.76709 0.0441406 0.0546875 0.00335121
0 0.152734 0.817871 0.028125 0.0390625 0.00333786
0 0.314648 0.526367 0.0324219 0.0263672 0.00327301
0 0.885156 0.0523987 0.0125 0.0221558 0.00322342
0 0.715625 0.960938 0.0109375 0.00976562 0.00322342
0 0.385156 0.938477 0.0132813 0.015625 0.00321007
0 0.28418 0.562988 0.0457031 0.0849609 0.00317192
0 0.646094 0.952148 0.00859375 0.0136719 0.00312424
0 0.674609 0.549805 0.059375 0.0927734 0.00307465
0 0.675391 0.190125 0.0203125 0.0133057 0.0030632
0 0.162842 0.15686 0.0375977 0.0393066 0.0030632
0 0.344336 0.534668 0.0128906 0.015625 0.00302696
0 0.674219 0.196533 0.0195312 0.0219727 0.00298119
0 0.741992 0.282471 0.0378906 0.0239258 0.00296974
0 0.729297 0.967773 0.0117188 0.0136719 0.00291252
0 0.611328 0.0968018 0.0203125 0.0366211 0.00286674
0 0.556641 0.974609 0.0148437 0.0195312 0.00282288
0 0.637109 0.0977783 0.0195312 0.0334473 0.00281143
0 0.301172 0.582031 0.015625 0.0371094 0.00279999
0 0.752344 0.775879 0.040625 0.078125 0.00279999
0 0.698828 0.562988 0.0226563 0.0371094 0.00276756
0 0.0822266 0.168457 0.0257812 0.0310059 0.00276756
0 0.477734 0.245361 0.0125 0.015625 0.00275803
0 0.148633 0.696777 0.0117188 0.0136719 0.0026722
0 0.938281 0.431641 0.009375 0.0112305 0.00265312
0 0.152539 0.808594 0.0140625 0.0253906 0.00264168
0 0.776563 0.313721 0.0109375 0.0244141 0.00263214
0 0.540234 0.973633 0.0078125 0.015625 0.00263214
0 0.825781 0.766602 0.0171875 0.0273438 0.00261116
0 0.849219 0.929688 0.0109375 0.0146484 0.00261116
0 0.814844 0.834961 0.0140625 0.0283203 0.00259018
0 0.320312 0.57666 0.0304688 0.0400391 0.00255013
0 0.518359 0.982422 0.0101562 0.0117188 0.00255013
0 0.675 0.549316 0.08125 0.107422 0.00255013
0 0.608203 0.545898 0.0304688 0.0478516 0.00253105
0 0.99375 0.628418 0.0125 0.0166016 0.00252151
0 0.282031 0.223877 0.0105469 0.0126953 0.00251198
0 0.634375 0.977539 0.0132813 0.0136719 0.00246239
0 0.783594 0.345459 0.0234375 0.015625 0.00245285
0 0.678125 0.549316 0.021875 0.0410156 0.00232315
0 0.848437 0.759277 0.009375 0.0175781 0.00231361
0 0.317578 0.51416 0.0152344 0.0146484 0.00229645
0 0.146191 0.143311 0.0169922 0.0148926 0.00228691
0 0.127051 0.831055 0.0150391 0.0195312 0.00228691
0 0.979688 0.992188 0.015625 0.015625 0.00228691
0 0.807031 0.833008 0.0296875 0.0488281 0.00226974
0 0.699609 0.224121 0.009375 0.0273438 0.00223351
0 0.406641 0.96875 0.021875 0.015625 0.00223351
0 0.742969 0.800293 0.0109375 0.0292969 0.00219154
0 0.671875 0.984375 0.0226563 0.0214844 0.00219154
0 0.276563 0.551758 0.0304688 0.0791016 0.00214958
0 0.347461 0.540039 0.0152344 0.0244141 0.00213242
0 0.983594 0.770996 0.0109375 0.0126953 0.00210762
0 0.713672 0.291992 0.0359375 0.0615234 0.00209999
0 0.630859 0.107422 0.0171875 0.0258789 0.00208282
0 0.508203 0.0377808 0.0179687 0.0195312 0.00206757
0 0.609375 0.539551 0.015625 0.0292969 0.00206757
0 0.701172 0.312988 0.0078125 0.0185547 0.00205803
0 0.696875 0.541016 0.0273438 0.0458984 0.00201988
0 0.621094 0.546875 0.0632813 0.0742188 0.00201988
0 0.825 0.0187378 0.0078125 0.0146484 0.00201035
0 0.622656 0.527344 0.0335938 0.0273438 0.00201035
0 0.173438 0.320801 0.0117188 0.0126953 0.00200272
0 0.623438 0.549805 0.0203125 0.0371094 0.00198746
0 0.330957 0.541504 0.0380859 0.0449219 0.00197983
0 0.7 0.308594 0.00390625 0.0263672 0.00195694
0 0.979688 0.537109 0.015625 0.0136719 0.00194168
0 0.792969 0.79541 0.0296875 0.0478516 0.00194168
0 0.607813 0.0760498 0.0203125 0.0151367 0.00191212
0 0.817187 0.822754 0.0125 0.0175781 0.00190449
0 0.824219 0.594727 0.009375 0.0136719 0.00189686
0 0.206055 0.775879 0.00898437 0.015625 0.00189686
0 0.776563 0.29126 0.0296875 0.027832 0.00186729
0 0.985937 0.691406 0.0078125 0.0146484 0.00185299
0 0.607813 0.547363 0.0429688 0.0576172 0.00183868
0 0.939062 0.790527 0.015625 0.0136719 0.00183105
0 0.88125 0.985352 0.009375 0.0136719 0.00182438
0 0.689453 0.232666 0.040625 0.0454102 0.00182438
0 0.635547 0.0979004 0.0328125 0.0512695 0.0018177
0 0.884375 0.0411377 0.025 0.0361328 0.00179577
0 0.807813 0.83252 0.0453125 0.0517578 0.00179577
0 0.0767578 0.162354 0.00566406 0.0209961 0.00178242
0 0.632031 0.5625 0.0132813 0.0253906 0.00178242
0 0.629687 0.105469 0.03125 0.0361328 0.00177479
0 0.287891 0.542969 0.0433594 0.0488281 0.00176811
0 0.695312 0.543457 0.0515625 0.103516 0.00176811
0 0.525781 0.203369 0.0148437 0.0161133 0.00175476
0 0.84375 0.766602 0.0109375 0.0185547 0.00174141
0 0.458203 0.101685 0.0164062 0.0234375 0.00174141
0 0.711328 0.554688 0.015625 0.0449219 0.00173378
0 0.0114258 0.11792 0.0112305 0.0161133 0.00172043
0 0.749414 0.786621 0.0292969 0.078125 0.00172043
0 0.470703 0.896973 0.0140625 0.015625 0.00171375
0 0.0754883 0.151489 0.0126953 0.0354004 0.0017004
0 0.675391 0.539551 0.0289063 0.0390625 0.00168705
0 0.914844 0.383301 0.0109375 0.0102539 0.00167465
0 0.685547 0.121094 0.0257812 0.0415039 0.00166798
0 0.226758 0.291504 0.0121094 0.00927734 0.0016613
0 0.155469 0.831055 0.0128906 0.0234375 0.0016489
0 0.15332 0.817383 0.0371094 0.0498047 0.0016489
0 0.775781 0.849609 0.0109375 0.0185547 0.00164223
0 0.701563 0.130249 0.0101562 0.0163574 0.0015974
0 0.285156 0.566406 0.01875 0.0507812 0.0015974
0 0.358203 0.675293 0.0101562 0.0185547 0.0015974
0 0.763281 0.279297 0.021875 0.0146484 0.00157928
