0 0.970312 0.0906982 0.05625 0.0561523 0.903809
0 0.742383 0.0594177 0.0496094 0.0422974 0.818848
0 0.509375 0.18457 0.059375 0.0595703 0.751953
0 0.589844 0.213623 0.0265625 0.0537109 0.710449
0 0.596094 0.354248 0.0453125 0.074707 0.708984
0 0.785937 0.106934 0.0296875 0.0415039 0.631836
0 0.667969 0.480469 0.104687 0.0791016 0.613281
0 0.618359 0.360352 0.0335938 0.0581055 0.453369
0 0.595703 0.895508 0.135937 0.117188 0.40918
0 0.680078 0.485352 0.11875 0.104492 0.352295
0 0.739844 0.476074 0.0179687 0.0273438 0.345947
0 0.621484 0.355713 0.0210938 0.0424805 0.321777
0 0.122852 0.914795 0.101953 0.13916 0.26123
0 0.591797 0.889893 0.104687 0.097168 0.226807
0 0.602734 0.36084 0.0664062 0.0820312 0.20813
0 0.621875 0.354492 0.015625 0.0288086 0.196167
0 0.701563 0.487793 0.0859375 0.0927734 0.135742
0 0.516016 0.188232 0.0414063 0.0571289 0.130737
0 0.179297 0.90625 0.0242187 0.0478516 0.129395
0 0.669922 0.912109 0.04375 0.105469 0.125977
0 0.666406 0.481445 0.065625 0.0810547 0.115967
0 0.604688 0.364258 0.0351562 0.0585938 0.102295
0 0.180664 0.902832 0.0160156 0.0400391 0.0963745
0 0.137305 0.899658 0.0945313 0.124512 0.0903931
0 0.748438 0.0635986 0.040625 0.0446777 0.0797729
0 0.563672 0.895752 0.0976562 0.0952148 0.078064
0 0.605469 0.904053 0.0984375 0.105957 0.0747681
0 0.140332 0.94873 0.0849609 0.102539 0.0747681
0 0.137305 0.789551 0.0113281 0.0253906 0.0745239
0 0.686328 0.482422 0.0890625 0.0859375 0.0718384
0 0.589453 0.363037 0.04375 0.0805664 0.0692749
0 0.975781 0.0942383 0.0375 0.0539551 0.0675659
0 0.588672 0.203857 0.0257812 0.0410156 0.0668335
0 0.599219 0.345215 0.05625 0.0585938 0.0656128
0 0.605078 0.900879 0.0640625 0.0722656 0.0630493
0 0.525 0.17926 0.0351562 0.0335693 0.0605164
0 0.523438 0.180542 0.04375 0.0432129 0.0598755
0 0.676562 0.481934 0.0625 0.0634766 0.0564575
0 0.130273 0.901367 0.0589844 0.0761719 0.0560303
0 0.596484 0.343262 0.040625 0.0449219 0.0545959
0 0.133252 0.935059 0.108496 0.129883 0.0522461
0 0.703125 0.489746 0.0507812 0.0615234 0.0505066
0 0.735156 0.480957 0.0226563 0.0273438 0.0499573
0 0.590625 0.888672 0.0640625 0.0673828 0.0470886
0 0.736914 0.0657959 0.0386719 0.0371094 0.0451965
0 0.692969 0.48877 0.0546875 0.0673828 0.0445251
0 0.711719 0.489746 0.0671875 0.0742188 0.0445251
0 0.139062 0.892578 0.0773437 0.0976562 0.0423889
0 0.665625 0.915771 0.05 0.0766602 0.0419312
0 0.737109 0.54834 0.0117188 0.0146484 0.0417786
0 0.749805 0.0656738 0.0300781 0.0390625 0.041626
0 0.501562 0.182068 0.0445312 0.0518799 0.0401001
0 0.118262 0.916504 0.0642578 0.0849609 0.0397949
0 0.593359 0.37207 0.0554687 0.0683594 0.0389099
0 0.967969 0.081543 0.0453125 0.0305176 0.0381775
0 0.729883 0.487305 0.0511719 0.0654297 0.0372009
0 0.714453 0.490723 0.0351562 0.0478516 0.0370483
0 0.112842 0.938477 0.0907227 0.121094 0.0367737
0 0.503125 0.175781 0.0617188 0.0654297 0.036499
0 0.735352 0.480957 0.0339844 0.0449219 0.0363464
0 0.739844 0.480957 0.021875 0.0371094 0.035553
0 0.146631 0.37085 0.00869141 0.0117188 0.0334778
0 0.637891 0.333008 0.0078125 0.0126953 0.0325928
0 0.952344 0.902832 0.0078125 0.0107422 0.0324707
0 0.792188 0.0960693 0.0171875 0.0166016 0.0323486
0 0.344824 0.405518 0.0142578 0.0161133 0.0318604
0 0.730469 0.487305 0.0265625 0.0449219 0.0298767
0 0.742578 0.473145 0.0101562 0.0146484 0.0297546
0 0.504687 0.17218 0.04375 0.0355225 0.0293121
0 0.739844 0.481445 0.0171875 0.0273438 0.0285492
0 0.178906 0.903809 0.0265625 0.0693359 0.0281067
0 0.589453 0.206055 0.0328125 0.0727539 0.0271759
0 0.666406 0.924316 0.0382813 0.0595703 0.0267639
0 0.654297 0.848633 0.0078125 0.0107422 0.0262604
0 0.132178 0.890137 0.0481445 0.046875 0.0257568
0 0.586328 0.201111 0.01875 0.0328369 0.0250854
0 0.583594 0.897461 0.0625 0.0693359 0.0248871
0 0.658984 0.916016 0.028125 0.0419922 0.0245209
0 0.140039 0.953857 0.053125 0.0688477 0.0244293
0 0.597266 0.213867 0.0203125 0.0385742 0.024231
0 0.516016 0.176758 0.0601562 0.050293 0.0236969
0 0.534766 0.178467 0.0132813 0.0195312 0.0235138
0 0.312109 0.19873 0.0121094 0.0117188 0.0229797
0 0.108105 0.932129 0.0654297 0.0810547 0.0227966
0 0.141602 0.88916 0.0480469 0.0595703 0.0207214
0 0.150195 0.940186 0.0839844 0.109863 0.0207214
0 0.528516 0.173462 0.021875 0.0163574 0.0200195
0 0.594922 0.374756 0.0289063 0.0405273 0.0198669
0 0.138477 0.79248 0.0152344 0.0332031 0.0197906
0 0.572656 0.886719 0.05625 0.0751953 0.0195618
0 0.672656 0.867676 0.0179687 0.0253906 0.0194244
0 0.142725 0.868652 0.0512695 0.03125 0.0190582
0 0.798437 0.989258 0.0078125 0.0136719 0.0187988
0 0.101367 0.380371 0.0119141 0.0166016 0.0179138
0 0.142969 0.865234 0.0316406 0.0175781 0.0165253
0 0.798437 0.988281 0.009375 0.0175781 0.0165253
0 0.12002 0.943115 0.053125 0.0649414 0.016098
0 0.136328 0.790527 0.0181641 0.0400391 0.0154877
0 0.606641 0.391357 0.0140625 0.019043 0.0154266
0 0.165088 0.895996 0.059668 0.0791016 0.0154266
0 0.166553 0.895508 0.0360352 0.0507812 0.0147324
0 0.130273 0.946289 0.0613281 0.0742188 0.0142288
0 0.658594 0.47168 0.0765625 0.0556641 0.0139542
0 0.516797 0.174316 0.0414063 0.0253906 0.0132751
0 0.561719 0.897949 0.0523437 0.0615234 0.0132217
0 0.653906 0.479004 0.0625 0.0820312 0.0130692
0 0.597656 0.212402 0.0304688 0.059082 0.012291
0 0.588281 0.368164 0.0335938 0.0571289 0.0121918
0 0.00917969 0.283691 0.00966797 0.0161133 0.012146
0 0.616797 0.372559 0.0328125 0.0693359 0.0117798
0 0.144434 0.372559 0.0138672 0.0131836 0.0115051
0 0.660937 0.925293 0.0304688 0.0400391 0.0113754
0 0.12002 0.890625 0.0857422 0.0693359 0.0112915
0 0.615625 0.344727 0.015625 0.0219727 0.0111618
0 0.113379 0.905762 0.0876953 0.0927734 0.0108566
0 0.622656 0.89624 0.0789063 0.121582 0.0107803
0 0.581641 0.87793 0.1 0.0761719 0.0107346
0 0.609766 0.890869 0.0804688 0.10498 0.0104065
0 0.672266 0.884766 0.0429688 0.115234 0.0103683
0 0.126807 0.927734 0.062793 0.0859375 0.0102463
0 0.122852 0.955322 0.0449219 0.0620117 0.0102463
0 0.743164 0.0512695 0.0355469 0.0198975 0.01017
0 0.975391 0.0829163 0.0492188 0.046814 0.01017
0 0.971875 0.0823975 0.05625 0.0627441 0.0101318
0 0.734766 0.548828 0.01875 0.0205078 0.00993347
0 0.677344 0.867676 0.0234375 0.0419922 0.00974274
0 0.34248 0.405762 0.0220703 0.0205078 0.00948334
0 0.673047 0.867676 0.025 0.0537109 0.00941467
0 0.652344 0.987305 0.0101562 0.0117188 0.00937653
0 0.724609 0.0697937 0.0109375 0.0183716 0.00905609
0 0.870313 0.467773 0.0109375 0.0136719 0.00905609
0 0.69375 0.500977 0.0351562 0.0439453 0.00905609
0 0.594531 0.907227 0.0601562 0.0664062 0.00905609
0 0.151221 0.941406 0.0499023 0.0722656 0.00894928
0 0.840625 0.975586 0.0109375 0.0175781 0.00878143
0 0.589063 0.354492 0.0375 0.0595703 0.00874329
0 0.153711 0.802246 0.009375 0.015625 0.00844574
0 0.120703 0.887207 0.0394531 0.0341797 0.00841522
0 0.796875 0.103027 0.0171875 0.0256348 0.00818634
0 0.55 0.895508 0.0671875 0.0878906 0.00815582
0 0.562109 0.88623 0.0476562 0.0585938 0.00806427
0 0.109277 0.942627 0.0482422 0.0639648 0.00793457
0 0.667188 0.469238 0.0539063 0.0371094 0.00787354
0 0.984375 0.0860596 0.03125 0.03125 0.0078125
0 0.119824 0.986328 0.0142578 0.0273438 0.00775528
0 0.60625 0.389648 0.0171875 0.027832 0.00775528
0 0.792969 0.097168 0.021875 0.0290527 0.00772476
0 0.139453 0.79834 0.0136719 0.0273438 0.00751877
0 0.635547 0.943359 0.0164062 0.0253906 0.00751877
0 0.555078 0.328613 0.0125 0.0141602 0.00746155
0 0.638281 0.943359 0.0140625 0.0292969 0.00743103
0 0.149561 0.910645 0.0797852 0.12207 0.00734711
0 0.143555 0.861816 0.0210938 0.0136719 0.00731659
0 0.673437 0.856445 0.009375 0.0136719 0.00720596
0 0.118848 0.981445 0.0201172 0.0371094 0.00717545
0 0.676953 0.868164 0.03125 0.0644531 0.00714874
0 0.978906 0.0812988 0.0359375 0.0234375 0.0068779
0 0.163477 0.926758 0.025 0.0371094 0.00674438
0 0.671094 0.884277 0.0335938 0.0585938 0.00669098
0 0.618359 0.375 0.0203125 0.0400391 0.00664139
0 0.149316 0.897461 0.0498047 0.0625 0.00664139
0 0.754687 0.0490723 0.01875 0.0153809 0.00653839
0 0.314063 0.400391 0.00820312 0.012207 0.00653839
0 0.659766 0.467773 0.0515625 0.0449219 0.0064888
0 0.95625 0.0782471 0.028125 0.0197754 0.00634003
0 0.526953 0.174683 0.0289063 0.0290527 0.00634003
0 0.526953 0.18988 0.0226563 0.0362549 0.00624084
0 0.680078 0.554688 0.0101562 0.0126953 0.00619125
0 0.676562 0.47168 0.0796875 0.0615234 0.00605011
0 0.980078 0.0884094 0.0398437 0.0529175 0.00591278
0 0.852344 0.930664 0.0078125 0.0126953 0.00579834
0 0.332422 0.882324 0.00859375 0.0126953 0.00577545
0 0.163672 0.973633 0.0117188 0.0214844 0.00577545
0 0.954687 0.904297 0.0125 0.0117188 0.00570679
0 0.608594 0.37793 0.0164062 0.0385742 0.00564194
0 0.122559 0.973633 0.0230469 0.0351562 0.00564194
0 0.500391 0.189697 0.0296875 0.0439453 0.0055542
0 0.248828 0.640625 0.0109375 0.0117188 0.0055542
0 0.166211 0.884766 0.0265625 0.0361328 0.0055542
0 0.704687 0.500488 0.0289063 0.0478516 0.00553513
0 0.963281 0.0953369 0.0296875 0.0407715 0.00551224
0 0.518359 0.202637 0.0171875 0.0273438 0.00551224
0 0.741797 0.985352 0.0132813 0.0136719 0.00551224
0 0.343555 0.405762 0.0238281 0.0288086 0.00551224
0 0.624219 0.890137 0.0609375 0.100586 0.00547028
0 0.184375 0.910645 0.015625 0.0302734 0.00542831
0 0.285352 0.229248 0.0113281 0.0161133 0.00538635
0 0.581641 0.874023 0.0460938 0.0400391 0.00538635
0 0.725391 0.0689697 0.0195312 0.0307617 0.00530243
0 0.771094 0.949219 0.015625 0.0253906 0.00521851
0 0.598047 0.224609 0.0132813 0.0297852 0.00519943
0 0.247266 0.642578 0.009375 0.0107422 0.00519943
0 0.640625 0.953125 0.00859375 0.0195312 0.00518036
0 0.701953 0.980469 0.0117188 0.0175781 0.00508118
0 0.111816 0.901367 0.0501953 0.0546875 0.0050621
0 0.942969 0.943604 0.0234375 0.0268555 0.0050621
0 0.603906 0.374268 0.05625 0.074707 0.00503922
0 0.694922 0.987305 0.0148437 0.015625 0.00502014
0 0.9875 0.55127 0.009375 0.015625 0.00498199
0 0.959375 0.0805664 0.046875 0.0507812 0.00494385
0 0.0327148 0.48291 0.0129883 0.0126953 0.00492477
0 0.673437 0.855469 0.0132813 0.0195312 0.00488663
0 0.517187 0.199707 0.0328125 0.0371094 0.00486755
0 0.86875 0.469238 0.0125 0.015625 0.00481033
0 0.676953 0.927246 0.0164062 0.0380859 0.00475693
0 0.635156 0.941406 0.0195312 0.0546875 0.00475693
0 0.596094 0.991211 0.0117188 0.0117188 0.00473785
0 0.679688 0.951172 0.0109375 0.0117188 0.00471878
0 0.573828 0.907715 0.0398437 0.0507812 0.00469971
0 0.797656 0.115479 0.0140625 0.0214844 0.00466537
0 0.120117 0.964355 0.0552734 0.0712891 0.00460815
0 0.628125 0.50293 0.00859375 0.0244141 0.00457382
0 0.617969 0.985352 0.0171875 0.0195312 0.00457382
0 0.0299805 0.483887 0.0167969 0.0175781 0.00453949
0 0.661328 0.937012 0.0117188 0.0244141 0.00453949
0 0.60625 0.389648 0.0320312 0.03125 0.00450516
0 0.496094 0.171387 0.0359375 0.0273438 0.00446701
0 0.74375 0.473145 0.0140625 0.0263672 0.00443268
0 0.678516 0.467773 0.0421875 0.0302734 0.00439835
0 0.609375 0.963867 0.015625 0.0273438 0.00436401
0 0.591406 0.873535 0.0445312 0.0332031 0.00432968
0 0.791406 0.095459 0.028125 0.0349121 0.00432968
0 0.172656 0.909668 0.0246094 0.0429688 0.0042305
0 0.118848 0.97998 0.0341797 0.0400391 0.00421524
0 0.371484 0.102417 0.0117188 0.0180664 0.00419998
0 0.585156 0.906738 0.05 0.0585938 0.00419998
0 0.151953 0.951172 0.0617188 0.0976562 0.00416565
0 0.999219 0.0404053 0.0015625 0.0808105 0.00413513
0 0.146289 0.371826 0.0152344 0.0200195 0.00413513
0 0.525 0.189392 0.059375 0.0621338 0.00402451
0 0.136719 0.798828 0.0103516 0.0224609 0.00397491
0 0.164258 0.93042 0.0386719 0.0786133 0.00395966
0 0.700781 0.987305 0.0132813 0.0214844 0.0039444
0 0.982031 0.10791 0.0140625 0.020752 0.00391388
0 0.548828 0.897949 0.0367187 0.0429688 0.00391388
0 0.668359 0.497559 0.0921875 0.0898438 0.00391388
0 0.618359 0.977539 0.0140625 0.0234375 0.00388527
0 0.719531 0.516113 0.00859375 0.0166016 0.00382423
0 0.718359 0.501953 0.015625 0.0292969 0.00379562
0 0.535156 0.180359 0.0195312 0.026001 0.00379562
0 0.599219 0.214355 0.0429688 0.0644531 0.0037365
0 0.742578 0.982422 0.0117188 0.0136719 0.00370789
0 0.694141 0.514648 0.0140625 0.0214844 0.00366402
0 0.613281 0.888184 0.053125 0.0595703 0.00365067
0 0.625 0.887695 0.0453125 0.0625 0.00365067
0 0.18418 0.900879 0.0121094 0.0253906 0.00363541
0 0.320312 0.373047 0.0140625 0.0126953 0.00359344
0 0.191797 0.869141 0.00976562 0.0136719 0.00359344
0 0.675 0.899414 0.046875 0.0703125 0.00353813
0 0.17085 0.907715 0.0485352 0.0849609 0.00351143
0 0.663672 0.549805 0.0101562 0.0126953 0.00348282
0 0.796875 0.988281 0.0125 0.0234375 0.00345612
0 0.609766 0.972656 0.01875 0.0234375 0.00344276
0 0.154492 0.953369 0.0285156 0.0541992 0.00341606
0 0.158789 0.969727 0.0152344 0.0195312 0.00341606
0 0.951563 0.943359 0.01875 0.03125 0.00340271
0 0.517578 0.200195 0.0476562 0.0458984 0.00340271
0 0.132812 0.97168 0.0257812 0.0429688 0.00336266
0 0.632031 0.552246 0.0101562 0.015625 0.00332451
0 0.66875 0.937012 0.0179687 0.0380859 0.00327301
0 0.2625 0.461426 0.00976562 0.0126953 0.00325966
0 0.615625 0.34668 0.0382813 0.0444336 0.00324821
0 0.64375 0.0739746 0.0140625 0.0168457 0.00319672
0 0.747461 0.35083 0.0160156 0.0170898 0.00319672
0 0.191211 0.753418 0.0113281 0.0126953 0.00319672
0 0.568359 0.924316 0.0109375 0.0234375 0.00317192
0 0.656641 0.542969 0.015625 0.0244141 0.00311089
0 0.640234 0.334717 0.0140625 0.0229492 0.00307465
0 0.102344 0.919434 0.0689453 0.125977 0.00307465
0 0.775781 0.101929 0.0109375 0.0166016 0.0030632
0 0.739453 0.546387 0.0101562 0.0146484 0.00302696
0 0.151514 0.887695 0.0438477 0.0537109 0.00298119
0 0.942187 0.941406 0.0359375 0.0546875 0.0029583
0 0.571094 0.872559 0.0414063 0.0371094 0.00291252
0 0.295898 0.199707 0.0136719 0.0141602 0.00287819
0 0.9125 0.605957 0.009375 0.0126953 0.00284576
0 0.110254 0.954834 0.0201172 0.0493164 0.00284576
0 0.770312 0.956055 0.01875 0.0234375 0.00284576
0 0.132178 0.957764 0.077832 0.0844727 0.00281143
0 0.613672 0.390625 0.0101562 0.0175781 0.00279999
0 0.170898 0.680664 0.01875 0.0195312 0.00277901
0 0.382812 0.086792 0.0117188 0.0200195 0.00275803
0 0.684766 0.501465 0.0445312 0.0527344 0.00275803
0 0.715625 0.499023 0.046875 0.0673828 0.00275803
0 0.585547 0.375 0.021875 0.0371094 0.00271416
0 0.676562 0.910889 0.0359375 0.0551758 0.00271416
0 0.552734 0.329834 0.0210938 0.027832 0.00268364
0 0.675391 0.926758 0.0390625 0.078125 0.00261116
0 0.0923828 0.273926 0.0511719 0.0341797 0.00259018
0 0.9875 0.584961 0.0078125 0.0136719 0.00259018
0 0.617578 0.430664 0.00625 0.0136719 0.00258064
0 0.970312 0.181091 0.0140625 0.0152588 0.00256157
0 0.676562 0.629395 0.021875 0.015625 0.00255013
0 0.0942383 0.77002 0.0138672 0.0146484 0.00253105
0 0.776563 0.958008 0.0140625 0.0234375 0.00253105
0 0.875781 0.426025 0.0125 0.012207 0.00251198
0 0.953906 0.90332 0.0140625 0.0224609 0.00250244
0 0.948438 0.0970459 0.0078125 0.0222168 0.0024929
0 0.598047 0.22168 0.0242187 0.0522461 0.00245285
0 0.307617 0.19873 0.0160156 0.0141602 0.00244331
