0 0.323047 0.691406 0.0402344 0.0371094 0.786621
0 0.842969 0.484375 0.0203125 0.0371094 0.760742
0 0.816406 0.336914 0.0234375 0.0322266 0.750488
0 0.819531 0.500977 0.0203125 0.0292969 0.675781
0 0.814844 0.691895 0.015625 0.0234375 0.653809
0 0.193164 0.287598 0.0121094 0.0288086 0.601074
0 0.230664 0.440918 0.028125 0.0380859 0.586914
0 0.832031 0.697754 0.0078125 0.015625 0.44751
0 0.939062 0.660645 0.009375 0.0146484 0.44165
0 0.233203 0.437866 0.021875 0.0275879 0.396973
0 0.9125 0.533203 0.009375 0.015625 0.279785
0 0.530859 0.0136108 0.009375 0.0135498 0.224731
0 0.218164 0.448853 0.0132813 0.026123 0.219971
0 0.586719 0.00680542 0.0078125 0.0136108 0.217285
0 0.219727 0.447754 0.0195312 0.0322266 0.175537
0 0.894531 0.570312 0.0078125 0.0302734 0.169922
0 0.83125 0.696777 0.0140625 0.0224609 0.140869
0 0.821875 0.503906 0.0171875 0.0263672 0.139893
0 0.839844 0.480469 0.021875 0.03125 0.113953
0 0.9375 0.661621 0.0171875 0.0195312 0.113586
0 0.325977 0.688965 0.0371094 0.0273438 0.0974121
0 0.89375 0.570801 0.0140625 0.0371094 0.0963745
0 0.894531 0.558594 0.0078125 0.0273438 0.0881958
0 0.978906 0.726074 0.009375 0.015625 0.0863037
0 0.530469 0.0142212 0.0101562 0.0205078 0.0778198
0 0.911719 0.534668 0.0140625 0.0205078 0.0758667
0 0.821094 0.337646 0.01875 0.0273438 0.069519
0 0.815625 0.332764 0.03125 0.0341797 0.062561
0 0.585547 0.00820923 0.0132813 0.0164185 0.0609741
0 0.830469 0.495117 0.015625 0.0263672 0.0522461
0 0.810938 0.688965 0.0109375 0.0166016 0.0512695
0 0.193555 0.284912 0.0207031 0.0302734 0.0484924
0 0.530469 0.0142822 0.0164062 0.0200195 0.0481262
0 0.892969 0.571777 0.01875 0.0439453 0.0386047
0 0.89375 0.577148 0.009375 0.0224609 0.0377502
0 0.814844 0.690918 0.0296875 0.0263672 0.0335999
0 0.189648 0.289307 0.0191406 0.0371094 0.0311432
0 0.830469 0.494141 0.0328125 0.0351562 0.0310211
0 0.835156 0.696289 0.0109375 0.0146484 0.0285492
0 0.846094 0.490723 0.0171875 0.0283203 0.0282135
0 0.830469 0.700195 0.0109375 0.0136719 0.0272675
0 0.89375 0.561035 0.015625 0.0380859 0.0264587
0 0.811719 0.689453 0.0203125 0.0234375 0.0234222
0 0.19707 0.289307 0.0144531 0.0180664 0.0220337
0 0.89375 0.576172 0.0109375 0.0302734 0.021698
0 0.910937 0.533691 0.009375 0.0126953 0.0186157
0 0.822656 0.502441 0.028125 0.0361328 0.0184784
0 0.191406 0.292969 0.015625 0.0249023 0.0182648
0 0.193359 0.291748 0.0199219 0.0327148 0.0168457
0 0.810938 0.328613 0.0125 0.015625 0.0154877
0 0.832031 0.494629 0.0453125 0.0488281 0.0151901
0 0.405469 0.740723 0.00859375 0.0146484 0.0135345
0 0.979688 0.728027 0.015625 0.0224609 0.0132751
0 0.316406 0.693848 0.0316406 0.0380859 0.0115509
0 0.840625 0.474121 0.015625 0.0175781 0.011116
0 0.321484 0.699707 0.0386719 0.0458984 0.0109863
0 0.914844 0.531738 0.0140625 0.0234375 0.00933838
0 0.830469 0.699219 0.0203125 0.0185547 0.00891876
0 0.9875 0.747559 0.009375 0.0185547 0.00854492
0 0.821094 0.338379 0.0296875 0.0380859 0.0077858
0 0.335156 0.684082 0.0113281 0.0136719 0.00695801
0 0.31543 0.693359 0.0230469 0.03125 0.0068512
0 0.229102 0.449219 0.0378906 0.0400391 0.00674438
0 0.198047 0.288818 0.0191406 0.0336914 0.00671768
0 0.814062 0.495117 0.0109375 0.0195312 0.00669098
0 0.229297 0.451172 0.021875 0.03125 0.00538635
0 0.836719 0.696289 0.015625 0.0283203 0.00524139
0 0.321484 0.702637 0.0242187 0.0400391 0.00503922
0 0.814844 0.502441 0.0140625 0.0214844 0.00479126
0 0.214648 0.447754 0.00820312 0.0185547 0.00471878
0 0.33125 0.635254 0.0105469 0.0126953 0.00457382
0 0.941406 0.657715 0.015625 0.0234375 0.00452042
0 0.814062 0.50293 0.021875 0.0341797 0.00450516
0 0.909375 0.533691 0.0203125 0.0263672 0.00426483
0 0.846875 0.490723 0.0296875 0.0429688 0.00403976
0 0.913281 0.531738 0.0265625 0.0283203 0.00379562
0 0.9875 0.754883 0.0078125 0.0214844 0.00372124
0 0.3125 0.68457 0.0144531 0.015625 0.00370789
0 0.841406 0.474121 0.0234375 0.0332031 0.00356483
0 0.886719 0.57373 0.0203125 0.0234375 0.00340271
0 0.898438 0.571777 0.0109375 0.0224609 0.00336266
0 0.847656 0.482422 0.015625 0.0195312 0.00322342
0 0.985156 0.740723 0.0125 0.0273438 0.00322342
0 0.884375 0.573242 0.0375 0.046875 0.00322342
0 0.811719 0.328369 0.040625 0.0405273 0.00317192
0 0.583594 0.00616455 0.0117188 0.0123291 0.00316048
0 0.84375 0.498047 0.015625 0.0273438 0.00273705
0 0.40625 0.740723 0.0132813 0.0224609 0.00273705
0 0.198633 0.289062 0.0308594 0.0385742 0.00261116
0 0.212891 0.447876 0.0164062 0.0358887 0.00234985
0 0.842969 0.496094 0.0265625 0.0380859 0.00227928
0 0.8375 0.696777 0.0296875 0.0332031 0.00215721
0 0.939844 0.656738 0.0328125 0.0302734 0.00209045
0 0.998438 0.0442505 0.003125 0.088501 0.00205803
0 0.814062 0.343506 0.0140625 0.0249023 0.00195694
0 0.885156 0.560059 0.01875 0.0185547 0.00191879
0 0.842969 0.496094 0.0375 0.046875 0.00189686
0 0.985937 0.75293 0.0109375 0.0224609 0.00188923
0 0.840625 0.472656 0.0390625 0.0488281 0.00188923
0 0.935938 0.657715 0.009375 0.0126953 0.00186729
0 0.8125 0.342773 0.0234375 0.0366211 0.00174141
0 1 0.985352 0 0.0175781 0.00173378
0 0.314453 0.6875 0.0339844 0.0332031 0.0017271
0 0.404687 0.740234 0.0242187 0.0253906 0.0017271
0 0.834375 0.47168 0.0109375 0.0107422 0.00172043
0 0.813281 0.49707 0.0328125 0.0410156 0.00170708
0 0.591016 0.00531006 0.0117188 0.0106201 0.00169373
0 0.982813 0.740723 0.0265625 0.046875 0.00165462
0 0.999609 0.954834 0.00078125 0.090332 0.0016489
0 0.832812 0.690918 0.009375 0.015625 0.00161076
0 0.542578 0.00939941 0.0125 0.013916 0.00157356
0 0.989062 0.747559 0.0171875 0.0361328 0.00156116
0 0.296094 0.353027 0.00976562 0.0141602 0.00154877
0 0.214062 0.455566 0.009375 0.0185547 0.0014782
0 0.98125 0.741699 0.0375 0.0546875 0.00141048
0 0.657812 0.893066 0.0867188 0.0429688 0.00138855
0 0.822656 0.486816 0.0109375 0.0146484 0.00138283
0 0.81875 0.701172 0.015625 0.0195312 0.00137234
0 0.973437 0.725586 0.0171875 0.0146484 0.0012598
0 0.825 0.347168 0.0109375 0.0175781 0.00125504
0 0.817969 0.69873 0.0234375 0.0332031 0.00122547
0 0.652734 0.891846 0.0484375 0.177246 0.00118828
0 0.542578 0.0195312 0.0125 0.0112305 0.00117874
0 0.224609 0.43811 0.0113281 0.0134277 0.00117874
0 0.211523 0.447754 0.0285156 0.0390625 0.00116062
0 1 0.976562 0 0.0449219 0.0011425
0 1 0.0389404 0 0.0510254 0.00110722
0 0.00358887 0.057373 0.00717773 0.114746 0.00110722
0 0.899219 0.569824 0.01875 0.046875 0.00109863
0 0.329297 0.703125 0.0195312 0.0283203 0.00109482
0 0.311523 0.706055 0.0078125 0.0185547 0.00106907
0 0.903906 0.557129 0.0109375 0.015625 0.00106049
0 0.953906 0.856934 0.0140625 0.0126953 0.00105667
0 0.883594 0.562012 0.0390625 0.0419922 0.00105667
0 0.314844 0.686035 0.0441406 0.0458984 0.00104427
0 0.336523 0.693359 0.0191406 0.0253906 0.00103664
