0 0.970312 0.100586 0.05625 0.0522461 0.921875
0 0.0378906 0.246826 0.0646484 0.0585938 0.868164
0 0.121387 0.327148 0.0439453 0.0615234 0.823242
0 0.360254 0.25 0.0748047 0.0664062 0.668945
0 0.921875 0.924072 0.10625 0.0874023 0.529297
0 0.365527 0.255371 0.0548828 0.0644531 0.217285
0 0.936719 0.920898 0.084375 0.0761719 0.191284
0 0.909375 0.92041 0.0796875 0.0712891 0.107056
0 0.0364258 0.253662 0.0521484 0.0512695 0.101929
0 0.128613 0.307617 0.0275391 0.0209961 0.0930176
0 0.122363 0.315918 0.0480469 0.0507812 0.092041
0 0.929688 0.919434 0.0578125 0.0595703 0.0792236
0 0.919531 0.928223 0.0640625 0.0771484 0.0755615
0 0.126953 0.30957 0.0337891 0.0332031 0.0670776
0 0.121094 0.312988 0.0332031 0.0332031 0.0585632
0 0.383984 0.988281 0.0117188 0.00976562 0.0562439
0 0.978906 0.902344 0.009375 0.0126953 0.0483093
0 0.919531 0.937256 0.117188 0.123535 0.0465393
0 0.165625 0.917969 0.009375 0.00878906 0.0448608
0 0.15625 0.607422 0.00820312 0.0136719 0.0397949
0 0.371094 0.256104 0.0796875 0.0708008 0.0397949
0 0.948438 0.923828 0.084375 0.0917969 0.0397949
0 0.362891 0.980469 0.009375 0.0195312 0.0375977
0 0.138965 0.814453 0.0123047 0.0117188 0.035675
0 0.397656 0.243408 0.0164062 0.0234375 0.0344849
0 0.942187 0.925781 0.05 0.0566406 0.0333252
0 0.394531 0.541504 0.0234375 0.0185547 0.0321045
0 0.121582 0.539551 0.0115234 0.0126953 0.0311432
0 0.977344 0.10791 0.0390625 0.0532227 0.0304413
0 0.892969 0.984375 0.0140625 0.015625 0.0303345
0 0.901563 0.928223 0.0640625 0.112305 0.0297546
0 0.272852 0.630371 0.009375 0.0126953 0.0276947
0 0.145605 0.910156 0.0142578 0.0175781 0.0266571
0 0.530078 0.031311 0.0125 0.0172119 0.0258636
0 0.433594 0.540039 0.0125 0.0117188 0.0240479
0 0.0426514 0.236572 0.0490723 0.034668 0.0229797
0 0.474609 0.784668 0.0078125 0.0107422 0.0222015
0 0.474219 0.783691 0.0109375 0.0107422 0.0222015
0 0.439063 0.844727 0.009375 0.0146484 0.0220337
0 0.226172 0.663574 0.009375 0.0136719 0.0216217
0 0.277148 0.905762 0.00859375 0.0117188 0.0198669
0 0.114063 0.321777 0.0345703 0.0327148 0.0196381
0 0.132715 0.810059 0.0117188 0.00976562 0.0193481
0 0.39375 0.541992 0.0382813 0.0351562 0.0190582
0 0.0334961 0.238037 0.0601562 0.0527344 0.0188293
0 0.0275391 0.254883 0.0529297 0.0678711 0.0176392
0 0.863281 0.980469 0.0078125 0.0117188 0.0170441
0 0.365234 0.982422 0.0117188 0.015625 0.0166626
0 0.00756836 0.903809 0.0101562 0.0107422 0.0161591
0 0.4375 0.843262 0.00859375 0.0136719 0.0149536
0 0.960938 0.924316 0.046875 0.0673828 0.0147324
0 0.894531 0.980469 0.009375 0.0195312 0.0146179
0 0.0330811 0.234863 0.0387207 0.0283203 0.0145035
0 0.337305 0.626953 0.00976562 0.0126953 0.014389
0 0.977344 0.0942383 0.0421875 0.0368652 0.014061
0 0.921094 0.940674 0.05 0.065918 0.0134277
0 0.220898 0.630859 0.009375 0.0107422 0.0133286
0 0.704687 0.985352 0.0179687 0.015625 0.0130692
0 0.463281 0.805664 0.009375 0.0107422 0.0130234
0 0.89375 0.982422 0.0171875 0.0234375 0.0125732
0 0.858594 0.977539 0.015625 0.0136719 0.0120087
0 0.9625 0.0952148 0.0546875 0.0559082 0.0119171
0 0.373926 0.257812 0.0498047 0.0493164 0.0118713
0 0.133398 0.812988 0.0179687 0.015625 0.011467
0 0.932031 0.958008 0.021875 0.0292969 0.011467
0 0.145117 0.909668 0.021875 0.03125 0.0109863
0 0.351074 0.245605 0.0525391 0.0517578 0.0108185
0 0.367969 0.265137 0.0421875 0.0419922 0.0106506
0 0.145801 0.536621 0.0130859 0.0117188 0.0106506
0 0.899219 0.91626 0.0484375 0.0522461 0.0102463
0 0.393359 0.24292 0.0226563 0.0214844 0.00952148
0 0.0081543 0.75 0.0144531 0.015625 0.00898743
0 0.155469 0.608398 0.0128906 0.0234375 0.00888062
0 0.245117 0.845703 0.0113281 0.0126953 0.00881195
0 0.207422 0.883789 0.0144531 0.0136719 0.00871277
0 0.919531 0.978516 0.0171875 0.0214844 0.00847626
0 0.353516 0.238525 0.065625 0.0488281 0.00837708
0 0.00900879 0.905762 0.0180176 0.0166016 0.00812531
0 0.900781 0.907715 0.065625 0.0556641 0.00806427
0 0.383594 0.989258 0.0171875 0.0175781 0.00800323
0 0.374316 0.24585 0.0529297 0.0385742 0.00793457
0 0.975 0.908691 0.0140625 0.0263672 0.00757599
0 0.910156 0.941162 0.05 0.0668945 0.00757599
0 0.940625 0.90918 0.075 0.0517578 0.00757599
0 0.464453 0.916992 0.0117188 0.0126953 0.00746155
0 0.120605 0.540039 0.0193359 0.0214844 0.00737381
0 0.524609 0.964844 0.0109375 0.0117188 0.00734711
0 0.489453 0.62207 0.0203125 0.0136719 0.00717545
0 0.00834961 0.748047 0.0100586 0.015625 0.00695801
0 0.9625 0.92334 0.0296875 0.0439453 0.00695801
0 0.546094 0.560059 0.0125 0.0107422 0.0068512
0 0.151172 0.932861 0.0140625 0.0151367 0.00674438
0 0.960938 0.0928955 0.0375 0.0266113 0.00671768
0 0.118555 0.341309 0.0171875 0.0273438 0.00669098
0 0.814062 0.615234 0.009375 0.0126953 0.00669098
0 0.119727 0.339111 0.0244141 0.0361328 0.00664139
0 0.780469 0.851562 0.0140625 0.0126953 0.00653839
0 0.138086 0.334961 0.0115234 0.0244141 0.00643921
0 0.902344 0.904297 0.040625 0.0341797 0.00621796
0 0.976562 0.778809 0.0140625 0.0136719 0.00619125
0 0.132715 0.8125 0.0246094 0.0214844 0.00609589
0 0.930469 0.956055 0.0578125 0.0566406 0.00588989
0 0.320117 0.802246 0.0132813 0.0117188 0.00564194
0 0.432813 0.541504 0.0210938 0.0205078 0.00564194
0 0.33418 0.625977 0.0148437 0.0146484 0.00551224
0 0.835156 0.847656 0.0109375 0.0136719 0.00551224
0 0.942187 0.904297 0.0375 0.0273438 0.00548935
0 0.155469 0.536133 0.0164062 0.0126953 0.00547028
0 0.483984 0.620605 0.01875 0.0146484 0.00547028
0 0.29668 0.706055 0.00976562 0.0107422 0.00547028
0 0.904688 0.119995 0.0125 0.0107422 0.00542831
0 0.13418 0.303955 0.0220703 0.019043 0.00540543
0 0.973437 0.694824 0.009375 0.0126953 0.00538635
0 0.330078 0.705078 0.0121094 0.0136719 0.00538635
0 0.121289 0.339355 0.0355469 0.0429688 0.00530243
0 0.989062 0.112915 0.01875 0.0280762 0.00521851
0 0.0261719 0.258545 0.0335938 0.0395508 0.00521851
0 0.173242 0.634766 0.00898437 0.0107422 0.00516129
0 0.0325684 0.261719 0.0536133 0.0488281 0.0051384
0 0.390625 0.243652 0.0398437 0.0385742 0.00510025
0 0.899219 0.928711 0.0546875 0.0800781 0.00486755
0 0.979688 0.903809 0.0109375 0.0214844 0.00475693
0 0.983594 0.104614 0.03125 0.0449219 0.00469971
0 0.354688 0.236328 0.040625 0.027832 0.00466537
0 0.364844 0.982422 0.0171875 0.0234375 0.0046463
0 0.398047 0.24292 0.021875 0.0273438 0.0046463
0 0.955469 0.970703 0.00625 0.0136719 0.00462723
0 0.048584 0.236328 0.0602539 0.0668945 0.00457382
0 0.108594 0.313721 0.0140625 0.0112305 0.00453949
0 0.476562 0.0629883 0.0132813 0.0124512 0.00450516
0 0.14707 0.906738 0.0144531 0.0205078 0.00450516
0 0.0106445 0.905762 0.0212891 0.0224609 0.00443268
0 0.932031 0.905762 0.0328125 0.0214844 0.00439835
0 0.450391 0.992188 0.0078125 0.0117188 0.00439835
0 0.032959 0.26416 0.0240234 0.0341797 0.00429916
0 0.391406 0.250732 0.0210938 0.0273438 0.00428009
0 0.351562 0.254395 0.0453125 0.0527344 0.00426483
0 0.598437 0.991211 0.0132813 0.015625 0.00419998
0 0.704687 0.982422 0.0234375 0.0234375 0.00419998
0 0.383203 0.54248 0.0671875 0.0625 0.00407028
0 0.979688 0.104004 0.040625 0.0700684 0.00407028
0 0.854688 0.980469 0.034375 0.0253906 0.00400543
0 0.963281 0.105957 0.0421875 0.0498047 0.00399017
0 0.271875 0.629883 0.0164062 0.0195312 0.00397491
0 0.138379 0.814941 0.0167969 0.0195312 0.00397491
0 0.91875 0.950928 0.0984375 0.0981445 0.00397491
0 0.0928711 0.539551 0.0164062 0.0136719 0.00395966
0 0.846875 0.975586 0.015625 0.0136719 0.0039444
0 0.0313477 0.767578 0.01875 0.0175781 0.00385475
0 0.16543 0.919434 0.015625 0.0126953 0.00376511
0 0.945312 0.939209 0.03125 0.0493164 0.00376511
0 0.91875 0.984375 0.021875 0.0175781 0.00376511
0 0.009375 0.749512 0.01875 0.0263672 0.00374985
0 0.376563 0.266846 0.0265625 0.0297852 0.00370789
0 0.0860352 0.536133 0.0146484 0.0126953 0.00370789
0 0.529297 0.0318604 0.0195312 0.0305176 0.00369263
0 0.673047 0.411377 0.009375 0.0112305 0.00367928
0 0.78125 0.976562 0.01875 0.0175781 0.00366402
0 0.704687 0.980469 0.0164062 0.015625 0.00365067
0 0.0106445 0.265381 0.00820312 0.0195312 0.00362206
0 0.436328 0.540527 0.0132813 0.0117188 0.00359344
0 0.889063 0.931641 0.0515625 0.103516 0.00359344
0 0.854688 0.983398 0.0265625 0.0175781 0.00352478
0 0.669141 0.689453 0.01875 0.0166016 0.00349617
0 0.306641 0.539062 0.0242187 0.0185547 0.00346947
0 0.910937 0.974609 0.0171875 0.0273438 0.00346947
0 0.507031 0.449707 0.0164062 0.0175781 0.00345612
0 0.481641 0.625488 0.0265625 0.0224609 0.00345612
0 0.383984 0.541016 0.0328125 0.0292969 0.00342941
0 0.894531 0.978516 0.0234375 0.0390625 0.00342941
0 0.269922 0.674805 0.0128906 0.0136719 0.00340271
0 0.545703 0.564453 0.0125 0.0136719 0.00337601
0 0.48125 0.624512 0.0390625 0.0371094 0.00324821
0 0.889063 0.606445 0.0125 0.0107422 0.00322342
0 0.662109 0.378662 0.00859375 0.0107422 0.00321007
0 0.93125 0.94043 0.0453125 0.0585938 0.00321007
0 0.948438 0.958008 0.009375 0.0214844 0.00318527
0 0.859375 0.48584 0.0109375 0.00878906 0.00317192
0 0.357812 0.523926 0.0179687 0.0166016 0.00317192
0 0.472656 0.784668 0.0164062 0.0195312 0.00316048
0 0.550781 0.581543 0.0101562 0.0117188 0.00314713
0 0.917969 0.973633 0.04375 0.0488281 0.00309944
0 0.9875 0.412109 0.0109375 0.0175781 0.003088
0 0.352734 0.0118408 0.0164062 0.0155029 0.00305176
0 0.0513428 0.252197 0.0293457 0.0375977 0.00305176
0 0.568359 0.409424 0.0164062 0.0131836 0.00302696
0 0.0583984 0.833008 0.00878906 0.00878906 0.00302696
0 0.205469 0.888672 0.0234375 0.0205078 0.00302696
0 0.1375 0.321777 0.0214844 0.0302734 0.00298119
0 0.0262695 0.24707 0.0395508 0.0341797 0.0029583
0 0.0132324 0.259521 0.00673828 0.0244141 0.0029583
0 0.9 0.988281 0.0078125 0.015625 0.00294685
0 0.0340332 0.337158 0.0118164 0.019043 0.00293541
0 0.88125 0.970703 0.00625 0.0175781 0.00286674
0 0.366309 0.239746 0.0626953 0.0454102 0.00286674
0 0.9875 0.110962 0.0234375 0.0371094 0.0028553
0 0.394141 0.547852 0.0507812 0.0488281 0.00283432
0 0.345898 0.0109863 0.0167969 0.0145264 0.00282288
0 0.131836 0.300781 0.0279297 0.0185547 0.00275803
0 0.394141 0.548828 0.0242187 0.0234375 0.00275803
0 0.976562 0.78125 0.021875 0.0205078 0.00275803
0 0.166602 0.918945 0.0140625 0.0185547 0.00271416
0 0.9625 0.60498 0.0140625 0.00878906 0.00269318
0 0.175586 0.634277 0.0128906 0.0126953 0.00269318
0 0.050293 0.232178 0.0375 0.0283203 0.0026722
0 0.458984 0.84668 0.009375 0.00878906 0.00265312
0 0.407031 0.706055 0.0171875 0.0117188 0.00263214
0 0.13833 0.814941 0.0249023 0.0175781 0.00261116
0 0.366406 0.237305 0.0359375 0.0209961 0.00259018
0 0.0952148 0.554688 0.0511719 0.0595703 0.00257111
0 0.694531 0.976562 0.0148437 0.0117188 0.00253105
0 0.145947 0.926758 0.0151367 0.0214844 0.00250244
0 0.325977 0.263916 0.0214844 0.0273438 0.00245285
0 0.444531 0.782715 0.0109375 0.00976562 0.00245285
0 0.154297 0.605957 0.0175781 0.0273438 0.00245285
0 0.226562 0.973633 0.0121094 0.00976562 0.0024147
0 0.148682 0.911133 0.0147461 0.0175781 0.00239754
0 0.878906 0.956055 0.0109375 0.0351562 0.00239754
0 0.529297 0.0317383 0.0195312 0.0186768 0.00234985
0 0.921094 0.958984 0.034375 0.046875 0.00233269
0 0.503516 0.406738 0.0359375 0.0214844 0.00231361
0 0.0964844 0.553711 0.0283203 0.0371094 0.00229645
0 0.431641 0.799805 0.0101562 0.00878906 0.00228691
0 0.325195 0.900879 0.0113281 0.0117188 0.00228691
0 0.363281 0.979492 0.0265625 0.0351562 0.00228691
0 0.642187 0.57959 0.0117188 0.0146484 0.00226974
0 0.969531 0.861816 0.0140625 0.0126953 0.00226974
0 0.1375 0.333496 0.0179687 0.0415039 0.00226974
0 0.882031 0.943604 0.0234375 0.0834961 0.00226974
0 0.93125 0.143921 0.015625 0.0183105 0.00226021
0 0.393359 0.236328 0.0179687 0.0141602 0.00223351
0 0.358984 0.957031 0.0148437 0.0234375 0.00223351
0 0.391016 0.250732 0.0515625 0.0517578 0.00223351
0 0.401953 0.541992 0.0242187 0.0195312 0.00221634
0 0.334375 0.62207 0.0128906 0.0185547 0.00221634
0 0.978906 0.901855 0.0171875 0.0234375 0.00221634
0 0.838281 0.817871 0.00625 0.0175781 0.00220871
0 0.155664 0.944092 0.0222656 0.0258789 0.00219154
0 0.876562 0.958008 0.00625 0.0234375 0.00218201
0 0.960938 0.108643 0.0234375 0.0371094 0.00217438
0 0.75625 0.647461 0.0125 0.00976562 0.00209045
0 0.333203 0.625977 0.0222656 0.0253906 0.00209045
0 0.149219 0.902832 0.0101562 0.0185547 0.00206757
0 0.105078 0.559082 0.0238281 0.0292969 0.0020504
0 0.360547 0.985352 0.0101562 0.0117188 0.0020504
0 0.882031 0.945312 0.0125 0.0507812 0.00203514
0 0.946875 0.848633 0.0125 0.0107422 0.00202751
0 0.877344 0.946289 0.0078125 0.0292969 0.00201035
0 0.246094 0.843262 0.0105469 0.0117188 0.00200272
0 0.363281 0.977539 0.0078125 0.0195312 0.00198746
0 0.779688 0.984375 0.0203125 0.0195312 0.0019722
0 0.504297 0.406006 0.0375 0.0522461 0.00195694
0 0.0792969 0.00927734 0.0103516 0.0125732 0.00194931
0 0.853125 0.829102 0.0125 0.00976562 0.00194931
0 0.272461 0.566895 0.0125 0.0185547 0.00194168
0 0.909375 0.972168 0.0546875 0.0556641 0.00194168
0 0.894531 0.978516 0.0375 0.0429688 0.00194168
0 0.945312 0.96875 0.0078125 0.0136719 0.00193405
0 0.279102 0.589355 0.0171875 0.0205078 0.00192642
0 0.788281 0.946289 0.009375 0.00976562 0.00191879
0 0.8625 0.983398 0.0140625 0.0117188 0.00189686
0 0.145801 0.539062 0.0212891 0.0234375 0.00189686
0 0.982813 0.958984 0.025 0.03125 0.00188923
0 0.919531 0.981445 0.03125 0.0292969 0.00186062
0 0.055957 0.427124 0.0453125 0.0354004 0.00184631
0 0.207031 0.886719 0.0265625 0.0292969 0.00182438
0 0.570703 0.473145 0.0117188 0.0107422 0.00179577
0 0.605078 0.912109 0.0195312 0.0205078 0.00176811
0 0.910937 0.960693 0.0328125 0.0473633 0.00176144
0 0.30625 0.538574 0.0363281 0.0537109 0.00174141
0 0.951563 0.936768 0.0546875 0.0893555 0.00174141
0 0.0198242 0.264648 0.0174805 0.03125 0.0017271
0 0.627734 0.572266 0.0125 0.00976562 0.00171375
0 0.669141 0.686035 0.0164062 0.0166016 0.00171375
0 0.949219 0.904297 0.06875 0.0410156 0.0017004
0 0.732031 0.57959 0.0125 0.0146484 0.00168705
0 0.772656 0.974609 0.0140625 0.0117188 0.00168133
0 0.176172 0.725098 0.0132813 0.0126953 0.0016613
0 0.355859 0.945312 0.0117188 0.0117188 0.0016613
0 0.278125 0.702148 0.0121094 0.0146484 0.0016489
0 0.981641 0.109619 0.0367187 0.0463867 0.0016489
0 0.680469 0.0280762 0.0140625 0.0206299 0.00162888
0 0.878906 0.952881 0.015625 0.0532227 0.00162315
0 0.27793 0.907715 0.0121094 0.0234375 0.00161648
0 0.517969 0.796387 0.0171875 0.0126953 0.00161076
0 0.226758 0.628906 0.009375 0.00976562 0.0015974
0 0.16543 0.916992 0.0195312 0.0185547 0.0015974
0 0.0211914 0.262939 0.0333984 0.0415039 0.00158501
0 0.402344 0.548828 0.0226563 0.0205078 0.00157928
0 0.0559814 0.265137 0.0126465 0.0151367 0.00157356
0 0.847656 0.791504 0.009375 0.00878906 0.00155449
0 0.6 0.990723 0.01875 0.0185547 0.00154877
0 0.535547 0.476562 0.0101562 0.0126953 0.00153637
0 0.390234 0.570312 0.0140625 0.0175781 0.0015192
0 0.754102 0.814941 0.0230469 0.0175781 0.00151253
0 0.10332 0.561035 0.0498047 0.0585938 0.00150108
0 0.860937 0.484863 0.0109375 0.0107422 0.00148964
0 0.883594 0.943359 0.0328125 0.0917969 0.00148964
0 0.767187 0.850098 0.0109375 0.0107422 0.0014782
0 0.0142578 0.259766 0.0166992 0.043457 0.0014782
