0 0.749414 0.118042 0.0558594 0.0524902 0.896484
0 0.858594 0.0935059 0.053125 0.0539551 0.879883
0 0.102734 0.324463 0.0851562 0.0693359 0.804199
0 0.251758 0.992676 0.0125 0.0146484 0.348633
0 0.107129 0.330322 0.0552734 0.0620117 0.136108
0 0.251172 0.990234 0.0136719 0.0175781 0.0963745
0 0.508984 0.0184937 0.0117188 0.0145264 0.0907593
0 0.0125977 0.805176 0.00820312 0.0175781 0.0710449
0 0.277344 0.0620117 0.0125 0.0170898 0.0637207
0 0.21875 0.992188 0.00898437 0.0136719 0.0607605
0 0.745313 0.110962 0.046875 0.0383301 0.0566406
0 0.672656 0.993164 0.0078125 0.0136719 0.0492249
0 0.907031 0.524414 0.015625 0.0126953 0.0479431
0 0.0946289 0.316162 0.0765625 0.0620117 0.0462036
0 0.251563 0.990723 0.0191406 0.0185547 0.0453491
0 0.673828 0.992188 0.00703125 0.0136719 0.0448608
0 0.116113 0.54834 0.0185547 0.0136719 0.0374756
0 0.152148 0.531738 0.0183594 0.0185547 0.0330811
0 0.0103516 0.805664 0.00996094 0.0195312 0.0330811
0 0.681641 0.964844 0.009375 0.00976562 0.0318604
0 0.910937 0.523926 0.0140625 0.0136719 0.0298767
0 0.0129883 0.806641 0.0108398 0.0244141 0.0289764
0 0.758594 0.12085 0.0515625 0.0654297 0.0280151
0 0.104102 0.313721 0.0539063 0.0454102 0.0246124
0 0.430859 0.705078 0.0148437 0.0107422 0.0239563
0 0.982813 0.960938 0.0109375 0.015625 0.0237732
0 0.136621 0.970703 0.0128906 0.00976562 0.0233307
0 0.707422 0.723145 0.0140625 0.0117188 0.0232391
0 0.436328 0.741699 0.0078125 0.0117188 0.0232391
0 0.508984 0.0188599 0.0148437 0.0197754 0.0224609
0 0.383203 0.786133 0.0109375 0.0117188 0.0212097
0 0.116113 0.546875 0.0242187 0.0283203 0.0212097
0 0.883594 0.940186 0.009375 0.00830078 0.0208893
0 0.758594 0.12085 0.0421875 0.0505371 0.0202484
0 0.508594 0.0183716 0.01875 0.0269775 0.0196381
0 0.320898 0.692383 0.0121094 0.0117188 0.0192719
0 0.664844 0.571289 0.0140625 0.00976562 0.0184784
0 0.983594 0.763672 0.015625 0.0126953 0.0184021
0 0.985937 0.762207 0.0140625 0.0136719 0.0178528
0 0.25625 0.775879 0.0265625 0.0205078 0.0174408
0 0.979688 0.76416 0.0265625 0.0146484 0.0167847
0 0.761914 0.126221 0.0324219 0.0437012 0.0165863
0 0.857813 0.084198 0.0578125 0.0498657 0.0165253
0 0.98125 0.763184 0.028125 0.0224609 0.0162201
0 0.152588 0.53125 0.0213867 0.0371094 0.0157166
0 0.764844 0.127808 0.021875 0.034668 0.0153046
0 0.116309 0.54834 0.0351562 0.0302734 0.0152512
0 0.90625 0.525391 0.028125 0.0205078 0.0150146
0 0.0120117 0.86377 0.0109375 0.015625 0.0139542
0 0.253516 0.780273 0.040625 0.0390625 0.0137939
0 0.133594 0.969727 0.0134766 0.00976562 0.0135345
0 0.682813 0.967773 0.0132813 0.015625 0.0123367
0 0.15083 0.817383 0.0108398 0.0126953 0.011467
0 0.153125 0.533203 0.0351562 0.0351562 0.0112915
0 0.0128906 0.372803 0.0144531 0.0136719 0.0102081
0 0.156055 0.983398 0.0125 0.0117188 0.01017
0 0.044873 0.904297 0.0112305 0.0136719 0.00971222
0 0.142578 0.71875 0.0160156 0.0175781 0.00941467
0 0.253516 0.781738 0.0324219 0.03125 0.00919342
0 0.855469 0.0820312 0.0421875 0.0231934 0.00912476
0 0.599219 0.910156 0.00625 0.0107422 0.0088501
0 0.917188 0.215576 0.0140625 0.012207 0.00871277
0 0.917969 0.218506 0.0203125 0.0161133 0.00867462
0 0.695312 0.972656 0.0117188 0.0136719 0.00857544
0 0.201172 0.863281 0.00898437 0.0136719 0.00844574
0 0.218555 0.989258 0.0148437 0.0214844 0.00818634
0 0.084082 0.792969 0.0119141 0.0146484 0.00800323
0 0.84375 0.662109 0.0125 0.00976562 0.00784302
0 0.672656 0.990234 0.0125 0.0195312 0.00734711
0 0.0178711 0.755371 0.0170898 0.0185547 0.00723267
0 0.228516 0.730469 0.0125 0.0126953 0.00706482
0 0.277148 0.0623779 0.0160156 0.0258789 0.0068512
0 0.365625 0.196777 0.0109375 0.0107422 0.00674438
0 0.671484 0.868652 0.009375 0.0126953 0.0064888
0 0.699609 0.975586 0.0140625 0.0136719 0.00643921
0 0.755469 0.978516 0.01875 0.0136719 0.00629044
0 0.13457 0.632324 0.0117188 0.0136719 0.00624084
0 0.194141 0.500488 0.0199219 0.0175781 0.00614548
0 0.246484 0.774902 0.0191406 0.0175781 0.00605011
0 0.194922 0.675781 0.0121094 0.0107422 0.00595856
0 0.0820312 0.795898 0.0164062 0.0136719 0.00595856
0 0.0432861 0.905762 0.0157715 0.0166016 0.00595856
0 0.68125 0.966797 0.0226563 0.0253906 0.00591278
0 0.905469 0.533203 0.015625 0.015625 0.005867
0 0.354199 0.78418 0.0150391 0.0166016 0.005867
0 0.2125 0.980469 0.00664063 0.015625 0.00577545
0 0.872656 0.101318 0.025 0.0344238 0.00570679
0 0.131445 0.601074 0.0115234 0.0146484 0.00568771
0 0.267773 0.500977 0.0121094 0.0126953 0.00559998
0 0.340918 0.957031 0.0181641 0.0292969 0.0055542
0 0.445312 0.00619507 0.0117188 0.0123901 0.00551224
0 0.476562 0.849121 0.0164062 0.0146484 0.00547028
0 0.121143 0.321289 0.0624023 0.074707 0.00542831
0 0.220117 0.097168 0.0140625 0.0134277 0.00530243
0 0.761719 0.976562 0.0125 0.0117188 0.00530243
0 0.0119629 0.369629 0.00986328 0.0126953 0.00526047
0 0.0925781 0.548828 0.0251953 0.0205078 0.00526047
0 0.108203 0.547363 0.0191406 0.0166016 0.00500107
0 0.453906 0.243652 0.0140625 0.00976562 0.00498199
0 0.821094 0.379639 0.009375 0.00976562 0.00479126
0 0.451953 0.494629 0.0101562 0.00976562 0.00471878
0 0.533984 0.698242 0.0132813 0.0117188 0.00471878
0 0.157617 0.979492 0.00859375 0.0117188 0.00471878
0 0.322266 0.709473 0.0105469 0.0166016 0.0046463
0 0.0881836 0.320312 0.0511719 0.0585938 0.00457382
0 0.740234 0.117798 0.0445312 0.0439453 0.00453949
0 0.448047 0.912598 0.009375 0.00976562 0.00453949
0 0.198828 0.751465 0.00976562 0.0117188 0.00446701
0 0.889844 0.94043 0.0125 0.0078125 0.00443268
0 0.530859 0.977539 0.021875 0.0195312 0.00443268
0 0.0917969 0.547852 0.0302734 0.0537109 0.00434875
0 0.808594 0.976562 0.0125 0.0136719 0.00429916
0 0.851562 0.0960693 0.0359375 0.0446777 0.00428009
0 0.613672 0.902832 0.0101562 0.00976562 0.00419998
0 0.245703 0.782227 0.0285156 0.0253906 0.00416565
0 0.469531 0.848145 0.01875 0.0205078 0.00416565
0 0.597266 0.911621 0.0078125 0.0107422 0.00416565
0 0.129102 0.547852 0.0146484 0.0146484 0.00413513
0 0.26543 0.808594 0.0148437 0.0234375 0.00411606
0 0.263477 0.927734 0.00976562 0.0146484 0.0041008
0 0.624219 0.73877 0.0101562 0.0107422 0.00407028
0 0.317187 0.856934 0.0160156 0.0214844 0.00407028
0 0.43125 0.704102 0.0203125 0.0175781 0.00403976
0 0.530078 0.984375 0.0257812 0.0214844 0.00397491
0 0.706641 0.722168 0.0195312 0.0214844 0.00378036
0 0.710547 0.16333 0.009375 0.0124512 0.00376511
0 0.0126465 0.865723 0.0143555 0.0224609 0.00370789
0 0.982031 0.961914 0.0203125 0.0292969 0.00370789
0 0.842969 0.078125 0.021875 0.0161133 0.00366402
0 0.901563 0.227783 0.0109375 0.00976562 0.00359344
0 0.145459 0.679199 0.0196289 0.0214844 0.00358009
0 0.148145 0.816895 0.0115234 0.0117188 0.00356483
0 0.917188 0.218506 0.03125 0.0268555 0.00355148
0 0.195508 0.751953 0.0125 0.0136719 0.00346947
0 0.251953 0.991699 0.0140625 0.0166016 0.00346947
0 0.487109 0.977539 0.0109375 0.0136719 0.00342941
0 0.203125 0.894531 0.0109375 0.0117188 0.00336266
0 0.871875 0.101807 0.0328125 0.0444336 0.00336266
0 0.320312 0.692383 0.021875 0.0244141 0.00329781
0 0.585938 0.932129 0.0117188 0.0126953 0.00327301
0 0.332227 0.957031 0.0246094 0.0292969 0.00324821
0 0.382812 0.788574 0.0203125 0.0224609 0.00321007
0 0.662891 0.568359 0.009375 0.00976562 0.00314713
0 0.182617 0.78418 0.0292969 0.0234375 0.00312424
0 0.295508 0.823242 0.0121094 0.00976562 0.00312424
0 0.146191 0.530762 0.0208984 0.0205078 0.00309944
0 0.278516 0.90918 0.0105469 0.0107422 0.00309944
0 0.104785 0.639648 0.0105469 0.0126953 0.003088
0 0.946094 0.625488 0.015625 0.0117188 0.00305176
0 0.901563 0.939209 0.009375 0.00830078 0.00302696
0 0.780469 0.984375 0.0140625 0.0117188 0.00302696
0 0.0645508 0.341309 0.00761719 0.0146484 0.00300407
0 0.116992 0.344727 0.0226563 0.0302734 0.00299263
0 0.317578 0.86084 0.0160156 0.0175781 0.00298119
0 0.978125 0.966797 0.0171875 0.0195312 0.00298119
0 0.666016 0.708984 0.009375 0.0107422 0.0029583
0 0.181641 0.783691 0.0410156 0.0292969 0.00291252
0 0.196484 0.502441 0.0355469 0.0361328 0.00291252
0 0.0897461 0.331543 0.059375 0.0791016 0.00288963
0 0.667578 0.37793 0.0125 0.0126953 0.00287819
0 0.121094 0.321289 0.0535156 0.0556641 0.00282288
0 0.676953 0.141846 0.0125 0.0109863 0.00279999
0 0.115234 0.34082 0.0449219 0.0400391 0.00279045
0 0.140283 0.718262 0.0264648 0.0224609 0.00277901
0 0.306641 0.977539 0.0144531 0.0214844 0.00273705
0 0.245898 0.774902 0.0449219 0.0449219 0.00273705
0 0.871875 0.0993652 0.053125 0.0576172 0.00273705
0 0.137012 0.97168 0.021875 0.0195312 0.00271416
0 0.803125 0.399414 0.0125 0.0117188 0.0026722
0 0.866406 0.104248 0.0328125 0.0395508 0.0026722
0 0.560938 0.786133 0.0125 0.0136719 0.00266266
0 0.865625 0.0803223 0.0265625 0.0175781 0.00265312
0 0.383594 0.693359 0.0148437 0.0117188 0.00265312
0 0.526563 0.731445 0.0125 0.0126953 0.00263214
0 0.182617 0.780762 0.0195312 0.0146484 0.00263214
0 0.0800781 0.898926 0.0111328 0.0175781 0.0026207
0 0.340234 0.957031 0.028125 0.0488281 0.00261116
0 0.277539 0.0622253 0.0214844 0.0203247 0.00261116
0 0.449609 0.00817871 0.0109375 0.0163574 0.00259018
0 0.682422 0.878906 0.009375 0.0107422 0.00257111
0 0.0819336 0.794922 0.0216797 0.0263672 0.00257111
0 0.669531 0.989746 0.0164062 0.0205078 0.00257111
0 0.0438232 0.683105 0.0127441 0.0126953 0.00251198
0 0.413281 0.699219 0.0125 0.00976562 0.00251198
0 0.0517578 0.94165 0.0125 0.019043 0.00245285
0 0.261328 0.772949 0.0195312 0.0166016 0.00244331
0 0.252344 0.992676 0.0273438 0.0146484 0.00244331
0 0.133398 0.969727 0.0216797 0.0175781 0.0024147
0 0.229297 0.733887 0.0199219 0.0166016 0.002388
0 0.626172 0.740234 0.0140625 0.0136719 0.002388
0 0.106934 0.546387 0.0347656 0.0400391 0.002388
0 0.168555 0.894531 0.0136719 0.0107422 0.00235939
0 0.349512 0.881836 0.00957031 0.0107422 0.00234222
0 0.0126465 0.753906 0.0149414 0.0185547 0.00233269
0 0.618359 0.90918 0.0140625 0.0146484 0.00231361
0 0.785937 0.207275 0.0109375 0.0131836 0.00226974
0 0.530859 0.981445 0.034375 0.0351562 0.00226974
0 0.810156 0.974609 0.0125 0.015625 0.00226021
0 0.625781 0.974609 0.0117188 0.00976562 0.00221634
0 0.114551 0.341553 0.059375 0.0571289 0.00221634
0 0.905469 0.532227 0.0265625 0.0273438 0.00216484
0 0.305664 0.834961 0.0175781 0.0214844 0.00214958
0 0.371484 0.493164 0.0101562 0.00976562 0.00209999
0 0.387891 0.693359 0.0140625 0.0126953 0.00209999
0 0.711328 0.927734 0.0132813 0.0136719 0.00209999
0 0.752344 0.983398 0.0203125 0.015625 0.00205803
0 0.331836 0.956787 0.0441406 0.0629883 0.00200272
0 0.803906 0.983398 0.0203125 0.0175781 0.0019722
0 0.340723 0.956055 0.0349609 0.0605469 0.0019722
0 0.0821289 0.982422 0.0162109 0.015625 0.00195694
0 0.0459473 0.944336 0.0180664 0.0273438 0.00194931
0 0.0570068 0.902832 0.0213379 0.0166016 0.00192642
0 0.724219 0.128784 0.0046875 0.0163574 0.00191879
0 0.394531 0.801758 0.0125 0.0146484 0.00191212
0 0.934375 0.879395 0.009375 0.0107422 0.00191212
0 0.145361 0.530762 0.0338867 0.0498047 0.00191212
0 0.0178223 0.753418 0.0237305 0.03125 0.00191212
0 0.530469 0.977539 0.0507812 0.0449219 0.00186062
0 0.152588 0.680176 0.022168 0.0263672 0.00185299
0 0.570312 0.788086 0.0296875 0.0224609 0.00185299
0 0.244141 0.924316 0.0195312 0.0234375 0.00185299
0 0.767187 0.581055 0.015625 0.0126953 0.00183868
0 0.896094 0.738281 0.0125 0.00976562 0.00183868
0 0.977344 0.966797 0.0234375 0.0390625 0.00183868
0 0.14082 0.717773 0.0285156 0.0380859 0.00182438
0 0.0765625 0.637695 0.0105469 0.0126953 0.0018177
0 0.629297 0.608887 0.0125 0.0117188 0.0018034
0 0.74668 0.977539 0.0160156 0.015625 0.00179577
0 0.469922 0.84668 0.034375 0.0361328 0.00179577
0 0.157178 0.984375 0.0168945 0.0234375 0.00179577
0 0.911719 0.523926 0.03125 0.0195312 0.00179577
0 0.0172852 0.902832 0.0136719 0.0224609 0.00177479
0 0.871875 0.0904541 0.0203125 0.0263672 0.00176144
0 0.673437 0.869141 0.0109375 0.0195312 0.00176144
0 0.53125 0.703125 0.0164062 0.0146484 0.00174809
0 0.0800781 0.984375 0.0203125 0.0175781 0.00174141
0 0.256445 0.949219 0.0167969 0.0195312 0.00172043
0 0.353027 0.783203 0.0236328 0.0273438 0.00171375
0 0.723047 0.957031 0.015625 0.0175781 0.00170708
0 0.0697266 0.333496 0.00742187 0.0341797 0.00169373
0 0.297852 0.831543 0.01875 0.0175781 0.00169373
0 0.00849609 0.659668 0.0118164 0.0166016 0.00168705
0 0.333398 0.944092 0.0203125 0.0180664 0.00167465
0 0.709766 0.927734 0.0117188 0.0107422 0.0016489
0 0.434375 0.741211 0.0171875 0.0195312 0.0016489
0 0.272266 0.0590515 0.0164062 0.0176392 0.00164223
0 0.303125 0.586426 0.0113281 0.0107422 0.00164223
0 0.0433838 0.904785 0.0269043 0.0253906 0.00163555
0 0.8125 0.825195 0.009375 0.0126953 0.00162888
0 0.210547 0.974609 0.0078125 0.0117188 0.00162888
0 0.326758 0.714844 0.0101562 0.0146484 0.00162315
0 0.132715 0.634277 0.0238281 0.0263672 0.00162315
0 0.752539 0.977539 0.0433594 0.0292969 0.00161648
0 0.0121582 0.8125 0.0112305 0.0185547 0.00161076
0 0.0150879 0.814941 0.0143555 0.0253906 0.00161076
0 0.180664 0.736816 0.0199219 0.0175781 0.00158501
0 0.248047 0.986328 0.009375 0.015625 0.00153065
0 0.128418 0.548828 0.0324219 0.0410156 0.0015192
0 0.846094 0.947266 0.0140625 0.015625 0.00150681
0 0.760938 0.107666 0.0171875 0.0175781 0.00149536
0 0.0698242 0.331055 0.0173828 0.0512695 0.00149536
0 0.978906 0.891602 0.0203125 0.0185547 0.00148964
0 0.255078 0.955078 0.0191406 0.0195312 0.00148964
0 0.012207 0.805664 0.0204102 0.0361328 0.00146675
0 0.845312 0.0808105 0.0390625 0.0402832 0.00145531
0 0.528125 0.859375 0.0210938 0.015625 0.00144958
0 0.134668 0.966797 0.0148437 0.0136719 0.00144958
0 0.820312 0.939453 0.0203125 0.015625 0.00144386
0 0.69375 0.972656 0.0273438 0.0253906 0.00143814
0 0.307813 0.620117 0.0136719 0.0126953 0.00142097
0 0.340039 0.949219 0.0179687 0.0214844 0.00142097
0 0.260938 0.803711 0.0152344 0.0292969 0.00141048
0 0.85 0.949219 0.0109375 0.0136719 0.00138855
0 0.145703 0.679199 0.0480469 0.0556641 0.00137806
0 0.0811523 0.791992 0.0314453 0.0341797 0.00137234
0 0.967188 0.974609 0.0171875 0.0195312 0.00136185
0 0.56875 0.78125 0.0171875 0.0136719 0.00135612
0 0.266016 0.809082 0.0265625 0.0507812 0.00134563
0 0.0102539 0.375244 0.0188477 0.0180664 0.00134087
0 0.729297 0.958008 0.0164062 0.0175781 0.00133038
0 0.483203 0.331543 0.0140625 0.0131836 0.00132465
0 0.13125 0.603516 0.0214844 0.0283203 0.00130939
0 0.646094 0.611328 0.0109375 0.00976562 0.00129986
0 0.940625 0.960938 0.0125 0.015625 0.0012846
0 0.107031 0.340332 0.0828125 0.0791016 0.0012846
0 0.828125 0.94043 0.01875 0.0195312 0.00127888
0 0.0367676 0.272461 0.00761719 0.0112305 0.00126457
0 0.693359 0.463867 0.0132813 0.0078125 0.00126457
0 0.826563 0.625977 0.009375 0.00976562 0.00126457
0 0.785156 0.975586 0.0109375 0.0117188 0.00126457
0 0.664844 0.571289 0.0226563 0.0185547 0.00126457
0 0.317187 0.857422 0.0371094 0.0517578 0.00126457
0 0.346191 0.710449 0.0130859 0.0136719 0.00125504
0 0.32168 0.688965 0.0164062 0.015625 0.00124454
0 0.226562 0.992188 0.0132813 0.0136719 0.00123501
0 0.158594 0.983398 0.0234375 0.0175781 0.00122547
0 0.055957 0.909668 0.0201172 0.0136719 0.00121117
0 0.876562 0.109131 0.0171875 0.0158691 0.0012064
0 0.0395508 0.870117 0.0123047 0.0107422 0.00119686
0 0.245508 0.914551 0.0171875 0.0175781 0.00119686
